0,0.074,0,1
0.009,0.074,0,1
0.017,0.111,0,0.929
0.026,0.111,0,0.964
0.034,0.074,0,0.964
0.043,0.074,0,0.964
0.051,0.111,0,0.964
0.06,0.111,0,0.964
0.068,0.074,0,0.964
0.077,0,0,1
0.085,0,0,1
0.094,0.037,0,1
0.102,0.111,0.038,0.929
0.111,0.111,0.038,0.929
0.119,0.111,0.038,0.929
0.128,0.111,0,0.964
0.136,0.074,0,0.964
0.145,0.037,0.038,1
0.153,-0.037,0.038,1
0.162,-0.111,0,1.036
0.17,-0.074,0,1
0.179,-0.074,0,1
0.187,0.037,0,0.964
0.196,0.037,0,1.036
0.204,0.037,0,1.036
0.213,0.185,0.038,0.964
0.221,0.185,0.038,0.964
0.23,0.185,0.038,0.964
0.238,0.222,0,0.929
0.247,0.185,0.038,0.964
0.255,0.111,0.077,1
0.264,0.222,0.077,0.964
0.272,0.222,0.077,0.964
0.281,0.185,0.077,0.929
0.289,0.148,0.115,1.036
0.298,0.148,0.115,1.036
0.306,0.111,0.115,1.143
0.315,0.111,0.115,1.143
0.323,0.111,0.115,1.143
0.332,0.111,0.115,1.143
0.34,0.074,0.231,1.5
0.349,0.037,0.192,1.357
0.357,0.111,0.308,1.821
0.366,0.148,0.308,1.857
0.374,0.148,0.308,1.857
0.383,0.111,0.269,1.821
0.391,0.111,0.231,1.786
0.4,0.111,0.231,1.714
0.409,0.074,0.192,1.643
0.417,0.037,0.154,1.5
0.426,0,0.154,1.357
0.434,0,0.077,1.286
0.443,0,0.077,1.286
0.451,0.037,0.077,1.214
0.46,0.037,0.038,1.143
0.468,0.037,0,1.107
0.477,0.037,-0.038,1.036
0.485,0.074,-0.077,1
0.494,0.074,-0.077,1
0.502,0.074,-0.115,1
0.511,0.037,-0.154,1
0.519,-0.037,-0.154,0.964
0.528,-0.074,-0.154,0.929
0.536,-0.111,-0.192,0.821
0.545,-0.111,-0.192,0.821
0.553,-0.111,-0.231,0.714
0.562,-0.111,-0.269,0.75
0.57,-0.074,-0.269,0.821
0.579,-0.074,-0.269,0.857
0.587,-0.074,-0.269,0.821
0.596,-0.111,-0.269,0.714
0.604,-0.111,-0.269,0.714
0.613,-0.148,-0.308,0.571
0.621,-0.185,-0.269,0.5
0.63,-0.185,-0.269,0.5
0.638,-0.148,-0.269,0.464
0.647,-0.111,-0.269,0.464
0.655,-0.111,-0.269,0.464
0.664,-0.111,-0.269,0.5
0.672,-0.111,-0.269,0.571
0.681,-0.074,-0.269,0.643
0.689,-0.111,-0.231,0.679
0.698,-0.185,-0.231,0.643
0.707,-0.185,-0.231,0.643
0.715,-0.296,-0.231,0.643
0.724,-0.444,-0.192,0.571
0.732,-0.481,-0.192,0.5
0.741,-0.444,-0.192,0.464
0.749,-0.333,-0.154,0.536
0.758,-0.148,-0.192,0.607
0.766,-0.148,-0.192,0.607
0.775,0.037,-0.192,0.714
0.783,0.074,-0.231,0.786
0.792,0,-0.231,0.714
0.8,0,-0.269,0.607
0.809,0,-0.269,0.607
0.817,0.037,-0.269,0.571
0.826,0.111,-0.269,0.607
0.834,0.111,-0.308,0.607
0.843,0.185,-0.308,0.536
0.851,0.296,-0.308,0.536
0.86,0.37,-0.346,0.607
0.868,0.37,-0.346,0.607
0.877,0.444,-0.308,0.679
0.885,0.556,-0.346,0.75
0.894,0.667,-0.308,0.821
0.902,0.778,-0.308,0.821
0.911,0.926,-0.269,0.821
0.919,0.926,-0.269,0.821
0.928,1.037,-0.269,0.893
0.936,1.074,-0.231,0.929
0.945,1.111,-0.154,0.964
0.953,1.148,-0.154,1
0.962,1.185,-0.077,1
0.97,1.148,-0.077,1.071
0.979,1.148,-0.077,1.071
0.988,1.111,-0.077,1.107
0.996,1.111,-0.038,1.071
1.005,1.074,-0.038,1.036
1.013,1,0,0.964
1.022,0.926,0.038,0.929
1.03,0.926,0.038,0.929
1.039,0.815,0.077,0.929
1.047,0.63,0.115,1
1.056,0.407,0.154,1.071
1.064,0.185,0.192,1.107
1.073,-0.111,0.231,1.071
1.081,-0.407,0.231,0.964
1.09,-0.407,0.231,0.964
1.098,-0.519,0.192,0.857
1.107,-0.556,0.154,0.821
1.115,-0.667,0.154,0.857
1.124,-0.741,0.115,0.857
1.132,-0.852,0.115,0.786
1.141,-0.852,0.115,0.786
1.149,-1.037,0.154,0.714
1.158,-1.333,0.077,0.821
1.166,-1.741,0.038,0.964
1.175,-2.185,0,1.036
1.183,-2.556,-0.077,1.179
1.192,-2.556,-0.077,1.179
1.2,-2.778,-0.115,1.25
1.209,-2.852,-0.115,1.357
1.217,-2.815,-0.115,1.393
1.226,-2.63,-0.115,1.321
1.234,-2.407,-0.077,1.143
1.243,-2.185,-0.038,0.893
1.251,-2.185,-0.038,0.893
1.26,-2.074,0,0.643
1.268,-1.889,0,0.5
1.277,-1.704,0,0.429
1.285,-1.481,0.038,0.429
1.294,-1.259,0.077,0.393
1.302,-1.074,0.115,0.357
1.311,-1.074,0.115,0.357
1.319,-0.852,0.154,0.357
1.328,-0.556,0.115,0.5
1.337,-0.333,0.115,0.643
1.345,-0.148,0.154,0.714
1.354,-0.148,0.154,0.714
1.362,0,0.154,0.643
1.371,0.185,0.231,0.571
1.379,0.259,0.308,0.571
1.388,0.37,0.385,0.536
1.396,0.519,0.462,0.571
1.405,0.704,0.5,0.607
1.413,0.704,0.5,0.607
1.422,0.963,0.5,0.821
1.43,1.148,0.5,1.143
1.439,1.333,0.5,1.321
1.447,1.333,0.5,1.321
1.456,1.444,0.423,1.429
1.464,1.481,0.385,1.429
1.473,1.444,0.346,1.321
1.481,1.37,0.269,1.214
1.49,1.259,0.154,1.071
1.498,1.259,0.077,1.036
1.507,1.259,0.077,1.036
1.515,1.259,-0.038,1.107
1.524,1.259,-0.115,1.143
1.532,1.259,-0.154,1.107
1.541,1.37,-0.192,1.071
1.549,1.37,-0.192,1.071
1.558,1.37,-0.192,1
1.566,1.333,-0.231,0.929
1.575,1.259,-0.154,0.786
1.583,1.185,-0.154,0.75
1.592,1.037,-0.154,0.786
1.6,1.037,-0.154,0.786
1.609,0.963,-0.115,0.821
1.617,0.889,-0.115,0.929
1.626,0.815,-0.154,1
1.634,0.815,-0.154,1
1.643,0.815,-0.154,1
1.651,0.815,-0.154,0.929
1.66,0.741,-0.115,0.786
1.668,0.63,-0.115,0.643
1.677,0.481,-0.077,0.536
1.685,0.37,-0.077,0.536
1.694,0.259,-0.038,0.571
1.702,0.259,-0.038,0.571
1.711,0.111,-0.038,0.536
1.719,0,0,0.571
1.728,0,0,0.571
1.737,-0.222,0,0.607
1.745,-0.444,0,0.607
1.754,-0.444,0,0.607
1.762,-0.519,0,0.679
1.771,-0.593,0.038,0.679
1.779,-0.704,0.077,0.643
1.788,-0.778,0.077,0.571
1.796,-0.852,0.077,0.607
1.805,-1.037,0.115,0.714
1.813,-1.037,0.115,0.714
1.822,-1.222,0.115,0.786
1.83,-1.407,0.115,0.893
1.839,-1.667,0.077,0.964
1.847,-1.926,0.038,1.036
1.856,-1.926,0.038,1.036
1.864,-2.148,-0.077,1.071
1.873,-2.259,-0.154,1.036
1.881,-2.37,-0.231,0.929
1.89,-2.444,-0.269,0.821
1.898,-2.481,-0.308,0.75
1.907,-2.407,-0.346,0.679
1.915,-2.259,-0.346,0.643
1.924,-2.259,-0.346,0.643
1.932,-2.074,-0.346,0.607
1.941,-1.889,-0.308,0.607
1.949,-1.704,-0.269,0.643
1.958,-1.519,-0.231,0.643
1.966,-1.333,-0.192,0.607
1.975,-1.333,-0.192,0.607
1.983,-1.222,-0.115,0.571
1.992,-1.111,-0.077,0.5
2,-0.926,-0.077,0.393
2.009,-0.741,-0.077,0.393
2.017,-0.593,-0.077,0.464
2.026,-0.593,-0.077,0.464
2.034,-0.407,-0.077,0.536
2.043,-0.222,-0.077,0.571
2.051,-0.148,-0.077,0.643
2.06,-0.037,-0.115,0.714
2.068,0.037,-0.115,0.786
2.077,0.037,-0.115,0.786
2.085,0.111,-0.115,0.857
2.094,0.185,-0.115,0.893
2.102,0.259,-0.115,0.821
2.111,0.37,-0.077,0.714
2.119,0.37,-0.077,0.714
2.128,0.481,0,0.679
2.136,0.481,0,0.679
2.145,0.593,0.038,0.75
2.153,0.741,0.077,0.929
2.162,0.815,0.077,1.036
2.17,0.815,0.077,1.036
2.179,0.852,0.077,1.107
2.187,0.889,0.115,1.179
2.196,0.963,0.115,1.25
2.205,1,0.077,1.286
2.213,1,0.077,1.286
2.222,1.074,0.077,1.25
2.23,1.148,0.038,1.179
2.239,1.148,-0.038,1.143
2.247,1.148,-0.077,1.107
2.256,1.148,-0.154,1.071
2.264,1.148,-0.154,1.071
2.273,1.074,-0.192,1.071
2.281,0.963,-0.231,1.036
2.29,0.926,-0.269,1
2.298,0.926,-0.269,1
2.307,0.889,-0.269,0.964
2.315,0.852,-0.269,0.929
2.324,0.778,-0.269,0.893
2.332,0.704,-0.231,0.857
2.341,0.667,-0.231,0.857
2.349,0.667,-0.231,0.857
2.358,0.593,-0.231,0.893
2.366,0.556,-0.231,0.857
2.375,0.519,-0.231,0.893
2.383,0.37,-0.231,0.857
2.392,0.185,-0.231,0.821
2.4,0.074,-0.192,0.786
2.409,0.074,-0.192,0.786
2.417,0.037,-0.192,0.786
2.426,0.037,-0.192,0.786
2.434,-0.037,-0.154,0.786
2.443,-0.111,-0.115,0.75
2.451,-0.148,-0.115,0.714
2.46,-0.148,-0.115,0.714
2.468,-0.222,-0.115,0.714
2.477,-0.296,-0.115,0.75
2.485,-0.37,-0.077,0.75
2.494,-0.519,-0.077,0.714
2.502,-0.63,-0.077,0.643
2.511,-0.778,-0.038,0.607
2.519,-0.926,0,0.607
2.528,-0.926,0,0.607
2.536,-1.074,0,0.607
2.545,-1.222,0,0.643
2.553,-1.296,0,0.643
2.562,-1.407,0,0.714
2.57,-1.519,0,0.786
2.579,-1.519,0,0.786
2.587,-1.63,-0.038,0.821
2.596,-1.704,-0.077,0.821
2.604,-1.741,-0.115,0.786
2.613,-1.815,-0.154,0.75
2.621,-1.815,-0.192,0.679
2.63,-1.815,-0.192,0.571
2.638,-1.815,-0.192,0.571
2.647,-1.741,-0.192,0.5
2.656,-1.667,-0.192,0.464
2.664,-1.556,-0.231,0.5
2.673,-1.481,-0.269,0.464
2.681,-1.481,-0.269,0.464
2.69,-1.37,-0.231,0.5
2.698,-1.259,-0.192,0.536
2.707,-1.185,-0.192,0.607
2.715,-1.111,-0.154,0.607
2.724,-1.037,-0.154,0.643
2.732,-0.963,-0.115,0.607
2.741,-0.963,-0.115,0.607
2.749,-0.889,-0.115,0.536
2.758,-0.852,-0.115,0.5
2.766,-0.778,-0.077,0.5
2.775,-0.667,-0.077,0.536
2.783,-0.667,-0.077,0.536
2.792,-0.556,-0.077,0.607
2.8,-0.481,-0.077,0.714
2.809,-0.444,-0.038,0.821
2.817,-0.37,-0.038,0.857
2.826,-0.333,-0.038,0.857
2.834,-0.333,-0.038,0.857
2.843,-0.296,-0.038,0.857
2.851,-0.259,-0.038,0.821
2.86,-0.185,-0.038,0.786
2.868,-0.074,-0.077,0.786
2.877,-0.074,-0.077,0.786
2.885,-0.037,-0.077,0.75
2.894,0.037,-0.077,0.786
2.902,0.185,-0.077,0.893
2.911,0.259,-0.077,0.964
2.919,0.296,-0.077,0.964
2.928,0.296,-0.077,0.964
2.936,0.37,-0.077,0.929
2.945,0.444,-0.077,0.857
2.953,0.519,-0.038,0.786
2.962,0.667,0,0.714
2.97,0.852,0,0.714
2.979,0.852,0,0.714
2.987,1,0,0.857
2.996,1.185,0.038,1
3.005,1.296,0,1.143
3.013,1.37,0,1.179
3.022,1.37,0,1.179
3.03,1.407,-0.038,1.107
3.039,1.407,-0.077,1.071
3.047,1.37,-0.154,1
3.056,1.333,-0.192,1
3.064,1.333,-0.192,1
3.073,1.259,-0.269,1
3.081,1.185,-0.308,0.964
3.09,1.111,-0.346,0.929
3.098,1.037,-0.346,0.893
3.107,0.963,-0.308,0.893
3.115,0.889,-0.269,0.893
3.124,0.889,-0.269,0.893
3.132,0.889,-0.269,0.929
3.141,0.852,-0.231,0.929
3.149,0.778,-0.192,0.929
3.158,0.741,-0.192,0.893
3.166,0.741,-0.192,0.893
3.175,0.63,-0.115,0.857
3.183,0.519,-0.115,0.857
3.192,0.37,-0.115,0.857
3.2,0.296,-0.077,0.857
3.209,0.222,-0.077,0.857
3.217,0.148,-0.038,0.893
3.226,0.148,-0.038,0.893
3.234,0.074,0,0.893
3.243,-0.037,0,0.893
3.251,-0.148,0,0.821
3.26,-0.222,0,0.821
3.268,-0.222,0,0.821
3.277,-0.296,0.038,0.821
3.285,-0.333,0.038,0.893
3.294,-0.407,0.077,0.929
3.302,-0.519,0.115,0.929
3.311,-0.704,0.154,0.964
3.319,-0.704,0.154,0.964
3.328,-0.852,0.192,0.964
3.336,-0.963,0.192,0.964
3.345,-1.074,0.154,1
3.353,-1.148,0.154,1.107
3.362,-1.259,0.154,1.179
3.371,-1.259,0.154,1.179
3.379,-1.333,0.115,1.143
3.388,-1.333,0.077,1.036
3.396,-1.296,0.038,0.929
3.405,-1.259,0,0.893
3.413,-1.222,-0.038,0.821
3.422,-1.222,-0.038,0.821
3.43,-1.148,-0.077,0.786
3.439,-1.111,-0.077,0.786
3.447,-1.074,-0.115,0.786
3.456,-1.037,-0.154,0.821
3.464,-1.037,-0.154,0.821
3.473,-1.037,-0.154,0.821
3.481,-1.037,-0.192,0.75
3.49,-1,-0.192,0.679
3.498,-0.926,-0.192,0.607
3.507,-0.889,-0.192,0.607
3.515,-0.889,-0.192,0.607
3.524,-0.815,-0.192,0.571
3.532,-0.741,-0.192,0.571
3.541,-0.63,-0.192,0.571
3.549,-0.63,-0.192,0.571
3.558,-0.556,-0.231,0.643
3.566,-0.556,-0.231,0.643
3.575,-0.556,-0.231,0.607
3.583,-0.593,-0.231,0.607
3.592,-0.593,-0.231,0.643
3.6,-0.63,-0.231,0.786
3.609,-0.63,-0.231,0.786
3.617,-0.593,-0.231,0.857
3.626,-0.593,-0.231,0.893
3.634,-0.519,-0.192,0.786
3.643,-0.407,-0.231,0.75
3.651,-0.444,-0.192,0.75
3.66,-0.519,-0.192,0.75
3.668,-0.519,-0.192,0.75
3.677,-0.481,-0.192,0.679
3.685,-0.407,-0.154,0.536
3.694,-0.222,-0.154,0.536
3.702,-0.111,-0.154,0.714
3.711,0.037,-0.115,0.893
3.719,0.037,-0.115,0.893
3.728,0.185,-0.154,1.071
3.736,0.259,-0.115,1.107
3.745,0.259,-0.077,1.071
3.754,0.259,-0.077,1.071
3.762,0.259,-0.038,1
3.771,0.259,-0.077,1.071
3.779,0.259,-0.077,1.071
3.788,0.222,-0.077,1.107
3.796,0.222,-0.077,1.107
3.805,0.222,-0.154,1.107
3.813,0.296,-0.192,1.107
3.822,0.296,-0.231,1.143
3.83,0.296,-0.231,1.179
3.839,0.296,-0.231,1.179
3.847,0.296,-0.269,1.107
3.856,0.296,-0.308,1
3.864,0.259,-0.308,0.857
3.873,0.259,-0.346,0.786
3.881,0.259,-0.385,0.786
3.89,0.259,-0.385,0.786
3.898,0.222,-0.385,0.821
3.907,0.222,-0.423,0.857
3.915,0.185,-0.423,0.929
3.924,0.111,-0.423,0.929
3.932,0.074,-0.423,0.929
3.941,0.074,-0.423,0.929
3.949,0.037,-0.423,0.893
3.958,0.037,-0.423,0.857
3.966,0,-0.423,0.857
3.975,0,-0.423,0.857
