0,0.111,0,0.964
0.009,0.074,0,0.964
0.017,0.037,0,1
0.026,0.037,0,1
0.034,0.148,0,0.929
0.043,0.074,0,0.964
0.051,-0.037,0.115,1.036
0.06,-0.037,0,1
0.068,-0.037,0,1
0.077,0,-0.077,1
0.085,0.148,-0.038,0.964
0.094,0.148,0,0.929
0.102,0.074,0.077,1
0.111,0.074,0.038,1
0.119,0.111,0,0.964
0.128,0,-0.038,0.964
0.136,0,-0.038,0.964
0.145,-0.111,0,1.036
0.153,-0.037,0,1
0.162,0,0,0.964
0.17,0.037,0.077,0.964
0.179,0.037,0.038,0.964
0.187,0.037,0.038,0.964
0.196,0.037,0.038,0.964
0.204,0.074,0.038,1.107
0.213,0.111,0.038,1.107
0.221,0.074,0.038,1.429
0.23,0.074,0.038,1.429
0.238,0,0.077,1.536
0.247,0,0.115,1.5
0.255,0.037,0.115,1.5
0.264,0.111,0.115,1.571
0.272,0.148,0.115,1.643
0.281,0.148,0.115,1.607
0.289,0.148,0.115,1.571
0.298,0.148,0.115,1.571
0.306,0.185,0.115,1.5
0.315,0.259,0.077,1.393
0.323,0.296,0.038,1.321
0.332,0.296,0.038,1.321
0.34,0.296,0.038,1.321
0.349,0.222,0.038,1.321
0.357,0.185,0,1.357
0.366,0.222,0,1.393
0.374,0.259,-0.077,1.321
0.383,0.296,-0.077,1.286
0.391,0.259,-0.077,1.25
0.4,0.259,-0.077,1.25
0.408,0.185,-0.115,1.179
0.417,0.185,-0.115,1.107
0.425,0.259,-0.115,1.036
0.434,0.185,-0.154,1
0.442,0.111,-0.192,0.964
0.451,0.111,-0.192,0.964
0.459,0.074,-0.192,1.143
0.468,0.185,-0.154,1.214
0.476,0.111,-0.192,1.107
0.485,0.037,-0.192,0.964
0.494,0.074,-0.192,0.857
0.502,0.074,-0.192,0.857
0.511,0.111,-0.231,0.679
0.519,0.037,-0.308,0.643
0.528,0,-0.346,0.5
0.536,0,-0.385,0.393
0.545,0,-0.423,0.429
0.553,0,-0.423,0.429
0.562,-0.037,-0.423,0.464
0.57,-0.074,-0.423,0.536
0.579,-0.111,-0.423,0.607
0.587,-0.259,-0.423,0.607
0.596,-0.259,-0.423,0.607
0.604,-0.556,-0.423,0.5
0.613,-0.556,-0.423,0.5
0.621,-0.593,-0.423,0.464
0.63,-0.63,-0.462,0.429
0.638,-0.667,-0.462,0.429
0.647,-0.741,-0.462,0.393
0.655,-0.741,-0.462,0.393
0.664,-0.741,-0.462,0.321
0.672,-0.667,-0.462,0.25
0.681,-0.593,-0.462,0.25
0.689,-0.593,-0.462,0.25
0.698,-0.556,-0.423,0.25
0.706,-0.556,-0.423,0.286
0.715,-0.444,-0.385,0.321
0.723,-0.148,-0.423,0.5
0.732,0.148,-0.423,0.75
0.74,0.148,-0.423,0.75
0.749,0.333,-0.423,0.786
0.757,0.481,-0.462,0.679
0.766,0.667,-0.538,0.536
0.774,0.926,-0.577,0.393
0.783,1.259,-0.615,0.214
0.791,1.556,-0.615,0.214
0.8,1.556,-0.615,0.214
0.808,1.778,-0.615,0.179
0.817,1.889,-0.538,0.179
0.825,2,-0.5,0.321
0.834,2.037,-0.423,0.429
0.842,1.926,-0.346,0.571
0.851,1.741,-0.269,0.607
0.859,1.741,-0.269,0.607
0.868,1.556,-0.192,0.643
0.876,1.407,-0.154,0.714
0.885,1.222,-0.115,0.786
0.893,1.074,-0.038,0.75
0.902,0.926,0.038,0.75
0.91,0.741,0.154,0.643
0.919,0.519,0.308,0.536
0.928,0.519,0.308,0.536
0.936,0.37,0.423,0.536
0.945,-0.185,0.5,0.5
0.953,-1.222,0.5,0.464
0.962,-2,0.385,0.536
0.97,-2.111,0.346,0.643
0.979,-2.111,0.346,0.643
0.987,-2.222,0.308,0.786
0.996,-2.63,0.346,0.821
1.004,-2.963,0.346,0.714
1.013,-3.222,0.308,0.679
1.021,-3.556,0.231,0.679
1.03,-3.852,0.115,0.5
1.038,-3.852,0.115,0.5
1.047,-4.037,0.038,0.286
1.055,-4.111,0.038,0.107
1.064,-3.963,0.038,-0.036
1.072,-3.741,0.077,-0.25
1.081,-3.259,0.154,-0.429
1.089,-3.259,0.154,-0.429
1.098,-2.778,0.269,-0.5
1.106,-2.259,0.385,-0.5
1.115,-1.852,0.5,-0.393
1.123,-1.259,0.692,-0.179
1.132,-0.593,0.731,0
1.14,-0.593,0.731,0
1.149,-0.185,0.731,0.143
1.157,0.259,0.731,-0.036
1.166,0.852,0.808,-0.143
1.174,1.556,0.769,0.25
1.183,2.185,0.692,0.679
1.191,2.185,0.692,0.679
1.2,2.963,0.538,0.821
1.208,3.593,0.346,0.679
1.217,4,0.192,0.607
1.225,4.148,0.115,0.75
1.234,4.037,0.077,0.857
1.242,4.037,0.077,0.857
1.251,3.852,0.038,0.786
1.259,3.407,0.077,0.679
1.268,2.926,0.077,0.571
1.276,2.407,0.038,0.429
1.285,1.889,0.077,0.286
1.293,1.889,0.077,0.286
1.302,1.481,0.231,0.25
1.31,1.074,0.308,0.25
1.319,0.667,0.462,0.25
1.327,0.37,0.577,0.357
1.336,0.37,0.577,0.357
1.344,-0.074,0.692,0.5
1.353,-1.333,0.731,0.429
1.361,-2.185,0.577,0.357
1.37,-2.185,0.577,0.357
1.378,-2.444,0.308,0.393
1.387,-2.963,0.154,0.393
1.395,-3.333,0.115,0.393
1.404,-3.407,0,0.536
1.413,-3.407,-0.115,0.571
1.421,-3.556,-0.192,0.393
1.43,-3.556,-0.192,0.393
1.438,-3.815,-0.269,0.143
1.447,-3.926,-0.269,-0.143
1.455,-3.852,-0.269,-0.321
1.464,-3.556,-0.192,-0.464
1.472,-3.185,-0.077,-0.5
1.481,-3.185,-0.077,-0.5
1.489,-2.852,0.038,-0.464
1.498,-2.407,0.231,-0.429
1.506,-1.741,0.423,-0.393
1.515,-0.741,0.654,-0.214
1.523,0.074,0.692,0.107
1.532,0.593,0.577,0.429
1.54,0.593,0.577,0.429
1.549,1.148,0.346,0.964
1.557,1.148,0.346,0.964
1.566,1.519,0.308,0.893
1.574,2.074,0.192,0.714
1.583,2.667,0.077,0.429
1.591,3.185,0,0.25
1.6,3.185,0,0.25
1.608,3.556,-0.154,0.536
1.617,3.556,-0.154,0.536
1.625,3.407,-0.154,0.75
1.634,3.222,-0.154,0.893
1.642,2.926,-0.115,0.857
1.651,2.444,-0.077,0.679
1.659,2.444,-0.077,0.679
1.668,2,0,0.464
1.676,1.667,0,0.286
1.685,1.481,0.077,0.25
1.693,1.333,0.154,0.321
1.702,1.111,0.308,0.357
1.71,1.111,0.308,0.357
1.719,0.852,0.5,0.393
1.727,0.148,0.692,0.5
1.736,-0.593,0.731,0.536
1.744,-1.037,0.692,0.464
1.753,-1.852,0.615,0.5
1.761,-1.852,0.615,0.5
1.77,-2.741,0.5,0.536
1.778,-3.074,0.385,0.464
1.787,-3.222,0.231,0.393
1.795,-3.519,0.077,0.321
1.804,-3.852,-0.077,0.286
1.813,-4.037,-0.192,0.214
1.821,-4.037,-0.192,0.214
1.83,-4.148,-0.231,0
1.838,-4,-0.231,-0.25
1.847,-3.815,-0.269,-0.536
1.855,-3.407,-0.231,-0.714
1.864,-2.889,-0.115,-0.75
1.872,-2.889,-0.115,-0.75
1.881,-2.259,0.038,-0.607
1.889,-1.704,0.231,-0.143
1.898,-1.148,0.269,0.25
1.906,-0.667,0.231,0.429
1.915,-0.444,0.192,0.357
1.923,-0.444,0.192,0.357
1.932,-0.37,0.115,0.071
1.94,-0.111,0.154,-0.179
1.949,0.37,0.192,-0.036
1.957,0.667,0.154,0.357
1.966,0.778,0.077,0.571
1.974,1.111,0.077,0.607
1.983,1.111,0.077,0.607
1.991,1.37,-0.038,0.75
2,1.63,-0.077,0.821
2.008,1.63,-0.077,0.821
2.017,1.963,-0.154,0.786
2.025,2.185,-0.231,0.75
2.034,2.259,-0.269,0.75
2.042,2.296,-0.269,0.714
2.051,2.296,-0.269,0.607
2.059,2.296,-0.269,0.607
2.068,2.37,-0.308,0.571
2.076,2.407,-0.346,0.679
2.085,2.259,-0.346,0.75
2.093,2,-0.346,0.714
2.102,1.741,-0.346,0.5
2.11,1.741,-0.346,0.5
2.119,1.556,-0.308,0.357
2.127,1.333,-0.269,0.321
2.136,1.111,-0.231,0.321
2.144,0.741,-0.154,0.357
2.153,0.333,-0.115,0.429
2.161,0.333,-0.115,0.429
2.17,-0.111,-0.077,0.464
2.178,-0.667,0,0.429
2.187,-1.333,-0.154,0.429
2.195,-1.333,-0.154,0.429
2.204,-1.37,-0.192,0.464
2.212,-1.407,-0.192,0.571
2.221,-1.556,-0.192,0.679
2.229,-1.63,-0.192,0.75
2.238,-1.778,-0.192,0.75
2.246,-2.259,-0.269,0.714
2.255,-2.259,-0.269,0.714
2.264,-2.37,-0.308,0.643
2.272,-2.185,-0.346,0.536
2.281,-1.963,-0.346,0.429
2.289,-1.815,-0.346,0.393
2.298,-1.815,-0.346,0.357
2.306,-1.815,-0.346,0.357
2.315,-1.815,-0.346,0.357
2.323,-1.741,-0.346,0.393
2.332,-1.593,-0.346,0.5
2.34,-1.407,-0.308,0.679
2.349,-1.296,-0.308,0.821
2.357,-1.296,-0.308,0.821
2.366,-1.222,-0.308,0.821
2.374,-1.148,-0.308,0.714
2.383,-1.111,-0.346,0.536
2.391,-1,-0.346,0.393
2.4,-0.889,-0.346,0.286
2.408,-0.778,-0.346,0.214
2.417,-0.778,-0.346,0.214
2.425,-0.63,-0.346,0.25
2.434,-0.519,-0.346,0.393
2.442,-0.407,-0.346,0.536
2.451,-0.37,-0.346,0.607
2.459,-0.333,-0.346,0.607
2.468,-0.333,-0.346,0.607
2.476,-0.259,-0.346,0.571
2.485,-0.148,-0.346,0.536
2.493,-0.074,-0.308,0.607
2.502,-0.037,-0.346,0.643
2.51,0.037,-0.346,0.536
2.519,0.037,-0.346,0.536
2.527,0.111,-0.308,0.5
2.536,0.148,-0.308,0.643
2.544,0.185,-0.308,0.75
2.553,0.259,-0.308,0.821
2.561,0.333,-0.308,0.821
2.57,0.37,-0.346,0.75
2.578,0.37,-0.346,0.75
2.587,0.407,-0.308,0.75
2.595,0.444,-0.231,0.75
2.604,0.481,-0.231,0.857
2.612,0.481,-0.231,1
2.621,0.481,-0.231,1
2.629,0.481,-0.269,1.036
2.638,0.481,-0.269,1
2.646,0.481,-0.308,1
2.655,0.481,-0.308,0.929
2.663,0.407,-0.346,0.929
2.672,0.37,-0.346,0.893
2.681,0.37,-0.346,0.893
2.689,0.333,-0.385,0.821
2.698,0.296,-0.346,0.75
2.706,0.222,-0.346,0.75
2.715,0.185,-0.308,0.714
2.723,0.148,-0.269,0.75
2.732,0.148,-0.269,0.75
2.74,0.111,-0.269,0.857
2.749,0.111,-0.269,0.893
2.757,0.111,-0.231,0.929
2.766,0.074,-0.231,1.036
2.774,0,-0.231,1.071
2.783,0,-0.231,1.071
2.791,-0.037,-0.192,1.036
2.8,0,-0.115,0.964
2.808,0.074,-0.115,0.929
2.817,0.037,-0.115,1
2.825,-0.037,-0.115,1.036
2.834,-0.037,-0.115,1.036
2.842,-0.074,-0.077,1.071
2.851,-0.074,-0.115,1.071
2.859,-0.074,-0.077,1.036
2.868,-0.074,-0.038,1.071
2.876,-0.074,0,1.107
2.885,-0.074,0,1.179
2.893,-0.074,0,1.179
2.902,-0.037,0.038,1.179
2.91,-0.037,0.038,1.214
2.919,-0.111,0.077,1.25
2.927,-0.037,0.077,1.107
2.936,-0.037,0.038,1.143
2.944,-0.037,0.038,1.143
2.953,-0.037,0.038,1.179
2.961,-0.074,0.077,1.107
2.97,-0.111,0.077,1.036
2.978,-0.074,0.077,1
2.987,-0.111,0.077,1.036
2.995,-0.111,0.077,1.036
3.004,-0.111,0.038,1
3.012,-0.074,0.077,0.964
3.021,-0.074,0.077,0.857
3.029,-0.111,0.115,0.857
3.038,-0.111,0.077,0.893
3.046,-0.111,0.077,0.893
3.055,-0.074,0.077,0.964
3.063,-0.037,0.115,1.071
3.072,-0.074,0.154,1.071
3.08,-0.074,0.154,1.107
3.089,-0.074,0.154,1.107
3.097,-0.111,0.115,1.143
3.106,-0.074,0.115,1.107
3.114,-0.074,0.154,1.036
3.123,-0.074,0.154,1
3.131,-0.074,0.154,0.964
3.14,-0.037,0.154,1
3.148,-0.037,0.154,1
3.157,0,0.115,1.036
3.165,0.037,0.115,1.143
3.174,0,0.115,1.179
3.183,-0.037,0.115,1.143
3.191,-0.037,0.115,1.036
3.2,-0.037,0.115,1
3.208,-0.037,0.115,1
3.217,0,0.115,0.857
3.225,0,0.115,0.857
3.234,0,0.077,0.857
3.242,-0.037,0.077,0.857
3.251,-0.037,0.077,0.857
3.259,-0.074,0.038,0.857
3.268,-0.074,0.077,0.857
3.276,-0.111,0.038,1.357
3.285,-0.037,-0.269,0.321
3.293,-0.037,-0.269,0.321
3.302,-0.037,-0.269,0.321
3.31,-0.037,0.154,0.929
3.319,-0.037,0.154,0.929
3.327,0.074,-0.038,0.929
3.336,0.148,0,0.929
3.344,0.148,0,0.964
3.353,0.148,0,0.964
3.361,0.148,0,0.964
3.37,0.111,0,0.893
3.378,0.074,0.038,0.964
3.387,0.037,0,0.964
3.395,0.037,0.038,0.929
3.404,0.037,0,0.929
3.412,0,0,0.964
3.421,0,0,0.964
3.429,-0.037,0,1
3.438,-0.074,0,1
3.446,-0.111,0.038,1
3.455,-0.111,0.038,1
3.463,-0.111,0.038,1
3.472,-0.111,0.038,0.964
3.48,-0.111,0.038,0.964
