0,0.038,0,0.923
0.009,0.038,0,0.923
0.018,0,0.037,1.038
0.026,0.077,0.037,0.962
0.035,0.038,0.037,0.962
0.043,0,0.037,0.962
0.052,0.038,0.037,0.962
0.06,0.038,0.037,0.962
0.069,0,0.037,0.962
0.077,0,0.037,0.962
0.086,0.038,0.037,0.962
0.094,0.038,0.037,0.962
0.103,0,0.037,1
0.111,0,0.037,1
0.12,0,0.037,1
0.128,0,0.037,1
0.137,0,0.037,1
0.145,0.038,0.037,0.962
0.154,0,0.037,0.962
0.162,0,0.037,0.962
0.171,-0.038,0,0.962
0.179,-0.038,0,1
0.188,0,0.037,0.962
0.196,0,0.037,0.962
0.205,0,0.037,1
0.213,0,0.037,1
0.222,0,0.037,1
0.23,0,0.037,1
0.239,-0.038,0.037,1
0.247,0,0.037,0.962
0.256,0,0.037,0.962
0.264,0.038,0.037,0.962
0.273,0.038,0.037,0.962
0.281,0.115,0.037,0.962
0.29,0.154,0.037,0.962
0.298,0.192,0.037,1
0.309,0.154,0.074,1
0.318,0.038,0.037,1
0.326,0,0.037,1
0.335,0.077,0.074,1
0.343,0.077,0.074,1
0.352,0.077,0.148,0.962
0.36,-0.038,0.111,0.962
0.369,-0.038,0.074,0.923
0.377,0.077,0.074,0.962
0.386,0.192,0.111,0.923
0.394,0.192,0.111,0.923
0.403,0.192,0.111,0.923
0.411,0.115,0.111,1.154
0.42,0.077,0.111,1
0.428,0.038,0.148,1
0.437,0,0.148,1.269
0.445,-0.077,0.148,1.231
0.454,-0.077,0.148,1.231
0.462,-0.038,0.222,1.115
0.471,-0.038,0.222,1.538
0.479,-0.038,0.222,1.538
0.488,0,0.259,1.808
0.496,0,0.296,1.885
0.505,0,0.296,1.846
0.513,0,0.296,1.731
0.522,0.077,0.37,1.692
0.53,0.154,0.296,1.692
0.539,0.154,0.296,1.692
0.549,0.192,0.296,1.654
0.557,0.192,0.296,1.615
0.566,0.231,0.296,1.615
0.575,0.385,0.222,1.615
0.583,0.385,0.222,1.615
0.592,0.269,0.222,1.577
0.6,0.269,0.222,1.577
0.609,0.269,0.185,1.462
0.617,0.231,0.185,1.423
0.626,0.231,0.148,1.346
0.634,0.269,0.148,1.192
0.643,0.269,0.111,1.115
0.651,0.269,0.111,1.115
0.66,0.115,0.037,1.154
0.668,0.115,0.037,1.154
0.677,0.154,0,1.115
0.685,0.154,0,1.115
0.694,0.115,0,1.154
0.702,0.077,0,1.077
0.711,0.038,-0.037,1
0.719,0.038,-0.037,0.923
0.728,0.038,-0.074,0.808
0.736,0.038,-0.074,0.808
0.745,0,-0.111,0.692
0.753,-0.077,-0.148,0.577
0.762,-0.077,-0.185,0.5
0.77,-0.038,-0.222,0.577
0.779,-0.038,-0.222,0.731
0.787,-0.038,-0.222,0.731
0.796,-0.077,-0.259,0.769
0.804,-0.077,-0.259,0.731
0.813,-0.077,-0.259,0.731
0.821,-0.154,-0.259,0.731
0.83,-0.192,-0.296,0.769
0.838,-0.154,-0.296,0.731
0.847,-0.154,-0.296,0.731
0.855,-0.154,-0.333,0.692
0.864,-0.192,-0.333,0.615
0.872,-0.192,-0.333,0.615
0.881,-0.192,-0.333,0.577
0.889,-0.192,-0.37,0.577
0.898,-0.192,-0.37,0.577
0.906,-0.231,-0.37,0.577
0.915,-0.269,-0.407,0.538
0.923,-0.308,-0.407,0.462
0.932,-0.308,-0.407,0.423
0.94,-0.346,-0.444,0.423
0.949,-0.346,-0.444,0.423
0.957,-0.346,-0.444,0.462
0.966,-0.346,-0.444,0.462
0.974,-0.346,-0.444,0.462
0.983,-0.346,-0.444,0.5
0.992,-0.346,-0.444,0.5
1,-0.346,-0.444,0.462
1.009,-0.346,-0.481,0.423
1.017,-0.346,-0.481,0.423
1.026,-0.346,-0.519,0.462
1.034,-0.346,-0.519,0.423
1.043,-0.346,-0.519,0.423
1.051,-0.346,-0.519,0.423
1.06,-0.308,-0.519,0.462
1.068,-0.308,-0.519,0.5
1.077,-0.385,-0.519,0.5
1.085,-0.385,-0.519,0.5
1.094,-0.385,-0.519,0.423
1.102,-0.385,-0.519,0.423
1.111,-0.346,-0.556,0.423
1.119,-0.346,-0.593,0.423
1.128,-0.308,-0.593,0.462
1.136,-0.308,-0.593,0.5
1.145,-0.308,-0.593,0.5
1.153,-0.308,-0.593,0.5
1.162,-0.308,-0.593,0.5
1.17,-0.308,-0.593,0.5
1.179,-0.308,-0.593,0.5
1.187,-0.346,-0.593,0.5
1.196,-0.346,-0.593,0.462
1.204,-0.346,-0.593,0.462
1.213,-0.346,-0.593,0.423
1.221,-0.346,-0.593,0.462
1.23,-0.346,-0.593,0.462
1.238,-0.346,-0.593,0.462
1.247,-0.346,-0.593,0.5
1.255,-0.346,-0.63,0.538
1.264,-0.346,-0.63,0.5
1.272,-0.346,-0.63,0.5
1.281,-0.385,-0.593,0.5
1.289,-0.385,-0.593,0.538
1.298,-0.385,-0.593,0.538
1.306,-0.385,-0.593,0.538
1.315,-0.385,-0.593,0.538
1.323,-0.385,-0.593,0.5
1.332,-0.385,-0.593,0.5
1.34,-0.423,-0.593,0.5
1.349,-0.423,-0.593,0.5
1.357,-0.423,-0.63,0.462
1.366,-0.423,-0.63,0.462
1.374,-0.423,-0.63,0.462
1.383,-0.423,-0.63,0.462
1.391,-0.423,-0.63,0.462
1.4,-0.462,-0.63,0.462
1.408,-0.462,-0.63,0.5
1.417,-0.462,-0.593,0.5
1.425,-0.462,-0.593,0.5
1.434,-0.462,-0.593,0.538
1.442,-0.423,-0.593,0.577
1.451,-0.462,-0.593,0.654
1.459,-0.5,-0.593,0.654
1.468,-0.5,-0.593,0.577
1.477,-0.5,-0.63,0.538
1.485,-0.5,-0.63,0.538
1.494,-0.5,-0.63,0.538
1.502,-0.462,-0.63,0.538
1.511,-0.462,-0.63,0.5
1.519,-0.462,-0.593,0.538
1.528,-0.462,-0.593,0.538
1.536,-0.462,-0.593,0.538
1.545,-0.462,-0.593,0.577
1.553,-0.462,-0.593,0.615
1.562,-0.462,-0.593,0.615
1.57,-0.423,-0.593,0.577
1.579,-0.423,-0.593,0.538
1.587,-0.423,-0.593,0.538
1.596,-0.423,-0.593,0.5
1.604,-0.423,-0.593,0.538
1.613,-0.423,-0.593,0.577
1.621,-0.462,-0.593,0.577
1.63,-0.423,-0.593,0.615
1.638,-0.423,-0.593,0.615
1.647,-0.423,-0.593,0.654
1.655,-0.423,-0.593,0.692
1.664,-0.423,-0.593,0.692
1.672,-0.423,-0.593,0.654
1.681,-0.423,-0.593,0.654
1.689,-0.423,-0.593,0.615
1.698,-0.423,-0.593,0.615
1.706,-0.423,-0.593,0.615
1.715,-0.423,-0.593,0.615
1.723,-0.462,-0.593,0.615
1.732,-0.423,-0.593,0.615
1.74,-0.423,-0.593,0.654
1.749,-0.423,-0.593,0.654
1.757,-0.423,-0.593,0.654
1.766,-0.423,-0.593,0.692
1.774,-0.423,-0.593,0.654
1.783,-0.423,-0.593,0.654
1.791,-0.385,-0.593,0.615
1.8,-0.385,-0.593,0.615
1.808,-0.385,-0.593,0.615
1.817,-0.423,-0.593,0.615
1.825,-0.423,-0.593,0.654
1.834,-0.423,-0.593,0.692
1.842,-0.423,-0.593,0.654
1.851,-0.462,-0.593,0.654
1.859,-0.462,-0.593,0.654
1.868,-0.423,-0.593,0.654
1.876,-0.423,-0.593,0.654
1.885,-0.423,-0.593,0.654
1.893,-0.423,-0.593,0.615
1.902,-0.423,-0.593,0.615
1.91,-0.423,-0.593,0.615
1.919,-0.462,-0.593,0.538
1.928,-0.423,-0.63,0.538
1.936,-0.462,-0.63,0.615
1.945,-0.462,-0.593,0.615
1.953,-0.462,-0.593,0.615
1.962,-0.462,-0.63,0.654
1.97,-0.462,-0.593,0.615
1.979,-0.423,-0.593,0.615
1.987,-0.462,-0.593,0.615
1.996,-0.462,-0.593,0.654
2.004,-0.462,-0.593,0.615
2.013,-0.462,-0.593,0.615
2.021,-0.462,-0.593,0.577
2.03,-0.462,-0.593,0.577
2.038,-0.423,-0.63,0.577
2.047,-0.423,-0.63,0.615
2.055,-0.423,-0.63,0.615
2.064,-0.423,-0.63,0.615
2.072,-0.423,-0.593,0.615
2.081,-0.423,-0.593,0.615
2.089,-0.423,-0.593,0.615
2.098,-0.423,-0.593,0.615
2.106,-0.423,-0.593,0.615
2.115,-0.423,-0.63,0.577
2.123,-0.423,-0.63,0.577
2.132,-0.423,-0.63,0.577
2.14,-0.423,-0.63,0.577
2.149,-0.423,-0.63,0.615
2.157,-0.385,-0.63,0.615
2.166,-0.385,-0.63,0.654
2.174,-0.385,-0.63,0.654
2.183,-0.385,-0.593,0.654
2.191,-0.423,-0.593,0.615
2.2,-0.423,-0.593,0.615
2.208,-0.423,-0.593,0.615
2.217,-0.423,-0.593,0.615
2.225,-0.423,-0.63,0.615
2.234,-0.385,-0.63,0.615
2.243,-0.385,-0.593,0.615
2.251,-0.385,-0.593,0.615
2.26,-0.385,-0.593,0.654
2.268,-0.423,-0.593,0.654
2.277,-0.423,-0.593,0.654
2.285,-0.385,-0.593,0.654
2.294,-0.423,-0.593,0.654
2.302,-0.423,-0.593,0.654
2.311,-0.423,-0.593,0.615
2.319,-0.423,-0.593,0.615
2.328,-0.423,-0.593,0.615
2.336,-0.423,-0.593,0.615
2.345,-0.423,-0.593,0.615
2.353,-0.423,-0.593,0.615
2.362,-0.423,-0.593,0.615
2.37,-0.423,-0.63,0.577
2.379,-0.423,-0.63,0.577
2.387,-0.423,-0.63,0.615
2.396,-0.423,-0.63,0.615
2.404,-0.423,-0.63,0.615
2.413,-0.423,-0.63,0.615
2.421,-0.423,-0.593,0.615
2.43,-0.423,-0.593,0.577
2.438,-0.423,-0.593,0.577
2.447,-0.423,-0.593,0.577
2.455,-0.423,-0.593,0.615
2.464,-0.423,-0.593,0.615
2.472,-0.423,-0.593,0.615
2.481,-0.423,-0.63,0.577
2.489,-0.423,-0.63,0.577
2.498,-0.423,-0.593,0.615
2.506,-0.423,-0.593,0.615
2.515,-0.423,-0.593,0.615
2.523,-0.423,-0.593,0.615
2.532,-0.423,-0.593,0.615
2.54,-0.423,-0.593,0.577
2.549,-0.423,-0.593,0.577
2.557,-0.423,-0.593,0.577
2.566,-0.423,-0.593,0.615
2.574,-0.423,-0.593,0.615
2.583,-0.423,-0.593,0.615
2.591,-0.423,-0.593,0.615
2.6,-0.423,-0.593,0.615
2.608,-0.423,-0.593,0.615
2.617,-0.423,-0.593,0.615
2.625,-0.423,-0.593,0.615
2.634,-0.423,-0.593,0.615
2.642,-0.423,-0.593,0.615
2.651,-0.423,-0.593,0.615
2.66,-0.423,-0.593,0.615
2.668,-0.423,-0.593,0.615
2.677,-0.423,-0.593,0.615
2.685,-0.423,-0.593,0.654
2.694,-0.423,-0.593,0.654
2.702,-0.423,-0.593,0.654
2.711,-0.423,-0.593,0.615
2.719,-0.423,-0.593,0.615
2.728,-0.423,-0.63,0.577
2.736,-0.423,-0.593,0.577
2.745,-0.423,-0.593,0.615
2.753,-0.385,-0.593,0.615
2.762,-0.385,-0.593,0.615
2.77,-0.385,-0.593,0.615
2.779,-0.385,-0.593,0.615
2.787,-0.385,-0.63,0.577
2.796,-0.385,-0.63,0.577
2.804,-0.385,-0.63,0.615
2.813,-0.385,-0.63,0.615
2.821,-0.385,-0.63,0.615
2.83,-0.385,-0.63,0.577
2.838,-0.346,-0.593,0.577
2.847,-0.346,-0.593,0.538
2.855,-0.346,-0.593,0.577
2.864,-0.346,-0.593,0.615
2.872,-0.346,-0.593,0.615
2.881,-0.346,-0.593,0.654
2.889,-0.346,-0.593,0.654
2.898,-0.385,-0.593,0.654
2.906,-0.385,-0.593,0.654
2.915,-0.423,-0.593,0.654
2.923,-0.423,-0.593,0.654
2.932,-0.423,-0.593,0.615
2.94,-0.423,-0.593,0.615
2.949,-0.385,-0.556,0.654
2.957,-0.423,-0.556,0.654
2.966,-0.423,-0.593,0.654
2.974,-0.423,-0.593,0.615
2.983,-0.423,-0.593,0.615
2.991,-0.423,-0.593,0.615
3,-0.423,-0.593,0.654
3.008,-0.423,-0.593,0.692
3.017,-0.462,-0.593,0.692
3.025,-0.462,-0.593,0.692
3.034,-0.462,-0.593,0.692
3.042,-0.462,-0.593,0.692
3.051,-0.462,-0.593,0.654
3.059,-0.462,-0.593,0.692
3.068,-0.462,-0.593,0.692
3.076,-0.423,-0.593,0.692
3.085,-0.423,-0.593,0.654
3.094,-0.423,-0.593,0.654
3.102,-0.423,-0.593,0.615
3.111,-0.423,-0.593,0.577
3.119,-0.423,-0.593,0.577
3.128,-0.385,-0.593,0.615
3.136,-0.385,-0.593,0.615
3.145,-0.385,-0.593,0.615
3.153,-0.385,-0.593,0.615
3.162,-0.346,-0.593,0.615
3.17,-0.346,-0.593,0.615
3.179,-0.385,-0.593,0.654
3.187,-0.385,-0.593,0.654
3.196,-0.385,-0.593,0.654
3.204,-0.385,-0.593,0.654
3.213,-0.423,-0.593,0.654
3.221,-0.423,-0.593,0.615
3.23,-0.423,-0.593,0.615
3.238,-0.423,-0.593,0.615
3.247,-0.385,-0.593,0.692
3.255,-0.385,-0.593,0.692
3.264,-0.385,-0.593,0.692
3.272,-0.423,-0.593,0.692
3.281,-0.423,-0.593,0.692
3.289,-0.423,-0.593,0.692
3.298,-0.385,-0.556,0.654
3.306,-0.385,-0.556,0.654
3.315,-0.385,-0.556,0.654
3.323,-0.423,-0.556,0.692
3.332,-0.423,-0.556,0.692
3.34,-0.423,-0.593,0.654
3.349,-0.385,-0.593,0.654
3.357,-0.385,-0.593,0.654
3.366,-0.385,-0.593,0.654
3.374,-0.385,-0.593,0.692
3.383,-0.385,-0.593,0.692
3.391,-0.385,-0.556,0.692
3.4,-0.385,-0.556,0.654
3.408,-0.385,-0.556,0.654
3.417,-0.423,-0.556,0.615
3.425,-0.423,-0.556,0.615
3.434,-0.385,-0.593,0.615
3.442,-0.385,-0.556,0.654
3.451,-0.385,-0.556,0.692
3.46,-0.385,-0.593,0.692
3.468,-0.385,-0.593,0.692
3.477,-0.423,-0.593,0.692
3.485,-0.423,-0.593,0.692
3.494,-0.423,-0.593,0.654
3.502,-0.423,-0.593,0.654
3.511,-0.385,-0.593,0.654
3.519,-0.385,-0.593,0.654
3.528,-0.385,-0.556,0.654
3.536,-0.385,-0.556,0.615
3.545,-0.423,-0.556,0.654
3.553,-0.423,-0.593,0.654
3.562,-0.423,-0.593,0.654
3.57,-0.385,-0.593,0.692
3.579,-0.385,-0.593,0.692
3.587,-0.385,-0.593,0.692
3.596,-0.423,-0.593,0.731
3.604,-0.385,-0.556,0.731
3.613,-0.385,-0.556,0.692
3.621,-0.385,-0.556,0.654
3.63,-0.385,-0.556,0.654
3.638,-0.385,-0.556,0.615
3.647,-0.346,-0.556,0.577
3.655,-0.385,-0.556,0.577
3.664,-0.385,-0.556,0.615
3.672,-0.385,-0.556,0.615
3.681,-0.385,-0.556,0.654
3.689,-0.385,-0.556,0.654
3.698,-0.385,-0.556,0.654
3.706,-0.385,-0.556,0.654
3.715,-0.385,-0.593,0.615
3.723,-0.385,-0.593,0.538
3.732,-0.385,-0.593,0.538
3.74,-0.385,-0.593,0.538
3.749,-0.423,-0.593,0.577
3.757,-0.385,-0.593,0.615
3.766,-0.385,-0.593,0.654
3.774,-0.385,-0.593,0.654
3.783,-0.385,-0.593,0.654
3.791,-0.423,-0.556,0.654
3.8,-0.423,-0.556,0.654
3.808,-0.423,-0.556,0.654
3.817,-0.423,-0.556,0.654
3.825,-0.385,-0.556,0.654
3.834,-0.385,-0.556,0.654
3.842,-0.385,-0.556,0.654
3.851,-0.385,-0.556,0.654
3.859,-0.385,-0.556,0.615
3.868,-0.385,-0.556,0.615
3.877,-0.385,-0.556,0.654
3.885,-0.385,-0.556,0.654
3.894,-0.385,-0.556,0.692
3.902,-0.385,-0.556,0.731
3.911,-0.385,-0.556,0.769
3.919,-0.385,-0.556,0.769
3.928,-0.385,-0.556,0.731
3.936,-0.385,-0.556,0.692
3.945,-0.385,-0.556,0.654
3.953,-0.385,-0.593,0.615
3.962,-0.385,-0.593,0.615
3.97,-0.385,-0.593,0.615
3.979,-0.385,-0.593,0.615
3.987,-0.385,-0.593,0.654
3.996,-0.385,-0.556,0.692
4.004,-0.385,-0.556,0.692
4.013,-0.423,-0.593,0.692
4.021,-0.423,-0.593,0.692
4.03,-0.423,-0.593,0.692
4.038,-0.385,-0.556,0.692
4.047,-0.385,-0.593,0.654
4.055,-0.385,-0.556,0.654
4.064,-0.385,-0.556,0.654
4.072,-0.385,-0.556,0.654
4.081,-0.385,-0.556,0.692
4.089,-0.385,-0.556,0.692
4.098,-0.346,-0.556,0.692
4.106,-0.346,-0.556,0.692
4.115,-0.385,-0.556,0.731
4.123,-0.385,-0.556,0.731
4.132,-0.346,-0.556,0.731
4.14,-0.385,-0.556,0.692
4.149,-0.346,-0.556,0.692
4.157,-0.346,-0.556,0.654
4.166,-0.346,-0.556,0.615
4.174,-0.346,-0.556,0.615
4.183,-0.346,-0.556,0.615
4.191,-0.346,-0.556,0.654
4.2,-0.346,-0.556,0.654
4.208,-0.346,-0.556,0.654
4.217,-0.385,-0.556,0.692
4.225,-0.385,-0.556,0.731
4.234,-0.385,-0.556,0.731
4.242,-0.385,-0.556,0.731
4.251,-0.385,-0.556,0.692
4.259,-0.385,-0.556,0.692
4.268,-0.385,-0.556,0.654
4.276,-0.385,-0.556,0.692
4.285,-0.385,-0.556,0.692
4.294,-0.423,-0.556,0.654
4.302,-0.423,-0.556,0.654
4.311,-0.423,-0.556,0.692
4.319,-0.423,-0.556,0.692
4.328,-0.423,-0.556,0.692
4.336,-0.423,-0.556,0.692
4.345,-0.423,-0.556,0.692
4.353,-0.423,-0.519,0.692
4.362,-0.423,-0.556,0.731
4.37,-0.423,-0.556,0.692
4.379,-0.423,-0.556,0.654
4.387,-0.423,-0.556,0.654
4.396,-0.423,-0.593,0.615
4.404,-0.423,-0.556,0.615
4.413,-0.385,-0.556,0.577
4.421,-0.385,-0.556,0.615
4.43,-0.385,-0.556,0.654
4.438,-0.423,-0.593,0.692
4.447,-0.423,-0.593,0.692
4.455,-0.385,-0.556,0.692
4.464,-0.385,-0.556,0.692
4.472,-0.423,-0.556,0.692
4.481,-0.423,-0.556,0.654
4.489,-0.423,-0.556,0.692
4.498,-0.423,-0.556,0.692
4.506,-0.385,-0.556,0.692
4.515,-0.385,-0.556,0.692
4.523,-0.346,-0.556,0.769
4.532,-0.346,-0.519,0.885
4.54,-0.346,-0.519,0.885
4.549,-0.346,-0.519,0.885
4.557,-0.346,-0.556,0.846
4.566,-0.346,-0.556,0.692
