0,-0.077,0.074,0
0.009,-0.231,0.185,0.192
0.018,-0.308,0.185,0.346
0.027,-0.462,0.185,0.346
0.035,-0.654,0.185,0.308
0.044,-0.769,0.185,0.269
0.053,-0.962,0.185,0.346
0.061,-1.154,0.148,0.462
0.07,-1.154,0.148,0.462
0.078,-1.346,0.148,0.538
0.087,-1.462,0.222,0.615
0.095,-1.538,0.296,0.692
0.104,-1.615,0.296,0.846
0.112,-1.692,0.296,0.962
0.121,-1.692,0.296,0.962
0.129,-1.731,0.333,1.115
0.138,-1.731,0.407,1.269
0.147,-1.769,0.481,1.538
0.155,-1.769,0.593,1.885
0.164,-1.692,0.704,2.154
0.172,1.5,2.111,1.923
0.181,1.5,2.111,1.923
0.19,-1.346,1.37,1.269
0.199,-2.769,0.037,1.346
0.207,-1.769,0.037,3.115
0.216,-0.692,0.852,3.538
0.224,-0.385,1.37,2.731
0.233,-0.385,1.37,2.731
0.241,-0.192,1.556,2.538
0.25,0.269,1.852,2.731
0.258,0.769,2.037,2.5
0.269,1,2.037,2.115
0.277,1.115,1.889,2.154
0.286,1.154,1.704,2.154
0.294,1.115,1.481,1.885
0.303,1.115,1.481,1.885
0.311,1.038,1.259,1.692
0.32,1.077,1.111,1.615
0.328,1.231,1.037,1.462
0.337,1.346,1,1.269
0.346,1.423,0.963,1.077
0.354,1.462,1,0.885
0.363,1.462,1,0.885
0.371,1.538,1.037,0.692
0.38,1.577,1.111,0.538
0.388,1.615,1.185,0.462
0.397,1.692,1.222,0.346
0.405,1.692,1.222,0.346
0.414,1.692,1.259,0.231
0.422,1.692,1.259,0.077
0.433,1.577,1.222,-0.077
0.441,1.5,1.148,-0.192
0.45,1.385,1.111,-0.308
0.458,1.269,1.037,-0.423
0.467,1.192,1,-0.538
0.475,1.192,1,-0.538
0.484,1.038,0.889,-0.577
0.492,0.885,0.815,-0.654
0.501,0.769,0.741,-0.692
0.51,0.615,0.667,-0.731
0.52,0.462,0.593,-0.769
0.528,0.269,0.481,-0.808
0.537,0.269,0.481,-0.808
0.545,0.077,0.407,-0.885
0.554,-0.115,0.333,-0.923
0.562,-0.231,0.296,-0.885
0.571,-0.308,0.296,-0.885
0.579,-0.385,0.296,-0.923
0.588,-0.5,0.296,-0.923
0.596,-0.5,0.296,-0.923
0.605,-0.654,0.296,-0.923
0.613,-0.731,0.333,-0.923
0.622,-0.769,0.407,-0.846
0.63,-0.846,0.444,-0.731
0.639,-0.885,0.556,-0.577
0.647,-1,0.667,-0.423
0.656,-1,0.667,-0.423
0.664,-1.154,0.667,-0.192
0.673,-1.462,0.63,0.115
0.682,-1.769,0.519,0.5
0.69,-2.038,0.37,0.846
0.699,-2.269,0.222,1.154
0.707,-2.346,0.074,1.231
0.716,-2.346,0.074,1.231
0.726,-2.346,-0.074,1.308
0.734,-2.269,-0.185,1.423
0.743,-2.154,-0.222,1.538
0.751,-2.038,-0.222,1.692
0.76,-1.846,-0.148,1.769
0.769,-1.615,-0.111,1.846
0.777,-1.231,-0.037,2
0.786,-1.231,-0.037,2
0.794,-0.808,0.148,2.077
0.803,-0.385,0.296,2.115
0.811,0,0.444,2.154
0.82,0.231,0.481,2.192
0.828,0.346,0.481,2.231
0.837,0.462,0.519,2.269
0.846,0.462,0.519,2.269
0.855,0.615,0.556,2.346
0.863,0.692,0.519,2.269
0.872,0.731,0.519,2.038
