0,0.077,-0.444,0.769
0.009,0.192,-0.444,0.654
0.017,0.192,-0.37,0.692
0.026,0.192,-0.407,0.769
0.035,0.115,-0.407,0.769
0.043,0.115,-0.407,0.769
0.052,0.077,-0.444,0.731
0.06,0.077,-0.407,0.731
0.069,0.115,-0.407,0.808
0.077,0.115,-0.37,0.846
0.086,0.115,-0.333,0.885
0.095,0.115,-0.37,0.923
0.103,0.115,-0.37,0.923
0.112,0.115,-0.333,0.923
0.12,0.115,-0.333,0.923
0.129,0.154,-0.333,0.923
0.138,0.154,-0.333,0.923
0.147,0.115,-0.333,0.923
0.156,0.115,-0.333,0.923
0.164,0.115,-0.333,0.923
0.173,0.115,-0.37,0.923
0.181,0.115,-0.37,0.923
0.19,0.115,-0.37,0.923
0.198,0.154,-0.37,0.885
0.207,0.115,-0.37,0.885
0.215,0.115,-0.37,0.885
0.224,0.115,-0.37,0.923
0.232,0.077,-0.37,0.923
0.242,0.077,-0.37,0.962
0.251,0.115,-0.37,0.923
0.259,0.115,-0.37,0.923
0.268,0.115,-0.37,0.923
0.276,0.115,-0.333,0.885
0.285,0.115,-0.333,0.885
0.293,0.115,-0.333,0.885
0.302,0.115,-0.333,0.885
0.31,0.115,-0.333,0.923
0.319,0.077,-0.333,0.923
0.328,0.077,-0.296,0.923
0.336,0.077,-0.259,0.923
0.345,0.077,-0.259,0.923
0.354,0,-0.296,1
0.362,-0.154,-0.333,1.115
0.371,-0.385,-0.407,1.231
0.38,-0.692,-0.481,1.385
0.388,-1.115,-0.63,1.538
0.397,-1.615,-0.852,1.692
0.405,-1.615,-0.852,1.692
0.414,-2.192,-1.037,1.808
0.422,-2.654,-1.148,1.808
0.431,-2.923,-1.185,1.769
0.439,-2.962,-1.037,1.692
0.448,-2.769,-0.778,1.538
0.457,-2.5,-0.519,1.346
0.465,-2.5,-0.519,1.346
0.474,-2.192,-0.222,1
0.482,-1.808,0.148,0.615
0.492,-1.346,0.556,0.423
0.5,-0.731,1,0.231
0.509,-0.038,1.444,-0.038
0.517,0.692,1.963,-0.192
0.526,0.692,1.963,-0.192
0.535,1.692,2.407,-0.077
0.543,2.692,2.741,0.154
0.552,3.423,2.926,0.346
0.56,3.808,2.963,0.385
0.569,3.885,2.852,0.346
0.578,3.769,2.667,0.269
0.586,3.423,2.407,0.346
0.595,3.423,2.407,0.346
0.604,3,2.074,0.5
0.612,2.538,1.741,0.654
0.621,2.038,1.333,0.731
0.629,1.538,1,0.731
0.638,1.231,0.778,0.615
0.646,1.231,0.778,0.615
0.655,1,0.63,0.538
0.664,0.731,0.481,0.538
0.673,0.5,0.444,0.538
0.681,0.308,0.407,0.538
0.69,0,0.333,0.654
0.699,-0.462,0.222,0.846
0.707,-0.923,0,0.923
0.717,-1.269,-0.185,0.846
0.725,-1.269,-0.185,0.846
0.734,-1.5,-0.333,0.769
0.742,-1.615,-0.444,0.769
0.751,-1.654,-0.519,0.846
0.76,-1.769,-0.63,1
0.768,-1.962,-0.815,1.154
0.777,-1.962,-0.815,1.154
0.785,-2.077,-0.852,1.192
0.794,-1.923,-0.852,1.077
