0,-0.077,-0.074,0.923
0.009,-0.038,-0.074,0.885
0.017,-0.038,-0.037,1
0.026,0,-0.074,0.923
0.034,0,-0.074,1
0.043,0,-0.074,1
0.051,0.038,-0.074,1.038
0.06,-0.038,-0.074,1.038
0.068,-0.077,-0.074,1
0.077,-0.077,-0.074,1
0.085,-0.077,-0.074,0.962
0.094,-0.077,-0.037,1
0.102,-0.077,-0.037,1
0.111,-0.038,-0.037,1
0.119,-0.077,-0.074,0.962
0.128,-0.077,-0.037,0.962
0.136,-0.077,-0.037,0.962
0.145,-0.077,-0.074,0.962
0.153,-0.077,-0.074,0.962
0.162,-0.077,-0.074,1
0.17,-0.077,-0.037,0.962
0.179,-0.038,-0.037,1
0.187,-0.038,-0.037,0.962
0.196,0,-0.037,0.962
0.205,0,-0.037,0.962
0.214,0,-0.037,0.962
0.223,0,-0.037,1
0.231,-0.038,-0.037,1
0.24,-0.077,-0.074,1
0.248,-0.077,-0.074,0.962
0.257,-0.115,-0.074,0.962
0.266,-0.115,-0.074,0.962
0.275,-0.115,-0.074,0.962
0.283,-0.077,-0.037,0.962
0.292,-0.038,-0.037,0.962
0.3,-0.077,-0.074,0.962
0.309,-0.038,-0.037,0.923
0.317,0,-0.037,0.885
0.326,0.038,-0.037,0.885
0.334,0.038,-0.037,0.885
0.343,0.077,0,0.923
0.351,0.115,0.037,0.923
0.36,0.192,0.037,0.962
0.368,0.231,0.074,0.962
0.377,0.269,0.111,0.962
0.385,0.269,0.111,0.962
0.394,0.346,0.148,0.923
0.402,0.423,0.222,0.923
0.411,0.538,0.296,0.885
0.419,0.615,0.37,0.923
0.428,0.769,0.444,0.923
0.436,0.769,0.444,0.923
0.445,0.923,0.519,0.923
0.453,1.038,0.556,0.923
0.462,1.115,0.593,0.962
0.47,1.192,0.63,0.962
0.479,1.154,0.667,1
0.488,1.115,0.704,1
0.496,1.115,0.704,1
0.505,1.038,0.704,1.038
0.513,1,0.741,1.115
0.522,0.962,0.741,1.154
0.53,0.962,0.778,1.192
0.539,1,0.852,1.269
0.547,1,0.889,1.308
0.556,1,0.889,1.308
0.564,0.923,1,1.346
0.573,0.923,1.185,1.385
0.581,0.885,1.481,1.462
0.59,0.885,1.815,1.577
0.598,1,2.185,1.731
0.607,1,2.185,1.731
0.615,1.231,2.704,1.923
0.624,1.5,3.222,2.077
0.632,1.731,3.667,2.231
0.641,1.846,3.889,2.308
0.649,1.692,4,2.308
0.658,1.692,4,2.308
0.666,1.231,4.074,2.231
0.675,0.423,4.111,2.077
0.683,-0.308,4.148,1.615
0.692,-0.923,4.185,0.923
0.7,-1.577,4.185,0.269
0.709,-2.538,4.185,0.115
0.717,-2.538,4.185,0.115
0.726,-3.346,4.185,-0.154
0.734,-3.769,4.222,-0.423
0.743,-4.154,3.889,-0.577
0.752,-4.5,3,-0.731
0.76,-4.5,2.259,-0.808
0.769,-4.5,2.259,-0.808
0.777,-4.308,1.741,-0.692
0.786,-4.038,1.333,-0.5
0.794,-3.808,1.037,-0.308
0.803,-3.577,0.778,-0.192
0.811,-3.308,0.63,-0.154
0.82,-2.962,0.556,-0.192
0.828,-2.962,0.556,-0.192
0.837,-2.577,0.556,-0.154
0.845,-2.269,0.556,-0.077
0.854,-2,0.556,0
0.862,-1.846,0.444,0.077
0.871,-1.731,0.37,0.115
0.879,-1.731,0.37,0.115
0.888,-1.577,0.222,0.115
0.896,-1.538,0.074,0.154
0.905,-1.538,-0.111,0.231
0.913,-1.577,-0.296,0.346
0.922,-1.5,-0.407,0.462
0.93,-1.5,-0.407,0.462
0.939,-1.346,-0.407,0.577
0.947,-1.154,-0.37,0.654
0.956,-1,-0.296,0.731
0.964,-0.808,-0.222,0.769
0.973,-0.615,-0.185,0.846
0.981,-0.462,-0.185,0.846
0.99,-0.462,-0.185,0.846
0.999,-0.385,-0.222,0.846
1.007,-0.308,-0.222,0.846
1.016,-0.231,-0.185,0.885
1.025,-0.231,-0.185,0.885
1.033,-0.231,-0.185,0.923
1.042,-0.192,-0.185,0.962
1.05,-0.231,-0.185,1
1.059,-0.231,-0.148,1.077
1.067,-0.231,-0.111,1.154
1.076,-0.231,-0.111,1.154
1.084,-0.231,-0.111,1.154
1.093,-0.269,-0.111,1.115
1.101,-0.308,-0.111,1.077
1.11,-0.346,-0.148,1.038
1.118,-0.385,-0.148,1
1.127,-0.385,-0.148,0.923
1.136,-0.385,-0.148,0.923
1.144,-0.423,-0.148,0.923
1.153,-0.423,-0.185,0.885
1.161,-0.423,-0.185,0.846
1.17,-0.423,-0.222,0.808
1.178,-0.423,-0.222,0.769
1.19,-0.462,-0.222,0.808
1.199,-0.462,-0.222,0.769
1.208,-0.423,-0.185,0.769
1.216,-0.423,-0.185,0.769
1.225,-0.423,-0.148,0.808
1.234,-0.385,-0.111,0.846
1.242,-0.385,-0.111,0.846
1.251,-0.346,-0.111,0.885
1.259,-0.346,-0.148,0.923
1.268,-0.308,-0.148,0.923
1.276,-0.269,-0.148,0.923
1.285,-0.269,-0.148,0.846
1.293,-0.269,-0.148,0.846
1.302,-0.231,-0.148,0.846
1.31,-0.231,-0.148,0.846
1.319,-0.231,-0.148,0.923
1.327,-0.269,-0.148,0.962
1.336,-0.308,-0.148,0.962
1.344,-0.308,-0.148,0.962
1.353,-0.346,-0.148,1
1.361,-0.346,-0.148,1
1.37,-0.385,-0.148,1
1.378,-0.423,-0.148,1.038
1.387,-0.462,-0.148,1
1.395,-0.462,-0.148,1
1.404,-0.462,-0.111,0.846
1.412,-0.423,-0.074,0.731
