0,-0.115,-0.037,0.923
0.009,-0.154,0,0.962
0.017,-0.231,-0.074,0.962
0.026,-0.308,-0.148,1.038
0.034,-0.385,-0.148,0.962
0.043,-0.385,-0.148,0.962
0.051,-0.308,-0.111,0.885
0.06,-0.192,-0.074,0.885
0.068,-0.115,-0.037,0.846
0.077,-0.077,-0.037,0.846
0.085,-0.077,-0.037,0.885
0.094,-0.077,-0.037,0.885
0.102,0,-0.037,0.885
0.111,0,-0.037,0.846
0.119,0,-0.037,0.885
0.128,-0.077,-0.074,0.962
0.136,-0.115,-0.074,1
0.145,-0.115,-0.074,1
0.153,-0.154,-0.074,1.038
0.162,-0.115,-0.074,1.038
0.17,-0.115,-0.074,1.038
0.179,-0.115,-0.037,1.038
0.187,-0.154,-0.037,1.038
0.196,-0.154,-0.037,1.038
0.204,-0.154,-0.037,1.038
0.213,-0.154,-0.037,1.038
0.221,-0.154,0,1.038
0.23,-0.192,0,1
0.238,-0.192,0,1
0.247,-0.269,-0.037,0.962
0.256,-0.308,-0.037,0.962
0.264,-0.346,0.037,0.962
0.273,-0.385,0.074,0.962
0.281,-0.462,0.148,1
0.29,-0.462,0.148,1
0.298,-0.538,0.185,1
0.307,-0.615,0.185,1.038
0.318,-0.769,0.222,1.077
0.331,-0.885,0.259,1.115
0.339,-0.923,0.333,1.115
0.348,-1,0.444,1.154
0.356,-1.077,0.481,1.231
0.365,-1.269,0.481,1.308
0.373,-1.269,0.481,1.308
0.382,-1.577,0.444,1.423
0.39,-1.885,0.37,1.538
0.399,-2.192,0.296,1.654
0.408,-2.577,0.222,1.769
0.416,-2.923,0.148,1.769
0.425,-3.346,0.074,1.808
0.434,-3.346,0.074,1.808
0.442,-3.692,0.037,1.808
0.451,-3.923,0.148,1.808
0.459,-4,0.333,1.731
0.468,-4.038,0.63,1.615
0.476,-3.846,1.111,1.308
0.485,-3.5,1.704,0.923
0.493,-3.5,1.704,0.923
0.502,-3.308,2.333,0.692
0.51,-2.923,3.222,0.692
0.519,-2.192,3.667,0.962
0.528,-1.538,3.889,1.308
0.538,-0.923,3.963,1.5
0.547,-0.077,4.037,1.462
0.555,0.808,4.074,1.231
0.564,1.615,4.111,0.923
0.572,1.885,3.741,0.808
0.582,1.692,3.111,0.885
0.59,1.692,3.111,0.885
0.599,1.769,2.704,0.885
0.608,2.077,2.407,0.923
0.616,2.385,2.148,0.962
0.625,2.577,1.926,0.962
0.633,2.577,1.667,0.962
0.642,2.385,1.37,0.846
0.65,2.385,1.37,0.846
0.659,2.192,1.111,0.769
0.668,1.923,0.815,0.731
0.676,1.423,0.519,0.769
0.685,0.923,0.259,0.769
0.693,0.923,0.259,0.769
0.702,0.731,0.111,0.692
0.711,0.731,0.037,0.731
0.719,0.731,0,0.769
0.728,0.731,-0.037,0.769
0.736,0.731,-0.111,0.769
0.745,0.692,-0.148,0.769
0.753,0.692,-0.148,0.769
0.762,0.654,-0.185,0.692
0.77,0.615,-0.185,0.692
0.779,0.577,-0.222,0.731
0.787,0.577,-0.222,0.808
0.796,0.615,-0.222,0.808
0.804,0.615,-0.222,0.808
0.813,0.577,-0.222,0.846
0.821,0.615,-0.111,0.962
0.83,0.692,-0.185,0.885
