0,-0.083,0.042,0.96
0.009,-0.167,0.083,1.04
0.017,-0.083,0.125,1.12
0.026,0,0.125,1.12
0.034,0.083,0.208,1.12
0.043,0.083,0.208,1.12
0.051,0.208,0.25,1.08
0.06,0.208,0.333,1.12
0.068,0.167,0.417,1.24
0.077,0.167,0.417,1.24
0.085,-0.083,0.208,1.48
0.094,-0.083,0.208,1.48
0.102,-0.25,0.125,1.52
0.111,-0.292,0.125,1.52
0.119,-0.167,0.208,1.52
0.128,0,0.25,1.48
0.136,0.042,0.333,1.48
0.145,0,0.292,1.4
0.154,0,0.292,1.4
0.162,-0.167,0.208,1.4
0.171,-0.25,0.208,1.36
0.18,-0.292,0.208,1.4
0.188,-0.375,0.167,1.4
0.197,-0.458,0.083,1.44
0.205,-0.458,0.083,1.44
0.214,-0.542,0.083,1.44
0.222,-0.542,0.042,1.4
0.231,-0.458,0.042,1.32
0.24,-0.375,0.083,1.24
0.248,-0.375,0.083,1.24
0.257,-0.5,0.042,1.2
0.266,-0.5,0.042,1.2
0.274,-0.542,-0.042,1.2
0.283,-0.542,-0.042,1.12
0.291,-0.458,0,1
0.3,-0.458,0,1
0.308,-0.458,0,0.92
0.317,-0.5,-0.042,0.96
0.325,-0.5,-0.083,0.96
0.334,-0.417,-0.042,0.92
0.342,-0.333,-0.042,0.88
0.351,-0.292,-0.042,0.76
0.359,-0.292,-0.042,0.76
0.368,-0.25,-0.042,0.68
0.376,-0.25,-0.042,0.68
0.385,-0.25,-0.083,0.64
0.394,-0.292,-0.125,0.64
0.402,-0.333,-0.167,0.72
0.411,-0.375,-0.208,0.72
0.419,-0.333,-0.208,0.68
0.428,-0.292,-0.208,0.6
0.436,-0.208,-0.167,0.52
0.445,-0.167,-0.208,0.48
0.453,-0.167,-0.208,0.48
0.462,-0.208,-0.25,0.44
0.47,-0.208,-0.25,0.44
0.479,-0.25,-0.292,0.44
0.487,-0.25,-0.292,0.52
0.496,-0.25,-0.292,0.52
0.505,-0.208,-0.292,0.56
0.513,-0.125,-0.25,0.52
0.522,0,-0.208,0.48
0.531,0.083,-0.208,0.44
0.54,0.208,-0.125,0.36
0.549,0.167,-0.167,0.28
0.557,0.083,-0.208,0.32
0.566,-0.042,-0.25,0.44
0.574,-0.042,-0.25,0.44
0.583,-0.042,-0.25,0.44
0.591,0.042,-0.208,0.44
0.6,0.083,-0.167,0.44
0.608,0.083,-0.167,0.4
0.617,0.125,-0.125,0.4
0.625,0.125,-0.125,0.4
0.634,0.208,-0.083,0.44
0.642,0.375,-0.042,0.48
0.651,0.375,-0.042,0.56
0.659,0.292,-0.083,0.68
0.668,0.167,-0.125,0.76
0.676,0.167,-0.125,0.8
0.685,0.292,-0.042,0.8
0.693,0.292,-0.042,0.8
0.702,0.417,-0.042,0.8
0.711,0.458,-0.042,0.8
0.719,0.458,-0.042,0.8
0.728,0.5,-0.042,0.76
0.736,0.583,0,0.76
0.745,0.583,0,0.76
0.753,0.417,-0.042,0.84
0.762,0.292,-0.042,0.92
0.77,0.292,-0.042,0.96
0.779,0.375,0,1.04
0.787,0.458,0,1.12
0.796,0.5,0.042,1.16
0.804,0.5,0.042,1.16
0.813,0.542,0.083,1.16
0.822,0.5,0.125,1.12
0.83,0.375,0.083,1.16
0.839,0.083,0,1.24
0.847,0.083,0,1.24
0.856,-0.083,-0.042,1.28
0.864,-0.125,-0.042,1.28
0.873,-0.083,0,1.32
0.881,0,0.083,1.44
0.89,0.083,0.125,1.48
0.898,0.083,0.125,1.48
0.907,0.042,0.125,1.48
0.915,-0.167,0.125,1.56
0.924,-0.375,0.042,1.64
0.932,-0.458,0.042,1.76
0.941,-0.417,0.042,1.76
0.95,-0.417,0.042,1.72
0.958,-0.417,0.042,1.72
0.967,-0.5,0.042,1.64
0.975,-0.542,0.042,1.52
0.984,-0.458,0.083,1.44
0.992,-0.333,0.125,1.36
1.001,-0.333,0.125,1.28
1.009,-0.333,0.125,1.28
1.018,-0.333,0.125,1.28
1.026,-0.375,0.125,1.28
1.035,-0.417,0.125,1.28
1.043,-0.417,0.083,1.2
1.052,-0.375,0.083,1.04
1.06,-0.375,0.083,1.04
1.069,-0.333,0.083,0.96
1.078,-0.333,0.083,0.92
1.086,-0.333,0.042,0.88
1.095,-0.333,0,0.92
1.103,-0.292,0,0.88
1.112,-0.208,0,0.88
1.12,-0.208,0,0.88
1.129,-0.125,0.042,0.92
1.137,-0.083,0.042,0.92
1.146,-0.083,0.083,0.96
1.154,0,0.083,0.96
1.163,0,0.083,0.96
1.171,0.042,0.125,0.96
1.18,0.083,0.125,0.96
1.188,0.083,0.125,0.96
1.197,0.042,0.083,0.96
1.205,-0.042,0.042,1
1.214,-0.042,0.042,1
1.222,-0.083,0.042,1.08
1.231,-0.083,0.042,1.08
1.239,-0.083,0.042,1.08
1.248,0,0.042,1.04
1.257,0,0.042,1.08
1.265,0.042,0.083,1.08
1.274,0.042,0.083,1.08
1.282,0.042,0.083,1.04
1.291,0,0.042,1.04
1.299,-0.042,0.042,1
1.308,-0.042,0.042,1
1.316,-0.083,0.042,1
1.325,-0.083,0.042,1
1.333,-0.083,0.042,1.04
1.342,-0.042,0.083,1.04
1.35,-0.042,0.083,1.08
1.359,-0.042,0.083,1.08
1.367,-0.042,0.083,1.04
1.377,-0.083,0.083,1
1.386,-0.083,0.083,1
1.395,-0.083,0.083,1
1.404,-0.083,0.083,1
1.412,-0.083,0.083,1
1.421,-0.083,0.083,1
1.429,-0.083,0.083,0.96
1.438,-0.083,0.083,0.96
