0,0,0,1.16
0.009,-0.083,-0.042,0.96
0.017,0,-0.042,1.04
0.026,0.083,-0.042,1
0.034,0.167,0,1
0.043,0.208,0.042,1.08
0.052,0.208,0.042,1.04
0.061,0.208,0.042,1.04
0.07,0.208,0.042,1
0.08,0.25,0.083,0.96
0.088,0.125,0.042,0.96
0.097,0,0,1.04
0.106,0,0,1.04
0.115,0,-0.042,0.96
0.124,0.042,0,0.92
0.133,0.042,0,0.92
0.144,0.167,0.042,1
0.156,0.125,0.042,1.04
0.165,0.083,0.042,1.04
0.174,0.083,0,1.04
0.183,0.083,0,1.04
0.192,0.042,0,1.04
0.202,0,0,1.04
0.213,0.042,-0.042,1.04
0.224,0.083,0,1
0.234,0.083,-0.042,0.96
0.243,0.083,-0.042,0.96
0.252,0.083,0,1
0.261,0.083,0,1.04
0.269,0.083,0,1.04
0.278,0.125,0,1.08
0.286,0.125,0,1.04
0.295,0.125,0,1.04
0.303,0.083,0,1.04
0.312,0.083,0,1.04
0.32,0.042,-0.042,1.04
0.329,0,-0.042,1
0.337,0.042,0,1
0.346,0.042,0,1
0.354,0.083,0,1.04
0.363,0.167,0.042,1.04
0.372,0.167,0,1.04
0.38,0.167,0,1
0.389,0.167,0,1
0.397,0.125,0.042,1
0.406,0.083,0,1
0.414,0.083,0,1
0.423,0.083,0,1
0.431,0.042,0,1
0.44,0.042,-0.042,1
0.448,0.042,-0.042,1
0.457,0.042,0,1.04
0.465,0.083,0,1.04
0.474,0.125,0,1.04
0.483,0.125,0,1.04
0.491,0.083,0,1.04
0.5,0.083,0,1.04
0.508,0.083,-0.042,1.04
0.517,0.083,-0.042,1
0.526,0.042,-0.042,1
0.534,0.042,-0.042,1
0.543,0.083,-0.042,1
0.551,0.083,-0.042,1.04
0.56,0.083,-0.042,1.04
0.569,0.083,-0.042,1.04
0.577,0.083,-0.083,1
0.586,0.083,-0.125,1
0.594,0.083,-0.125,1
0.603,0.125,-0.167,1.12
0.611,0.083,-0.208,1.16
0.62,0,-0.208,1.2
0.628,0,-0.208,1.2
0.637,0,-0.292,1.2
0.645,-0.042,-0.375,1.2
0.654,0.042,-0.458,1.24
0.662,0.042,-0.458,1.24
0.671,0.25,-0.542,1.4
0.679,0.25,-0.542,1.4
0.688,0.25,-0.667,1.48
0.696,0.125,-0.875,1.48
0.705,0.042,-1.042,1.44
0.714,-0.083,-1.208,1.48
0.722,-0.083,-1.208,1.48
0.731,-0.042,-1.333,1.48
0.74,0.083,-1.292,1.44
0.748,0.208,-1.167,1
0.757,0.25,-0.958,0.56
0.765,0.375,-0.667,0.24
0.774,0.458,-0.167,-0.08
0.782,0.458,-0.167,-0.08
0.791,0,0.292,0.04
0.799,-0.667,0.667,0.6
0.808,-0.583,1.208,1.08
0.816,-0.083,1.75,1.16
0.825,0.333,2.083,1.12
0.833,0.5,2.292,1
0.842,0.5,2.292,1
0.85,0.458,2.417,0.8
0.859,0.458,2.375,0.72
0.867,0.375,2.167,0.68
0.876,0.333,1.833,0.52
0.884,0.25,1.458,0.32
0.893,0.25,1.458,0.32
0.902,0.125,1,0.16
0.91,0.042,0.667,0.28
0.919,0.083,0.375,0.56
0.927,0.083,0.125,0.88
0.936,0.083,0.125,0.88
0.944,-0.375,-0.417,1.28
0.953,-0.375,-0.417,1.28
0.961,-0.5,-0.667,1.36
0.97,-0.5,-0.75,1.4
0.978,-0.458,-0.833,1.48
0.987,-0.375,-0.833,1.48
0.995,-0.208,-0.75,1.44
1.004,-0.208,-0.75,1.44
1.012,-0.042,-0.625,1.44
1.021,0.167,-0.5,1.48
1.029,0.333,-0.375,1.48
1.038,0.333,-0.375,1.48
1.046,0.375,-0.292,1.44
1.055,0.417,-0.208,1.4
1.064,0.458,-0.125,1.36
1.072,0.458,-0.083,1.32
1.081,0.417,-0.042,1.24
1.089,0.417,-0.042,1.24
1.098,0.333,-0.042,1.16
1.106,0.25,-0.042,1.12
1.115,0.167,-0.042,1
1.123,0.042,-0.042,0.84
1.132,0,-0.042,0.8
1.141,0,-0.042,0.88
1.149,0,-0.042,0.88
1.158,0,-0.042,0.88
1.166,0.083,0,0.92
1.175,0.167,0.042,0.92
1.184,0.167,0.042,0.92
1.192,0.167,0.042,0.92
1.201,0.042,0,0.88
1.21,0.042,0,0.88
1.218,0,-0.042,0.88
1.227,0.042,-0.042,0.88
1.235,0.125,-0.042,0.96
1.244,0.125,-0.083,0.92
1.252,0.125,-0.083,0.92
1.261,0.125,-0.083,0.88
1.269,0.083,-0.125,0.88
1.278,0.083,-0.125,0.84
1.286,0.083,-0.083,0.92
1.295,0.083,-0.083,0.92
