0,0.25,0,0.96
0.009,0.333,0.042,1
0.017,0.333,0.042,1.04
0.026,0.208,0,1.04
0.034,0.208,0,1.04
0.043,0.083,-0.083,1.08
0.051,0,-0.083,1.08
0.06,0,-0.083,1.04
0.068,0,-0.083,1
0.077,0.042,-0.083,1
0.085,0.083,-0.083,0.96
0.094,0.083,-0.083,0.96
0.103,0.083,-0.083,0.96
0.111,0.125,-0.042,0.92
0.12,0.208,-0.042,0.92
0.128,0.167,-0.083,0.88
0.137,0.167,-0.083,0.88
0.145,0.167,-0.083,0.88
0.154,0.125,-0.083,0.88
0.162,0.083,-0.083,0.92
0.171,0.042,-0.083,1
0.179,0.083,-0.083,1.04
0.189,0.083,-0.083,1.04
0.197,0.083,-0.042,1.08
0.206,0.083,-0.042,1.08
0.214,0.167,0,1.08
0.223,0.167,0,1.12
0.231,0.208,0,1.08
0.24,0.208,0,1.08
0.249,0.167,0,1.08
0.257,0.125,-0.042,1.08
0.266,0.042,-0.083,1.04
0.274,0.042,-0.083,1
0.283,0.083,-0.083,1
0.291,0.083,-0.083,1
0.3,0.083,-0.083,1
0.309,0.083,-0.083,1
0.318,0.083,-0.083,1
0.326,0.167,-0.042,1.04
0.335,0.208,-0.042,1.08
0.343,0.167,-0.083,1.08
0.352,0.083,-0.125,1.08
0.36,-0.042,-0.208,1.04
0.369,-0.042,-0.208,1.04
0.377,0,-0.333,1.04
0.386,0.083,-0.417,1.04
0.394,0.125,-0.542,1.04
0.404,0.125,-0.542,1.04
0.412,0.208,-0.708,1.12
0.421,0.25,-0.875,1.28
0.429,0.292,-1.125,1.36
0.438,0.375,-1.25,1.4
0.446,0.417,-1.375,1.32
0.455,0.417,-1.375,1.32
0.464,0.375,-1.542,1.16
0.472,0.208,-1.583,0.84
0.481,0.042,-1.5,0.52
0.489,-0.083,-1.292,0.32
0.498,-0.125,-0.875,0.2
0.506,-0.292,-0.333,0.2
0.515,-0.292,-0.333,0.2
0.523,-0.625,0.208,0.52
0.532,-0.625,0.833,1.32
0.54,-0.25,1.417,2.08
0.549,0.083,1.875,2.4
0.557,0.375,2.417,2.36
0.566,0.375,2.417,2.36
0.574,0.625,2.708,2.16
0.583,0.708,2.75,1.8
0.591,0.667,2.5,1.32
0.6,0.625,2.042,0.68
0.609,0.583,1.542,0.04
0.617,0.417,1.125,-0.4
0.626,0.417,1.125,-0.4
0.634,0.208,0.667,-0.44
0.643,0.042,0.292,-0.2
0.651,-0.125,0,0.16
0.66,-0.25,-0.25,0.56
0.668,-0.333,-0.5,0.88
0.677,-0.333,-0.5,0.88
0.685,-0.333,-0.583,1.04
0.694,-0.375,-0.667,1.2
0.703,-0.458,-0.708,1.36
0.711,-0.292,-0.667,1.4
0.72,-0.292,-0.667,1.4
0.728,-0.083,-0.583,1.36
0.737,0.083,-0.458,1.36
0.745,0.25,-0.333,1.36
0.754,0.25,-0.208,1.32
0.762,0.417,-0.167,1.28
0.771,0.458,-0.125,1.2
0.779,0.458,-0.125,1.2
0.788,0.417,-0.125,1.16
0.796,0.333,-0.167,1.12
0.805,0.25,-0.167,1.08
0.813,0.208,-0.208,1.08
0.822,0.208,-0.208,1.08
0.83,0,-0.208,1
0.839,0,-0.208,1
0.847,0,-0.167,1
0.856,0,-0.125,1
0.864,0.042,-0.083,1
0.873,0.083,-0.125,0.92
0.882,0.083,-0.125,0.92
0.89,0.125,-0.083,0.88
0.899,0.125,-0.083,0.84
0.907,0.167,-0.083,0.84
0.916,0.208,-0.042,0.88
0.924,0.167,-0.042,0.92
0.933,0.167,-0.042,0.92
0.941,0.125,-0.042,0.92
0.95,0.167,-0.042,0.92
0.958,0.167,-0.042,0.96
0.967,0.167,-0.042,0.96
0.976,0.167,-0.042,0.96
0.984,0.125,-0.042,1
0.993,0.125,-0.042,1
1.002,0.083,-0.083,1
1.01,0.083,-0.125,1
1.019,0.125,-0.083,0.96
1.028,0.125,-0.083,0.96
1.036,0.083,-0.125,1.04
1.045,0.042,-0.125,1.08
1.053,0.042,-0.125,1.08
1.062,0.083,-0.125,1.04
1.07,0.083,-0.083,1
1.079,0.125,-0.083,0.96
1.087,0.125,-0.083,0.96
1.096,0.208,-0.083,0.96
1.105,0.208,-0.083,0.96
1.113,0.25,-0.083,0.96
1.122,0.208,-0.083,1.04
1.13,0.083,-0.083,1.12
1.139,0.042,-0.125,1.08
1.147,0.042,-0.125,1.08
1.156,0,-0.125,1.04
1.164,0.083,-0.125,1
1.173,0.125,-0.125,0.96
1.181,0.167,-0.125,0.96
1.19,0.167,-0.125,0.96
1.198,0.167,-0.125,1
1.207,0.167,-0.125,1.12
1.215,0.208,-0.125,1.08
1.224,0.208,-0.125,1.04
1.232,0.167,-0.125,1
1.241,0.042,-0.125,1.04
1.249,0.042,-0.125,1.04
