0,0.077,-0.074,1.308
0.009,0.115,-0.185,1
0.017,0.077,-0.259,0.846
0.026,0.038,-0.259,0.769
0.034,0.038,-0.259,0.769
0.043,0.077,-0.222,0.808
0.051,0.154,-0.185,0.885
0.06,0.231,-0.148,0.923
0.068,0.231,-0.148,0.962
0.077,0.231,-0.185,0.885
0.086,0.231,-0.185,0.885
0.095,0.115,-0.222,0.846
0.103,0.115,-0.222,0.846
0.112,0.077,-0.259,0.923
0.12,0.077,-0.259,0.962
0.129,0.077,-0.222,0.962
0.137,0.077,-0.222,0.962
0.146,0.115,-0.222,0.962
0.156,0.115,-0.222,0.962
0.164,0.077,-0.222,0.962
0.173,0.077,-0.259,1
0.181,0.077,-0.259,1
0.19,0.077,-0.222,0.962
0.198,0.077,-0.259,0.962
0.207,0.077,-0.259,0.962
0.215,0.077,-0.259,0.962
0.224,0.115,-0.259,1
0.232,0.115,-0.296,1
0.241,0.115,-0.296,1.038
0.249,0.154,-0.333,1.038
0.259,0.154,-0.333,1.038
0.27,0.231,-0.333,1.077
0.279,0.231,-0.333,1.077
0.29,0.538,-0.259,1.038
0.299,0.846,-0.074,1
0.308,0.846,-0.074,1
0.317,1.154,0.111,1.038
0.325,1.5,0.333,1.077
0.334,1.885,0.593,1.077
0.342,2.192,0.852,1.154
0.351,2.423,1.037,1.231
0.359,2.577,1.259,1.192
0.368,2.577,1.259,1.192
0.377,2.538,1.407,1.115
0.385,2.231,1.481,1.154
0.394,1.808,1.519,1.154
0.402,1.385,1.593,1.115
0.411,0.885,1.704,1.192
0.419,0.885,1.704,1.192
0.428,0.308,1.741,1.462
0.436,-0.346,1.667,1.731
0.445,-0.962,1.519,1.808
0.454,-1.538,1.333,1.769
0.462,-2.038,1,1.731
0.471,-2.346,0.704,1.615
0.479,-2.423,0.481,1.462
0.488,-2.423,0.481,1.462
0.496,-2.423,0.259,1.385
0.505,-2.385,0.074,1.231
0.513,-2.231,0.037,1.115
0.522,-2,0.037,1.038
0.53,-1.731,0.037,1
0.539,-1.731,0.037,1
0.547,-1.538,0.074,1
0.556,-1.385,0.111,0.962
0.565,-1.231,0.185,0.923
0.573,-1.077,0.259,0.923
0.582,-0.923,0.296,0.962
0.59,-0.923,0.296,0.962
0.599,-0.846,0.259,1.038
0.607,-0.769,0.222,1.077
0.616,-0.731,0.148,1.115
0.624,-0.692,0.111,1.077
0.633,-0.615,0.074,1.077
0.641,-0.615,0.074,1.077
0.65,-0.615,0,1.038
0.658,-0.615,-0.037,1.077
0.667,-0.577,-0.111,1.115
0.675,-0.538,-0.111,1.192
