0,0.231,-0.111,0.692
0.009,0.231,-0.111,0.846
0.018,0.231,-0.111,0.846
0.026,0.192,-0.111,1
0.035,0.115,-0.111,1.115
0.044,0.038,-0.148,1.192
0.052,0,-0.148,1.154
0.061,0.038,-0.148,1.115
0.069,0.115,-0.148,1.077
0.078,0.115,-0.148,1.077
0.086,0.154,-0.111,1.038
0.096,0.154,-0.111,1.038
0.105,0.154,-0.111,1.038
0.113,0.154,-0.111,1
0.122,0.192,-0.074,1
0.13,0.154,-0.111,1
0.139,0.154,-0.111,0.962
0.148,0.154,-0.111,0.962
0.156,0.115,-0.111,1
0.165,0.115,-0.148,1
0.175,0.115,-0.111,1
0.183,0.115,-0.111,1
0.192,0.115,-0.111,1
0.201,0.115,-0.111,1
0.21,0.115,-0.111,1
0.218,0.115,-0.111,1
0.227,0.115,-0.111,0.962
0.235,0.077,-0.148,0.962
0.244,0.077,-0.148,0.962
0.252,0.077,-0.148,0.962
0.261,0.115,-0.148,0.962
0.269,0.115,-0.111,1
0.278,0.115,-0.111,1
0.286,0.154,-0.111,1
0.295,0.154,-0.111,1
0.303,0.154,-0.111,0.962
0.312,0.115,-0.148,0.962
0.32,0.077,-0.148,1
0.329,0.077,-0.148,1
0.337,0.077,-0.148,1
0.346,0.077,-0.148,1
0.354,0.115,-0.148,0.962
0.363,0.115,-0.148,0.923
0.371,0.115,-0.148,0.923
0.38,0.115,-0.148,0.923
0.389,0.115,-0.111,0.923
0.398,0.115,-0.111,0.923
0.406,0.115,-0.111,0.962
0.415,0.115,-0.111,0.962
0.424,0.077,-0.148,1
0.433,0.077,-0.148,1
0.441,0.077,-0.148,1
0.45,0.077,-0.148,1
0.458,0.115,-0.148,1
0.467,0.154,-0.148,1
0.476,0.154,-0.185,1
0.484,0.154,-0.259,1
0.493,0.154,-0.333,1
0.501,0.192,-0.407,1
0.51,0.192,-0.407,1
0.519,0.192,-0.519,1.038
0.527,0.154,-0.667,1.077
0.536,0.077,-0.815,1.154
0.544,-0.038,-0.926,1.231
0.553,-0.115,-1,1.269
0.562,-0.154,-1.037,1.269
0.57,-0.154,-1.037,1.269
0.579,-0.154,-1.037,1.192
0.588,-0.192,-1.037,1.115
0.597,-0.192,-1.037,1.115
0.605,-0.231,-0.926,0.846
0.614,-0.231,-0.926,0.846
0.623,-0.192,-0.778,0.731
0.633,-0.154,-0.63,0.654
0.641,-0.077,-0.481,0.538
0.65,0.038,-0.333,0.462
0.658,0.038,-0.148,0.385
0.667,0,0,0.423
0.676,-0.077,0.222,0.538
0.684,-0.077,0.222,0.538
0.693,-0.077,0.444,0.654
0.702,-0.077,0.741,0.769
0.711,-0.115,1.074,0.923
0.72,0,1.37,1.154
0.728,0.115,1.63,1.385
0.737,0.269,1.778,1.538
0.745,0.346,1.852,1.654
0.754,0.346,1.852,1.654
0.764,0.385,1.778,1.654
0.772,0.308,1.593,1.5
0.781,0.192,1.333,1.308
0.789,0.077,1.074,1.077
0.798,0.038,0.815,0.846
0.806,0,0.519,0.731
0.815,-0.038,0.259,0.654
0.823,-0.038,0.259,0.654
0.832,-0.077,0,0.692
0.84,-0.077,-0.259,0.731
0.849,-0.077,-0.444,0.731
0.858,-0.077,-0.593,0.692
0.866,-0.077,-0.741,0.731
0.875,-0.077,-0.741,0.731
0.883,-0.077,-0.815,0.769
0.892,-0.115,-0.889,0.885
0.901,-0.115,-0.926,0.962
0.91,-0.115,-0.889,1.038
0.918,-0.038,-0.852,1
0.927,0.038,-0.741,1.038
0.936,0.038,-0.741,1.038
0.944,0.077,-0.667,1.077
0.953,0.115,-0.593,1.115
0.961,0.154,-0.519,1.154
0.97,0.115,-0.444,1.154
0.978,0.077,-0.407,1.192
0.987,0.077,-0.37,1.192
0.995,0.077,-0.37,1.192
1.004,0.077,-0.333,1.192
1.013,0.077,-0.296,1.154
1.021,0.077,-0.259,1.115
1.033,0.077,-0.259,1.077
1.041,0.077,-0.259,1.077
1.05,0.077,-0.222,1.038
1.058,0.115,-0.185,1
1.067,0.115,-0.185,1
1.075,0.115,-0.185,1
1.084,0.115,-0.148,1
1.093,0.115,-0.148,1
1.101,0.115,-0.111,1.038
1.11,0.115,-0.074,1.038
1.118,0.154,-0.074,1
1.127,0.154,-0.074,1
1.136,0.115,-0.111,0.962
1.145,0.115,-0.111,0.962
1.153,0.077,-0.148,1
1.162,0.077,-0.148,1.038
1.171,0.115,-0.111,0.962
1.18,0.154,-0.074,0.923
1.191,0.192,-0.037,0.923
1.199,0.192,-0.037,0.923
1.208,0.231,-0.037,0.885
