0,-0.231,-0.074,1
0.009,-0.154,-0.074,1.077
0.017,-0.154,-0.074,1.077
0.026,0,-0.074,1.038
0.034,0.077,-0.111,1.038
0.043,0.077,-0.074,1
0.051,-0.038,-0.111,0.962
0.06,-0.154,-0.037,0.962
0.068,-0.154,-0.037,0.962
0.077,-0.231,-0.037,1
0.086,-0.269,-0.037,1
0.095,-0.269,-0.074,1
0.103,-0.269,-0.111,1
0.112,-0.269,-0.185,0.962
0.12,-0.269,-0.259,0.962
0.129,-0.308,-0.333,0.962
0.137,-0.308,-0.333,0.962
0.146,-0.346,-0.407,1.038
0.154,-0.385,-0.444,1.077
0.163,-0.385,-0.556,1.154
0.171,-0.385,-0.63,1.192
0.18,-0.423,-0.741,1.192
0.188,-0.423,-0.741,1.192
0.197,-0.423,-0.815,1.231
0.206,-0.346,-0.926,1.192
0.214,-0.269,-0.963,1.154
0.223,-0.269,-0.963,1.154
0.231,-0.154,-1,1.115
0.24,-0.115,-0.963,1.038
0.249,-0.077,-0.963,1.038
0.257,-0.077,-0.963,1.038
0.266,-0.115,-0.963,1.038
0.274,-0.154,-0.963,1.077
0.283,-0.154,-0.963,1.077
0.291,-0.192,-0.963,1.077
0.3,-0.231,-0.889,1.077
0.308,-0.192,-0.815,1.038
0.317,-0.154,-0.704,0.962
0.325,-0.154,-0.593,0.923
0.334,-0.154,-0.444,0.923
0.343,-0.192,-0.333,0.962
0.351,-0.192,-0.333,0.962
0.36,-0.154,-0.222,0.923
0.368,-0.038,-0.074,0.769
0.377,0.077,0.148,0.654
0.385,0.154,0.333,0.654
0.394,0.115,0.593,0.654
0.402,0.115,0.593,0.654
0.411,-0.192,1,0.808
0.42,-0.192,1,0.808
0.428,-0.192,1.148,0.923
0.437,-0.077,1.259,0.962
0.446,0.038,1.259,0.923
0.454,0.077,1.296,0.923
0.463,0.115,1.259,0.923
0.471,-0.038,1.185,0.962
0.48,-0.038,1.185,0.962
0.488,-0.231,1.111,1
0.497,-0.346,1,0.962
0.505,-0.5,0.926,0.885
0.514,-0.5,0.778,0.885
0.522,-0.5,0.778,0.885
0.531,-0.385,0.63,0.846
0.539,-0.154,0.481,0.808
0.548,0.077,0.333,0.769
0.556,0.231,0.259,0.769
0.565,0.269,0.222,0.808
0.573,0.192,0.185,0.846
0.582,0.192,0.185,0.846
0.59,0.115,0.148,0.846
0.599,0.038,0.148,0.808
0.607,-0.038,0.148,0.731
0.616,-0.077,0.111,0.769
0.624,-0.077,0.074,0.808
0.633,-0.077,0.074,0.808
0.642,0,0.074,0.808
0.65,0.115,0.074,0.769
0.659,0.115,0.037,0.808
0.667,0.077,0.074,0.885
0.676,-0.077,0.074,0.923
0.684,-0.154,0.111,0.962
0.693,-0.154,0.111,0.962
0.701,-0.231,0.148,1
0.71,-0.192,0.185,0.962
0.718,-0.154,0.148,0.962
0.727,-0.077,0.185,0.962
0.735,-0.038,0.148,1
0.744,-0.038,0.148,1
0.752,-0.077,0.148,1.077
0.761,-0.077,0.074,1.154
0.769,-0.038,0.074,1.115
0.778,-0.038,0.037,1.115
0.786,0.077,0.037,1.115
0.795,0.077,0.037,1.115
0.804,0.115,0.037,1
