0,1.538,-0.185,0
0.009,1.615,-0.148,0.038
0.017,1.885,0.037,0.231
0.026,2.115,0.148,0.308
0.034,2.269,0.259,0.269
0.043,2.269,0.259,0.269
0.051,2.231,0.37,0.231
0.06,2.077,0.444,0.192
0.069,1.885,0.519,0.269
0.077,1.692,0.63,0.385
0.091,1.538,0.741,0.423
0.1,1.346,0.889,0.385
0.11,1.077,1.074,0.154
0.119,0.769,1.296,0.038
0.128,0.192,1.333,0.308
0.136,-0.462,1.259,0.654
0.145,-1.192,0.926,0.731
0.153,-1.885,0.519,0.538
0.162,-1.885,0.519,0.538
0.17,-2.577,0.148,0.385
0.179,-3.077,-0.185,0.308
0.188,-3.423,-0.481,0.423
0.196,-3.692,-0.667,0.5
0.205,-3.846,-0.815,0.577
0.213,-3.923,-0.889,0.5
0.222,-3.923,-0.889,0.5
0.23,-3.923,-0.852,0.423
0.239,-3.846,-0.778,0.385
0.247,-3.692,-0.778,0.423
0.256,-3.462,-0.704,0.5
0.264,-3.192,-0.63,0.615
0.274,-2.923,-0.481,0.692
0.283,-2.577,-0.259,0.731
0.291,-2.577,-0.259,0.731
0.3,-2.154,0.074,0.731
0.308,-1.769,0.296,0.654
0.317,-1.346,0.444,0.538
0.326,-1,0.63,0.5
0.334,-0.654,0.741,0.462
0.343,-0.654,0.741,0.462
0.351,-0.269,0.852,0.462
0.36,0,1,0.5
0.368,0.346,1.185,0.577
0.377,0.654,1.333,0.577
0.385,1.038,1.37,0.5
0.394,1.038,1.37,0.5
0.402,1.346,1.37,0.423
0.411,1.692,1.407,0.346
0.42,2.115,1.444,0.346
0.428,2.462,1.481,0.385
0.437,2.769,1.481,0.385
0.445,2.769,1.481,0.385
0.454,2.923,1.444,0.346
0.462,2.923,1.37,0.231
0.471,2.923,1.296,0.115
0.479,2.769,1.185,0.038
0.488,2.769,1.185,0.038
0.496,2.577,1.074,0.038
0.505,2.385,0.963,0
0.513,2.231,0.926,-0.038
0.522,2.038,0.852,-0.038
0.53,1.885,0.815,0
0.539,1.731,0.778,0
0.547,1.731,0.778,0
0.556,1.538,0.778,0
0.564,1.346,0.852,0.038
0.573,1.154,1.037,0.038
0.581,0.923,1.259,0.077
0.59,0.577,1.556,0.115
0.598,0.577,1.556,0.115
0.607,0.192,1.778,0.077
0.616,-0.346,2,0.346
0.624,-1.154,1.667,0.962
0.633,-1.808,0.963,1.192
0.641,-1.808,0.963,1.192
0.65,-2.192,0.37,0.923
0.658,-2.538,-0.111,0.577
0.667,-2.808,-0.481,0.538
0.675,-2.923,-0.741,0.846
0.684,-2.846,-0.926,1.038
0.692,-2.846,-0.926,1.038
0.701,-2.692,-0.926,1.038
0.709,-2.423,-0.815,0.923
0.719,-1.962,-0.63,0.769
0.727,-1.538,-0.519,0.654
0.736,-1.269,-0.519,0.577
0.744,-1.192,-0.593,0.538
0.753,-1.269,-0.704,0.538
0.761,-1.269,-0.704,0.538
0.77,-1.462,-0.889,0.5
0.778,-1.654,-1,0.5
0.787,-1.731,-1.111,0.462
0.795,-1.615,-1.074,0.462
0.804,-1.423,-0.926,0.462
0.812,-1.423,-0.926,0.462
