0,0.583,-0.25,0.76
0.009,0.5,-0.25,0.92
0.017,0.5,-0.25,0.92
0.026,0.333,-0.25,1.08
0.034,0.375,-0.167,1.04
0.043,0.542,-0.125,0.68
0.051,0.917,-0.083,0.16
0.06,1,-0.125,0.16
0.068,0.792,-0.25,0.72
0.077,0.583,-0.25,1.16
0.085,0.583,-0.25,1.16
0.094,0.583,-0.208,1.2
0.103,0.708,-0.208,0.84
0.112,0.792,-0.167,0.6
0.12,0.792,-0.167,0.6
0.129,0.708,-0.208,0.68
0.137,0.708,-0.208,0.68
0.146,0.708,-0.208,0.56
0.154,0.667,-0.208,0.64
0.163,0.75,-0.208,0.72
0.171,0.792,-0.208,0.76
0.18,0.833,-0.208,0.84
0.188,0.833,-0.208,0.76
0.197,0.833,-0.208,0.76
0.206,0.875,-0.208,0.64
0.214,0.958,-0.167,0.56
0.223,1.083,-0.167,0.52
0.231,1.167,-0.167,0.52
0.24,1.167,-0.167,0.52
0.248,1.292,-0.167,0.68
0.257,1.542,-0.167,0.92
0.265,1.75,-0.167,1.04
0.274,1.75,-0.167,1.04
0.282,1.833,-0.125,0.96
0.291,1.833,-0.083,0.96
0.299,1.833,-0.083,0.96
0.308,1.708,-0.083,1.16
0.316,1.625,-0.042,1.44
0.325,1.5,-0.042,1.84
0.333,1.417,-0.042,2.24
0.342,1.167,0,2.44
0.35,1.167,0,2.44
0.359,0.833,0.042,2.48
0.368,0.5,0.083,2.52
0.376,0.125,0.125,2.52
0.385,-0.292,0.167,2.44
0.393,-0.583,0.208,2.28
0.402,-0.583,0.208,2.28
0.41,-0.75,0.292,2.16
0.419,-0.792,0.458,2.04
0.427,-0.708,0.667,1.76
0.436,-0.458,1,1.48
0.444,-0.375,1.167,1.2
0.453,-0.208,1.292,0.76
0.461,-0.208,1.292,0.76
0.47,-0.042,1.417,0.2
0.478,0.208,1.458,-0.56
0.487,0.75,1.333,-1.4
0.495,1.417,1.042,-2.24
0.504,1.417,1.042,-2.24
0.512,1.958,0.667,-3
0.521,2.25,0.5,-3.56
0.53,2.417,0.5,-3.44
0.538,2.417,0.5,-3.44
0.547,2.458,0.5,-2.88
0.555,2.417,0.5,-2.44
0.564,2.25,0.458,-2.16
0.572,1.917,0.333,-1.88
0.581,1.417,0.25,-1.48
0.59,0.833,0.208,-0.88
0.598,0.833,0.208,-0.88
0.607,0.292,0.167,0
0.615,-0.417,0.125,0.76
0.624,-1.292,0,1.2
0.632,-2.292,-0.167,1.36
0.641,-3.417,-0.417,1.2
0.649,-4.292,-0.708,1.16
0.658,-4.292,-0.708,1.16
0.666,-4.708,-0.958,1.24
0.675,-4.833,-1,1.16
0.683,-4.375,-0.917,1.12
0.692,-3.625,-0.708,1.08
0.7,-2.833,-0.5,1.04
0.709,-2.833,-0.5,1.04
0.717,-2.083,-0.25,0.96
0.726,-1.417,0,0.8
0.734,-1.417,0,0.8
0.743,-0.042,0.583,-0.16
0.752,0.708,0.75,-1
0.76,0.708,0.75,-1
0.769,1.708,0.875,-1.88
0.777,3,0.917,-2.44
0.786,4,0.833,-2.52
0.794,4.125,0.708,-2.44
0.803,3.375,0.667,-2.6
0.811,2.583,0.583,-2.72
0.82,2.083,0.375,-2.48
0.828,2.083,0.375,-2.48
0.837,1.792,0.25,-2.04
0.845,1.542,0.167,-1.36
0.854,1.167,0.125,-0.64
0.863,1.167,0.125,-0.64
0.871,0.708,0.083,0
0.88,0.208,0,0.44
0.888,-0.458,-0.083,0.6
0.897,-1.292,-0.083,0.64
0.905,-2.292,-0.125,0.56
0.914,-3.292,-0.25,0.52
0.922,-3.292,-0.25,0.52
0.931,-4.333,-0.5,0.52
0.939,-4.917,-0.708,0.6
0.948,-5,-0.75,0.52
0.956,-4.417,-0.625,0.32
0.965,-3.458,-0.417,0.12
0.974,-2.5,-0.25,0.04
0.983,-2.5,-0.25,0.04
0.991,-1.792,-0.125,0
1,-1.167,0.042,0
1.008,-0.625,0.208,-0.12
1.017,-0.083,0.333,-0.44
1.025,-0.083,0.333,-0.44
1.034,0.583,0.458,-0.96
1.042,1.167,0.458,-1.36
1.051,1.667,0.417,-1.52
1.059,2,0.333,-1.56
1.068,2.125,0.25,-1.48
1.077,2,0.125,-1.28
1.085,2,0.125,-1.28
1.094,1.708,0,-1.2
1.102,1.375,-0.083,-1.16
1.111,1.083,-0.167,-1.12
1.119,0.917,-0.208,-1.04
1.128,0.708,-0.25,-0.88
1.136,0.708,-0.25,-0.88
1.145,0.542,-0.25,-0.72
1.153,0.417,-0.208,-0.52
1.162,0.292,-0.208,-0.32
1.17,0.208,-0.208,-0.12
