0,-0.346,-0.148,0.423
0.009,-0.346,0,0.462
0.017,-0.423,0,0.538
0.026,-0.423,0,0.538
0.034,-0.577,-0.074,0.615
0.043,-0.769,-0.185,0.615
0.051,-0.885,-0.259,0.615
0.06,-0.885,-0.259,0.615
0.068,-0.962,-0.222,0.538
0.077,-0.962,-0.222,0.538
0.085,-0.962,-0.148,0.385
0.094,-1.038,-0.148,0.192
0.102,-1.115,-0.185,0.038
0.111,-1.154,-0.185,-0.038
0.119,-1.154,-0.185,-0.154
0.128,-1.154,-0.185,-0.308
0.137,-1.154,-0.185,-0.308
0.145,-1.115,-0.185,-0.462
0.154,-1.077,-0.148,-0.538
0.162,-1.038,-0.074,-0.462
0.171,-1.077,0,-0.346
0.18,-1.077,0.037,-0.154
0.189,-1.115,0.074,0
0.198,-1.115,0.074,0
0.206,-1.038,0.148,0.192
0.215,-0.962,0.259,0.308
0.223,-0.846,0.333,0.423
0.232,-0.769,0.37,0.538
0.241,-0.769,0.37,0.769
0.25,-0.769,0.37,0.769
0.259,-0.846,0.333,1
0.267,-1,0.259,1.231
0.276,-1.077,0.185,1.308
0.285,-1.038,0.185,1.192
0.294,-1,0.222,1.038
0.303,-1,0.222,0.962
0.312,-1,0.222,0.962
0.321,-1,0.222,0.962
0.33,-0.962,0.259,0.962
0.338,-0.885,0.259,0.923
0.347,-0.808,0.296,0.846
0.356,-0.846,0.259,0.654
0.364,-0.923,0.222,0.385
0.373,-0.923,0.222,0.385
0.382,-1.077,0.185,0.077
0.39,-1.154,0.148,-0.192
0.399,-1.308,0.074,-0.462
0.408,-1.462,-0.111,-1.077
0.416,-1.538,-0.444,-1.962
0.425,-1.538,-0.444,-1.962
0.434,-1.538,-0.741,-2.5
0.442,-1.577,-0.778,-2.462
0.451,-1.538,-0.63,-1.885
0.459,-1.5,-0.444,-1.077
0.468,-1.385,-0.259,-0.385
0.476,-1.385,-0.259,-0.385
0.485,-0.962,0.037,0.231
0.494,-0.962,0.037,0.231
0.502,-0.769,0.185,0.346
0.511,-0.615,0.296,0.5
0.519,-0.654,0.333,0.808
0.528,-0.731,0.37,1.154
0.536,-0.731,0.37,1.154
0.545,-0.846,0.37,1.577
0.553,-0.923,0.333,1.846
0.562,-0.885,0.333,2
0.57,-0.846,0.37,1.962
0.579,-0.808,0.37,1.769
0.587,-0.808,0.37,1.769
0.596,-0.808,0.37,1.462
0.609,-1,0.296,0.692
0.617,-1,0.296,0.692
0.626,-1.154,0.222,0.308
0.634,-1.269,0.148,-0.038
0.643,-1.423,0.037,-0.538
0.651,-1.5,-0.296,-1.385
0.66,-1.577,-0.63,-2.115
0.668,-1.577,-0.815,-2.423
0.677,-1.577,-0.815,-2.423
0.685,-1.577,-0.778,-2.231
0.694,-1.577,-0.667,-1.769
0.702,-1.5,-0.444,-1.192
0.711,-1.385,-0.185,-0.808
0.719,-1.385,-0.185,-0.808
0.728,-1.231,0.074,-0.538
0.736,-1.077,0.296,-0.269
0.745,-1,0.444,0.077
0.753,-1.038,0.519,0.538
0.762,-1.077,0.556,1.115
0.77,-1.115,0.519,1.615
0.779,-1.115,0.444,1.962
0.788,-1.115,0.444,1.962
0.796,-1.077,0.37,2
0.805,-1.038,0.333,1.846
0.813,-1,0.333,1.654
0.822,-0.962,0.296,1.423
0.83,-0.962,0.222,1.154
0.839,-0.962,0.222,1.154
0.847,-0.962,0.222,0.962
0.856,-1.038,0.222,0.769
0.864,-1.154,0.259,0.5
0.873,-1.154,0.259,0.5
0.881,-1.269,0.259,0.231
0.89,-1.423,0.222,0.038
0.898,-1.5,0.111,-0.346
0.907,-1.577,-0.037,-0.846
0.915,-1.462,-0.259,-1.462
0.924,-1.308,-0.407,-1.962
0.932,-1.308,-0.407,-1.962
0.941,-1.192,-0.519,-2.269
0.949,-1.192,-0.556,-2.269
0.958,-1.269,-0.481,-1.923
0.967,-1.385,-0.333,-1.462
0.975,-1.385,-0.148,-1.038
0.984,-1.385,-0.148,-1.038
0.992,-1.385,0,-0.654
1.001,-1.385,0.111,-0.269
1.009,-1.346,0.222,0.231
1.018,-1.269,0.37,0.808
1.026,-1.154,0.444,1.269
1.035,-1.038,0.481,1.538
1.043,-1.038,0.481,1.538
1.052,-0.923,0.444,1.538
1.061,-0.808,0.37,1.308
1.069,-0.769,0.296,1
