0,0.615,-0.074,0.538
0.009,0.654,-0.037,0.577
0.017,0.615,0,0.577
0.026,0.615,0,0.577
0.034,0.615,0,0.538
0.043,0.538,0,0.5
0.051,0.5,-0.037,0.5
0.06,0.462,-0.037,0.5
0.068,0.423,-0.037,0.5
0.077,0.423,-0.037,0.5
0.085,0.423,-0.037,0.5
0.094,0.385,-0.037,0.5
0.102,0.423,0,0.538
0.111,0.462,0.037,0.577
0.119,0.5,0.037,0.577
0.128,0.5,0.037,0.577
0.136,0.5,0.074,0.577
0.145,0.538,0.148,0.654
0.153,0.615,0.185,0.846
0.162,0.731,0.222,1
0.17,0.808,0.296,1.231
0.179,0.808,0.296,1.231
0.188,0.808,0.333,1.385
0.196,0.808,0.333,1.423
0.205,0.808,0.333,1.5
0.213,0.808,0.37,1.615
0.222,1,0.481,1.615
0.23,1,0.481,1.615
0.239,1.077,0.556,1.462
0.247,1.154,0.593,1.308
0.256,1.192,0.63,1.192
0.264,1.231,0.704,1.154
0.273,1.231,0.704,1.154
0.281,1.346,0.741,1.115
0.29,1.423,0.778,1.038
0.298,1.5,0.778,0.923
0.307,1.5,0.778,0.846
0.315,1.5,0.741,0.808
0.324,1.5,0.741,0.808
0.332,1.538,0.741,0.731
0.341,1.538,0.704,0.731
0.349,1.5,0.667,0.692
0.358,1.423,0.63,0.654
0.366,1.423,0.519,0.577
0.375,1.346,0.444,0.5
0.383,1.346,0.444,0.5
0.392,1.231,0.37,0.538
0.4,1.154,0.333,0.615
0.409,1.154,0.296,0.577
0.417,1.115,0.296,0.5
0.426,1.115,0.296,0.5
0.435,1.115,0.296,0.5
0.443,0.885,0.259,0.269
0.452,0.769,0.185,0.115
0.46,0.654,0.148,-0.038
0.469,0.538,0.148,-0.154
0.477,0.423,0.148,-0.308
0.486,0.423,0.148,-0.308
0.494,0.308,0.148,-0.423
0.503,0.192,0.185,-0.654
0.511,0.115,0.222,-0.731
0.52,0,0.296,-0.808
0.528,-0.231,0.296,-0.923
0.537,-0.423,0.37,-0.962
0.545,-0.423,0.37,-0.962
0.554,-0.654,0.37,-0.808
0.562,-0.846,0.37,-0.538
0.571,-0.923,0.407,-0.346
0.579,-1.077,0.333,-0.115
0.588,-1.423,0.111,0.192
0.596,-1.423,0.111,0.192
0.605,-1.654,-0.074,0.615
0.613,-1.654,-0.185,1.077
0.622,-1.577,-0.222,1.423
0.63,-1.269,-0.037,1.654
0.639,-0.923,0.074,1.769
0.648,-0.769,0.148,2
0.656,-0.769,0.148,2
0.665,-0.654,0.148,2.269
0.673,-0.538,0.148,2.5
0.682,-0.346,0.185,2.462
0.69,-0.154,0.111,2.346
0.699,-0.115,0.037,2.346
0.707,-0.115,0.037,2.346
0.716,0.077,0.111,2.192
0.724,0.5,0.296,2.038
0.733,0.731,0.37,1.923
0.741,0.885,0.407,1.769
0.75,1.077,0.519,1.538
0.758,1.077,0.519,1.538
0.767,1.192,0.556,1.462
0.775,1.192,0.593,1.385
0.784,1.115,0.593,1.115
0.792,1.077,0.556,0.731
0.801,0.962,0.481,0.538
0.809,0.962,0.481,0.538
0.818,0.769,0.296,0.5
0.826,0.538,0.185,0.423
0.835,0.385,0.037,0.385
0.843,0.231,-0.074,0.385
0.852,0.231,-0.074,0.385
0.861,0.077,-0.185,0.423
0.869,0,-0.185,0.538
0.878,-0.038,-0.185,0.692
0.886,0,-0.185,0.808
0.895,0,-0.185,0.923
0.903,0,-0.185,0.923
0.912,0.077,-0.148,1.038
0.92,0.115,-0.148,1.115
0.929,0.154,-0.111,1.154
0.937,0.192,-0.111,1.115
0.946,0.269,-0.111,1.115
0.954,0.269,-0.111,1.115
0.963,0.308,-0.111,1.115
0.971,0.308,-0.074,1.154
