0,0,-0.519,0.308
0.009,0,-0.481,0.269
0.017,-0.038,-0.444,0.231
0.026,-0.038,-0.481,0.231
0.034,-0.038,-0.481,0.231
0.043,0.038,-0.481,0.192
0.051,0.115,-0.444,0.154
0.06,0.115,-0.444,0.115
0.068,0.077,-0.444,0.077
0.077,0.077,-0.481,0.038
0.085,0.077,-0.481,0.038
0.094,0.038,-0.519,0.077
0.102,0,-0.519,0.115
0.111,0.077,-0.519,0.077
0.119,0.077,-0.519,0.077
0.128,0.077,-0.481,0.038
0.136,0.077,-0.481,0.038
0.145,0.038,-0.481,0
0.153,0,-0.481,-0.115
0.162,-0.077,-0.444,-0.269
0.17,-0.154,-0.407,-0.308
0.179,-0.154,-0.407,-0.308
0.187,-0.115,-0.333,-0.423
0.196,-0.077,-0.185,-0.654
0.204,0,-0.074,-1
0.213,0.038,0.074,-1.308
0.221,0.077,0.222,-1.654
0.23,0.077,0.222,-1.654
0.238,0.115,0.37,-2.038
0.247,0.154,0.556,-2.385
0.255,0.192,0.815,-2.654
0.264,0.231,1.148,-2.692
0.272,0.192,1.481,-2.423
0.281,0.192,1.481,-2.423
0.29,0.154,1.778,-1.731
0.298,0.038,1.963,-0.731
0.307,-0.077,1.963,0.308
0.315,-0.077,1.963,0.308
0.324,-0.231,1.741,1.462
0.332,-0.346,1.444,2.462
0.341,-0.346,1.185,3.115
0.349,-0.231,0.963,3.346
0.358,-0.038,0.889,3.269
0.366,-0.038,0.889,3.269
0.375,0.115,0.815,3.154
0.383,0.231,0.741,3.231
0.392,0.231,0.63,3.308
0.4,0.192,0.444,3.269
0.409,0.192,0.444,3.269
0.417,0.077,0.296,3.115
0.426,-0.115,0.185,2.885
0.434,-0.115,0.185,2.885
0.443,-0.346,0.148,2.808
0.451,-0.5,0.111,2.808
0.46,-0.538,0.074,2.846
0.468,-0.462,0.074,2.885
0.477,-0.346,0.074,2.923
0.485,-0.231,0.148,2.962
0.494,-0.231,0.148,2.962
0.502,-0.231,0.148,2.962
0.511,-0.192,0.185,2.923
0.519,-0.154,0.222,2.808
