0,-0.038,-0.519,0.346
0.009,0,-0.444,0.231
0.017,-0.077,-0.333,0.154
0.026,-0.077,-0.222,-0.077
0.034,-0.077,-0.222,-0.077
0.043,-0.077,0.037,-1
0.051,-0.077,0.037,-1
0.06,-0.115,0.185,-1.577
0.068,-0.115,0.37,-2.115
0.078,-0.154,0.667,-2.462
0.087,-0.115,0.963,-2.692
0.095,0,1.259,-2.692
0.104,0.269,1.556,-2.5
0.112,0.269,1.556,-2.5
0.121,0.346,1.741,-2.038
0.129,0.231,1.815,-1.346
0.138,0.038,1.741,-0.615
0.146,-0.038,1.63,0.192
0.155,0.038,1.519,0.962
0.163,0.038,1.37,1.692
0.172,0.038,1.37,1.692
0.18,0,1.259,2.538
0.189,0,1.222,3.231
0.197,0.038,1.185,3.731
0.206,0.231,1.185,4
0.214,0.231,1.185,4
0.223,0.423,1.185,4.115
0.231,0.538,1.074,4.192
0.24,0.538,0.963,4.192
0.248,0.423,0.778,4
0.257,0.192,0.556,3.769
0.265,-0.077,0.37,3.5
0.274,-0.077,0.37,3.5
0.282,-0.269,0.148,3.192
0.291,-0.423,0,3.423
0.299,-0.462,0,3.731
