0,0.192,0.296,1.038
0.009,0.308,0.222,0.923
0.017,0.269,0.185,0.923
0.026,0.154,0.185,0.962
0.034,0,0.074,1.038
0.043,-0.115,0.037,1.038
0.051,-0.077,0.074,0.962
0.06,0.115,0.185,0.923
0.068,0.231,0.259,0.962
0.077,0.231,0.259,0.962
0.085,0.231,0.222,1
0.094,0.192,0.185,1
0.102,0.154,0.148,0.923
0.111,0.115,0.148,0.923
0.119,0.077,0.111,0.962
0.128,0,0.074,1
0.136,0,0.074,1
0.145,0.077,0.111,0.962
0.153,0.115,0.148,0.962
0.162,0.154,0.148,0.962
0.17,0.115,0.185,1
0.179,0.115,0.148,0.962
0.188,0.115,0.148,0.962
0.196,0.115,0.148,1
0.205,0.077,0.111,1.077
0.213,0.038,0.074,1.154
0.222,0,0.037,1.231
0.23,0,0.074,1.269
0.239,0,0.111,1.346
0.247,0,0.111,1.346
0.256,0.038,0.148,1.5
0.265,0.154,0.222,1.577
0.273,0.192,0.259,1.654
0.282,0.038,0.222,1.846
0.29,-0.115,0.185,1.962
0.299,-0.115,0.185,1.962
0.307,-0.115,0.185,1.962
0.316,-0.154,0.185,1.962
0.324,-0.192,0.222,1.962
0.333,-0.077,0.259,1.923
0.341,0.077,0.296,1.846
0.35,0.077,0.296,1.846
0.358,0.192,0.333,1.846
0.367,0.192,0.333,1.846
0.375,0.077,0.296,1.808
0.384,-0.077,0.222,1.654
0.392,-0.154,0.148,1.385
0.401,-0.231,0.111,1.154
0.409,-0.231,0.111,1.154
0.418,-0.192,0.074,0.885
0.426,0,0.037,0.577
0.435,0.308,0,0.231
0.444,0.462,-0.074,-0.038
0.452,0.462,-0.074,-0.038
0.461,0.308,-0.185,-0.231
0.469,0.192,-0.37,-0.423
0.478,0.192,-0.481,-0.615
0.486,0.154,-0.556,-0.615
0.495,0.077,-0.519,-0.423
0.503,0.077,-0.481,-0.308
0.512,0.077,-0.481,-0.308
0.521,0.192,-0.407,-0.231
0.529,0.346,-0.37,-0.231
0.538,0.423,-0.333,-0.231
0.546,0.462,-0.37,-0.154
0.555,0.5,-0.37,-0.154
0.563,0.5,-0.37,-0.154
0.572,0.462,-0.444,-0.154
0.58,0.385,-0.556,-0.231
0.589,0.269,-0.63,-0.231
0.597,0.192,-0.704,-0.308
0.606,0.231,-0.741,-0.346
0.614,0.308,-0.741,-0.346
0.623,0.308,-0.741,-0.346
0.632,0.346,-0.667,-0.308
0.64,0.385,-0.63,-0.154
0.649,0.462,-0.63,-0.115
0.657,0.5,-0.63,-0.077
0.666,0.462,-0.667,-0.077
0.674,0.423,-0.704,-0.115
0.683,0.423,-0.704,-0.115
0.691,0.385,-0.741,-0.115
0.7,0.385,-0.778,-0.115
0.708,0.346,-0.815,-0.154
0.717,0.346,-0.815,-0.115
0.725,0.308,-0.852,-0.077
0.734,0.269,-0.889,-0.077
0.742,0.269,-0.889,-0.077
0.751,0.269,-0.926,-0.077
0.759,0.308,-0.926,-0.077
0.768,0.308,-0.889,-0.077
0.776,0.346,-0.889,-0.077
0.785,0.385,-0.889,-0.115
0.793,0.385,-0.889,-0.115
0.802,0.346,-0.889,-0.115
0.81,0.346,-0.889,-0.077
0.819,0.308,-0.926,-0.077
0.827,0.269,-0.926,-0.077
0.836,0.269,-0.926,-0.077
0.844,0.269,-0.926,-0.077
0.853,0.269,-0.926,-0.038
0.861,0.269,-0.926,-0.038
0.87,0.346,-0.889,-0.038
0.878,0.385,-0.852,-0.038
0.887,0.385,-0.852,-0.038
0.895,0.385,-0.852,-0.038
0.904,0.385,-0.852,-0.038
0.913,0.346,-0.852,-0.077
0.921,0.308,-0.889,-0.038
0.93,0.269,-0.889,0
0.938,0.269,-0.926,-0.077
0.947,0.269,-0.889,-0.115
0.955,0.269,-0.889,-0.115
0.964,0.308,-0.889,-0.077
0.972,0.269,-0.889,-0.038
0.981,0.308,-0.852,-0.038
0.989,0.385,-0.815,-0.077
0.998,0.423,-0.815,-0.115
1.006,0.462,-0.815,-0.115
1.015,0.462,-0.815,-0.115
1.023,0.308,-0.815,-0.038
1.032,0.154,-0.852,0.038
1.04,0.154,-0.889,0.077
1.049,0.192,-0.889,0.077
1.057,0.231,-0.889,0.077
1.066,0.231,-0.889,0.077
1.074,0.231,-0.889,0.154
1.083,0.308,-0.926,0.115
1.091,0.385,-0.926,0.077
1.1,0.385,-0.926,0.115
1.108,0.462,-0.889,0.077
1.117,0.462,-0.889,0.077
1.125,0.423,-0.852,0.154
1.134,0.269,-0.852,0.269
1.142,0.192,-0.852,0.231
