0,0.115,0.148,1
0.009,-0.038,0.037,0.923
0.017,0,0.111,0.885
0.026,0.077,0.222,0.923
0.034,0.077,0.222,0.923
0.044,0.231,0.259,1.038
0.052,0.231,0.259,1.038
0.061,0.192,0.222,1.038
0.069,0.115,0.185,1
0.078,0.077,0.185,1
0.086,0.038,0.185,1.038
0.095,0.038,0.148,1.077
0.103,0.077,0.185,1.038
0.112,0.115,0.185,1
0.121,0.115,0.185,1
0.129,0.154,0.185,1
0.138,0.192,0.222,1
0.146,0.192,0.222,1
0.155,0.192,0.222,1.038
0.163,0.115,0.222,1.077
0.172,0.115,0.222,1.077
0.18,0.077,0.185,1.077
0.189,0.077,0.148,1.077
0.197,0.038,0.185,1.077
0.206,0.077,0.185,1.077
0.214,0.154,0.222,1.077
0.223,0.154,0.222,1.038
0.231,0.154,0.222,1.038
0.24,0.192,0.222,1.077
0.248,0.192,0.222,1.115
0.257,0.115,0.222,1.154
0.265,0.115,0.185,1.231
0.274,0.115,0.185,1.231
0.282,0.077,0.185,1.269
0.291,0.115,0.185,1.308
0.299,0.115,0.185,1.346
0.308,0.115,0.222,1.385
0.316,0.154,0.259,1.423
0.325,0.154,0.296,1.5
0.333,0.154,0.296,1.5
0.342,0.154,0.259,1.538
0.35,0.115,0.296,1.615
0.359,0.077,0.259,1.692
0.367,0.038,0.222,1.769
0.376,0,0.222,1.808
0.384,0,0.222,1.808
0.393,0.038,0.185,1.769
0.402,0.038,0.185,1.731
0.41,0,0.185,1.654
0.419,-0.077,0.148,1.654
0.427,-0.154,0.148,1.692
0.436,-0.154,0.111,1.577
0.444,-0.154,0.111,1.577
0.453,-0.154,0.111,1.462
0.461,-0.192,0.074,1.423
0.47,-0.231,0.074,1.346
0.478,-0.192,0.074,1.154
0.487,-0.154,0.037,0.962
0.495,-0.154,0.037,0.962
0.504,0,0.074,0.769
0.512,0.115,0.074,0.577
0.521,0.192,0.074,0.385
0.529,0.231,0,0.192
0.538,0.346,-0.074,-0.038
0.546,0.423,-0.148,-0.308
0.555,0.423,-0.148,-0.308
0.563,0.5,-0.185,-0.5
0.572,0.423,-0.259,-0.577
0.58,0.308,-0.296,-0.5
0.589,0.231,-0.296,-0.423
0.597,0.346,-0.296,-0.423
0.606,0.346,-0.296,-0.423
0.614,0.5,-0.296,-0.538
0.623,0.538,-0.37,-0.615
0.631,0.538,-0.444,-0.654
0.64,0.5,-0.481,-0.654
0.649,0.5,-0.481,-0.654
0.657,0.5,-0.519,-0.692
0.666,0.423,-0.556,-0.577
0.674,0.308,-0.593,-0.423
0.683,0.269,-0.593,-0.308
0.691,0.308,-0.63,-0.231
0.7,0.346,-0.667,-0.154
0.708,0.346,-0.667,-0.154
0.717,0.346,-0.667,-0.038
0.725,0.423,-0.704,-0.038
0.734,0.5,-0.704,0
0.742,0.538,-0.741,-0.038
0.751,0.538,-0.741,-0.077
0.759,0.538,-0.778,-0.077
0.768,0.538,-0.778,-0.077
0.776,0.462,-0.815,-0.077
0.785,0.385,-0.815,0
0.793,0.308,-0.852,0.077
0.802,0.308,-0.852,0.077
0.81,0.385,-0.889,0
0.819,0.385,-0.889,0
0.827,0.385,-0.889,-0.038
0.836,0.385,-0.926,-0.038
0.844,0.385,-0.926,-0.077
0.853,0.385,-0.926,-0.077
0.861,0.385,-0.926,-0.077
0.87,0.385,-0.926,-0.077
0.879,0.346,-0.926,-0.077
0.887,0.346,-0.926,-0.038
0.896,0.308,-0.889,-0.038
0.904,0.308,-0.889,-0.038
0.913,0.308,-0.889,-0.038
0.921,0.346,-0.889,-0.077
0.93,0.346,-0.889,-0.077
0.938,0.346,-0.889,-0.077
0.947,0.346,-0.889,-0.115
0.955,0.346,-0.889,-0.154
0.964,0.385,-0.852,-0.231
0.972,0.385,-0.852,-0.192
0.981,0.385,-0.852,-0.192
0.989,0.346,-0.852,-0.115
0.998,0.346,-0.815,-0.115
1.006,0.308,-0.815,-0.115
1.015,0.308,-0.778,-0.192
1.023,0.269,-0.778,-0.231
1.032,0.269,-0.778,-0.231
1.04,0.269,-0.741,-0.231
