0,0.154,0.111,0.962
0.009,0.154,0.111,1
0.017,0.154,0.111,1
0.026,0.115,0.074,1
0.034,0.077,0.074,1
0.043,0.038,0.074,1.038
0.051,0.038,0.074,1.038
0.06,0.038,0.037,1
0.068,0.077,0.074,1
0.077,0.077,0.074,1
0.085,0.077,0.074,0.962
0.094,0.077,0.074,1
0.103,0.077,0.074,1
0.111,0,0.185,1
0.12,-0.154,0.259,1.115
0.136,-0.115,0.222,1.269
0.145,0.038,0.259,1.385
0.153,0.115,0.259,1.423
0.166,0.154,0.259,1.462
0.182,0.154,0.333,1.423
0.192,0.192,0.37,1.462
0.201,0.192,0.37,1.462
0.212,0.192,0.407,1.5
0.224,0.154,0.444,1.462
0.233,0.115,0.444,1.462
0.252,0.038,0.444,1.346
0.265,0.038,0.444,1.346
0.274,0.077,0.407,1.154
0.283,0.115,0.37,1.038
0.292,0.192,0.296,0.962
0.302,0.231,0.296,1
0.311,0.231,0.296,1
0.319,0.192,0.333,1.038
0.333,0.115,0.296,1.077
0.342,0.115,0.296,1.115
0.35,0.038,0.222,1.038
0.359,0.038,0.148,0.923
0.375,0.038,0.074,0.808
0.384,0.077,-0.037,0.654
0.392,0.077,-0.037,0.538
0.401,0.038,0.037,0.577
0.409,0,0.074,0.654
0.418,0.077,0.111,0.731
0.427,0.154,0.111,0.846
0.435,0.154,0.111,0.846
0.444,0.192,0.111,0.962
0.452,0.231,0.074,1
0.461,0.192,0.074,1
0.47,0.231,0.074,0.923
0.478,0.308,0.074,0.808
0.487,0.346,0.074,0.692
0.496,0.346,0.074,0.692
0.504,0.423,0,0.731
0.513,0.385,-0.074,0.808
0.521,0.385,-0.074,0.808
0.53,0.385,-0.111,0.808
0.539,0.385,-0.111,0.808
0.547,0.192,-0.185,0.885
0.556,0.115,-0.222,0.846
0.564,0.077,-0.37,0.731
0.573,0.077,-0.37,0.731
0.582,0.077,-0.444,0.615
0.591,0.115,-0.519,0.5
0.6,0.192,-0.63,0.385
0.608,0.231,-0.778,0.346
0.617,0.154,-0.815,0.346
0.626,0.038,-0.815,0.346
0.634,0.038,-0.815,0.346
0.643,0.038,-0.852,0.346
0.651,0.115,-0.889,0.346
0.66,0.192,-0.926,0.423
0.668,0.192,-0.926,0.5
0.677,0.269,-0.926,0.538
0.685,0.269,-0.926,0.538
0.694,0.346,-0.889,0.654
0.703,0.385,-0.852,0.692
0.712,0.423,-0.815,0.692
0.721,0.462,-0.778,0.692
0.729,0.5,-0.704,0.692
0.738,0.5,-0.704,0.692
0.747,0.538,-0.63,0.731
0.756,0.577,-0.593,0.808
0.764,0.615,-0.519,0.846
0.773,0.615,-0.444,0.885
0.782,0.615,-0.444,0.885
0.79,0.692,-0.37,0.962
0.799,0.692,-0.37,0.962
0.807,0.654,-0.37,1
0.816,0.654,-0.333,1
0.824,0.615,-0.333,0.923
0.833,0.615,-0.333,0.885
0.841,0.577,-0.333,0.846
0.85,0.615,-0.333,0.808
0.858,0.615,-0.333,0.808
0.867,0.654,-0.296,0.769
0.875,0.769,-0.333,0.808
0.884,0.769,-0.333,0.923
