0,0.038,-0.037,1
0.009,0,-0.111,0.962
0.017,-0.077,-0.111,1.038
0.026,-0.115,-0.037,1.077
0.034,-0.038,0.037,1.077
0.043,-0.038,0.037,1.077
0.051,0.115,0.037,1.077
0.06,0.154,0.037,1.077
0.068,0.192,0.074,1.038
0.077,0.154,0.074,1.038
0.085,0.115,0.074,1.077
0.094,0.115,0.074,1.077
0.102,0.077,0.074,1.077
0.111,0.038,0.074,1.077
0.119,0.038,0.111,1.115
0.128,0.077,0.148,1.077
0.136,0.077,0.148,1.077
0.145,0.154,0.185,1.077
0.153,0.192,0.222,1.077
0.162,0.231,0.222,1.077
0.17,0.154,0.148,1.038
0.179,0.038,0.111,1
0.187,0,0.074,0.962
0.196,0,0.074,0.962
0.204,0.038,0.111,0.923
0.213,0.077,0.148,0.962
0.221,0.115,0.185,1.038
0.23,0.154,0.259,1.077
0.239,0.154,0.259,1.115
0.247,0.154,0.259,1.115
0.256,0.154,0.296,1.077
0.265,0.154,0.333,1.115
0.274,0.115,0.296,1.115
0.282,0.115,0.259,1.038
0.291,0.115,0.259,0.962
0.299,0.115,0.259,0.885
0.308,0.115,0.259,0.885
0.316,0.115,0.296,0.808
0.325,0.115,0.333,0.846
0.333,0.154,0.333,0.923
0.342,0.154,0.333,0.923
0.35,0.231,0.333,0.923
0.359,0.269,0.333,0.885
0.367,0.269,0.296,0.808
0.376,0.269,0.222,0.692
0.384,0.269,0.222,0.692
0.393,0.077,0.111,0.615
0.401,0.038,0.037,0.692
0.41,0.038,0.037,0.692
0.418,0.115,0,0.808
0.427,0.115,-0.074,0.846
0.436,0,-0.185,0.846
0.444,-0.154,-0.333,0.808
0.453,-0.269,-0.444,0.731
0.461,-0.269,-0.444,0.731
0.47,-0.346,-0.519,0.654
0.478,-0.308,-0.593,0.692
0.487,-0.269,-0.593,0.846
0.495,-0.231,-0.63,0.962
0.504,-0.269,-0.704,1.077
0.512,-0.269,-0.704,1.077
0.521,-0.346,-0.778,1.115
0.529,-0.423,-0.852,1.154
0.538,-0.5,-0.889,1.115
0.546,-0.462,-0.926,1.038
0.555,-0.423,-0.963,0.962
0.563,-0.423,-0.963,0.962
0.572,-0.385,-0.963,0.962
0.58,-0.346,-0.889,1
0.589,-0.269,-0.815,1.077
