0,-0.269,0,0.885
0.009,-0.346,-0.111,0.846
0.017,-0.346,-0.037,0.846
0.026,-0.346,0,0.885
0.034,-0.385,-0.037,0.923
0.043,-0.385,-0.037,0.923
0.051,-0.423,0,0.885
0.06,-0.423,0,0.885
0.068,-0.423,0,0.885
0.077,-0.423,0,0.885
0.085,-0.423,0,0.885
0.094,-0.385,0,0.885
0.102,-0.385,0,0.885
0.111,-0.385,0,0.885
0.119,-0.385,0,0.885
0.128,-0.385,0,0.885
0.136,-0.385,0.037,0.885
0.145,-0.423,0.037,0.885
0.153,-0.423,0.037,0.923
0.162,-0.423,0.037,0.923
0.17,-0.423,0.037,0.885
0.179,-0.462,0.037,0.885
0.187,-0.462,0.037,0.885
0.196,-0.462,0.037,0.885
0.204,-0.5,0.037,0.885
0.213,-0.5,0.037,0.885
0.221,-0.462,0.037,0.885
0.23,-0.423,0.037,0.885
0.239,-0.423,0.037,0.885
0.247,-0.423,0.037,0.885
0.256,-0.423,0.037,0.885
0.264,-0.423,0.037,0.885
0.275,-0.423,0.037,0.885
0.284,-0.423,0.037,0.885
0.292,-0.423,0.037,0.885
0.301,-0.423,0.037,0.885
0.31,-0.423,0.037,0.885
0.318,-0.423,0.037,0.885
0.327,-0.385,0.037,0.885
0.335,-0.385,0.037,0.885
0.344,-0.385,0.037,0.885
0.352,-0.385,0.037,0.885
0.361,-0.385,0,0.885
0.369,-0.385,0,0.885
0.378,-0.423,0,0.885
0.386,-0.385,0,0.885
0.395,-0.385,0,0.885
0.403,-0.385,0.037,0.885
0.412,-0.385,0.037,0.885
0.42,-0.385,0.037,0.885
0.429,-0.385,0.037,0.923
0.437,-0.385,0,0.885
0.446,-0.385,0,0.885
0.455,-0.385,0,0.885
0.463,-0.385,0.037,0.923
0.472,-0.423,0.037,0.923
0.48,-0.423,0.037,0.923
0.489,-0.423,0.037,0.923
0.497,-0.423,0.037,0.923
0.506,-0.423,0.037,0.885
0.514,-0.423,0.037,0.885
0.524,-0.423,0.037,0.885
0.532,-0.423,0.037,0.885
0.541,-0.423,0.037,0.885
0.549,-0.385,0.037,0.885
0.558,-0.385,0.037,0.885
0.566,-0.385,0.037,0.885
0.575,-0.385,0.037,0.885
0.583,-0.423,0.037,0.885
0.592,-0.423,0.037,0.885
0.6,-0.423,0.037,0.885
0.609,-0.423,0.037,0.846
0.617,-0.423,0.037,0.846
0.626,-0.423,0.037,0.846
0.634,-0.423,0.037,0.885
0.643,-0.385,0.037,0.885
0.651,-0.385,0.037,0.885
0.66,-0.385,0.037,0.885
0.668,-0.385,0.037,0.885
0.677,-0.385,0.037,0.885
0.685,-0.385,0.037,0.885
0.694,-0.385,0.037,0.885
0.702,-0.423,0.037,0.885
0.711,-0.423,0.037,0.885
0.719,-0.385,0.037,0.923
0.728,-0.385,0.037,0.923
0.737,-0.385,0.037,0.923
0.745,-0.385,0.037,0.923
0.754,-0.385,0.037,0.885
0.762,-0.385,0.037,0.885
0.771,-0.423,0.074,0.885
0.779,-0.423,0.074,0.923
0.788,-0.423,0.074,0.923
0.796,-0.423,0.074,0.923
0.805,-0.462,0.074,0.923
0.813,-0.462,0.111,0.923
0.822,-0.5,0.111,0.885
0.83,-0.538,0.148,0.885
0.839,-0.538,0.148,0.885
0.847,-0.577,0.148,0.885
0.856,-0.615,0.185,0.846
0.864,-0.692,0.185,0.846
0.873,-0.846,0.148,0.846
0.881,-1,0.185,0.885
0.89,-1.154,0.222,1
0.898,-1.154,0.222,1
0.907,-1.346,0.333,1.115
0.916,-1.462,0.444,1.115
0.924,-1.423,0.63,0.962
0.933,-1.269,0.778,0.769
0.941,-0.962,0.926,0.615
0.95,-0.962,0.926,0.615
0.958,-0.615,1,0.462
0.967,-0.231,1,0.423
0.975,0.423,0.667,0.654
0.984,1.077,0.185,0.962
0.992,1.423,-0.185,1.038
1.001,1.423,-0.185,1.038
1.009,1.231,-0.333,0.885
1.018,0.808,-0.333,0.731
1.027,0.423,-0.185,0.731
1.035,0.308,-0.111,0.846
1.044,0.462,-0.111,0.885
1.052,0.462,-0.111,0.885
1.061,0.692,-0.185,0.962
1.069,0.846,-0.333,1.038
1.078,0.885,-0.407,1.115
1.086,0.885,-0.481,1.038
1.095,0.808,-0.444,0.962
1.103,0.692,-0.407,0.962
1.112,0.692,-0.407,0.962
1.12,0.577,-0.333,1
1.129,0.385,-0.259,1
1.137,0.385,-0.259,1
1.146,0.115,-0.148,1
1.154,0.038,-0.148,1
1.163,0.038,-0.148,1
1.171,0,-0.148,1
1.18,0,-0.185,1
1.188,0,-0.185,1
1.197,0,-0.222,1.038
1.205,0,-0.222,1.038
1.214,0,-0.222,1
1.222,0,-0.222,1
1.231,0,-0.222,1
1.24,0,-0.222,1.038
1.248,0,-0.222,1
1.257,-0.038,-0.222,0.962
1.265,-0.077,-0.185,0.962
1.277,-0.077,-0.185,0.962
1.286,-0.077,-0.185,0.962
1.294,-0.038,-0.222,0.962
1.303,-0.038,-0.222,0.962
1.311,0,-0.259,0.962
1.32,0.077,-0.259,0.962
1.329,0.077,-0.296,0.962
1.337,0.077,-0.296,0.923
1.346,0.077,-0.296,0.923
1.354,0.077,-0.296,0.923
1.363,0.077,-0.296,0.923
1.371,0.077,-0.296,0.923
1.38,0.077,-0.296,0.885
1.388,0.038,-0.259,0.885
1.397,0.038,-0.259,0.846
1.405,0,-0.259,0.885
1.414,0,-0.259,0.885
1.423,0,-0.259,0.885
1.431,0,-0.259,0.885
1.44,0,-0.296,0.885
1.448,0,-0.296,0.923
1.458,0,-0.296,0.923
1.467,0.077,-0.333,0.962
1.475,0.077,-0.333,0.962
1.484,0.077,-0.333,0.923
