0,0.333,-0.333,1.84
0.009,0.333,-0.333,1.84
0.017,0.292,-0.333,1.76
0.026,0.208,-0.5,1.4
0.034,0.125,-0.583,1.04
0.043,0.125,-0.458,0.8
0.051,0.125,-0.458,0.8
0.06,0,-0.458,0.6
0.068,-0.083,-0.542,0.56
0.077,-0.125,-0.583,0.6
0.086,-0.125,-0.583,0.6
0.094,-0.083,-0.625,0.64
0.103,-0.083,-0.667,0.68
0.111,-0.083,-0.667,0.56
0.12,-0.083,-0.625,0.44
0.128,-0.083,-0.625,0.32
0.137,-0.167,-0.625,0.24
0.145,-0.167,-0.625,0.24
0.154,-0.208,-0.625,0.28
0.163,-0.167,-0.625,0.32
0.171,-0.083,-0.625,0.36
0.18,-0.042,-0.667,0.28
0.188,0,-0.667,0.28
0.197,0,-0.667,0.28
0.205,0,-0.667,0.24
0.214,-0.083,-0.708,0.2
0.222,-0.125,-0.708,0.16
0.231,-0.125,-0.708,0.08
0.239,-0.167,-0.708,0.08
0.248,-0.208,-0.708,0.08
0.256,-0.208,-0.708,0.08
0.265,-0.25,-0.708,0.08
0.273,-0.375,-0.75,0.12
0.282,-0.583,-0.833,0.2
0.29,-0.583,-0.833,0.2
0.299,-0.708,-0.875,0.12
0.308,-0.708,-0.875,0.12
0.316,-0.625,-0.833,0.08
0.325,-0.625,-0.833,0
0.333,-0.583,-0.833,-0.04
0.342,-0.417,-0.792,-0.08
0.35,-0.25,-0.708,-0.2
0.359,-0.25,-0.708,-0.2
0.367,-0.25,-0.667,-0.24
0.376,-0.25,-0.583,-0.28
0.384,-0.125,-0.583,-0.4
0.393,0.083,-0.542,-0.6
0.401,0.375,-0.5,-0.88
0.41,0.375,-0.5,-0.88
0.418,0.708,-0.333,-1.04
0.427,1.083,-0.125,-0.96
0.435,1.083,-0.125,-0.96
0.444,1.917,0.333,-0.36
0.453,2.292,0.375,0.04
0.462,2.667,0.333,0.32
0.47,2.667,0.333,0.32
0.479,3.167,0.458,0.36
0.487,3.5,0.625,0.36
0.496,3.5,0.75,0.16
0.505,3.25,1.042,-0.12
0.513,2.708,1.417,-0.48
0.522,1.875,1.958,-0.8
0.53,1.875,1.958,-0.8
0.539,1.125,2.542,-1.04
0.547,0.417,3.167,-0.96
0.556,-0.542,3.708,-0.36
0.564,-2.542,3,1.56
0.573,-4.25,0.542,2.04
0.581,-4.25,0.542,2.04
0.59,-4.875,-0.958,1.24
0.598,-5.042,-1.208,0.76
0.607,-4.917,-1.333,0.72
0.615,-4.917,-1.333,0.72
0.624,-3.708,-1.208,0.8
0.632,-3.708,-1.208,0.8
0.641,-3.917,-1.375,0.28
0.649,-4.208,-1.292,-0.16
0.658,-4.375,-1.167,-0.28
0.667,-4.375,-1.167,-0.28
0.675,-4.083,0.667,0.8
0.684,-2.958,1.75,0.88
0.692,-2.958,1.75,0.88
0.701,-1.708,2.417,0.36
0.709,-0.5,2.625,-0.44
0.718,0.75,2.375,-1.08
0.726,2,1.958,-1.36
0.735,3.042,1.458,-1.16
0.743,3.042,1.458,-1.16
0.752,3.833,1.042,-0.64
0.76,4.5,0.833,-0.16
0.769,4.833,0.708,0.12
0.777,4.542,0.75,0.16
0.786,3.708,0.958,0.12
0.794,3.708,0.958,0.12
0.803,2.917,1.042,-0.04
0.812,2.292,1.167,-0.24
0.82,1.917,1.333,-0.4
0.829,1.458,1.5,-0.52
0.837,1.458,1.5,-0.52
0.846,0.792,1.958,-0.32
0.854,-0.5,2.542,0.52
0.863,-2.167,1.667,1.56
0.871,-3.417,0.083,1.52
0.88,-4.333,-0.833,1.32
0.888,-4.333,-0.833,1.32
0.897,-4.958,-1.417,0.96
0.905,-5.083,-1.833,0.68
0.914,-5.125,-2,0.6
0.922,-4.75,-1.583,0.52
0.931,-4.75,-1.583,0.52
0.939,-3.958,-1.042,0.32
0.948,-3.25,-0.542,0.24
0.957,-2.75,-0.083,0.36
0.965,-2.333,0.333,0.48
0.974,-1.792,0.75,0.48
0.982,-1.333,1,0.36
0.991,-1.333,1,0.36
0.999,-0.708,1.208,0.08
1.008,0.25,1.25,-0.24
1.016,1.083,1.125,-0.48
1.025,1.083,1.125,-0.48
1.033,1.083,1.125,-0.48
1.042,2.375,0.708,-0.4
1.05,2.667,0.583,-0.28
1.059,2.667,0.583,-0.28
1.067,3,0.542,-0.24
1.076,3.292,0.542,-0.2
1.084,3.625,0.583,-0.12
1.093,3.625,0.667,-0.04
1.101,3.417,0.833,-0.08
1.11,3.417,0.833,-0.08
1.119,2.875,0.917,-0.12
1.127,2.333,1.125,-0.2
1.136,2.083,1.375,-0.28
1.144,2.083,1.375,-0.28
1.153,1.708,2.375,-0.44
1.161,1.708,2.375,-0.44
1.17,0.958,3.125,-0.2
1.178,-0.125,3.583,0.52
1.187,-2.125,2.417,1.96
1.195,-2.125,2.417,1.96
1.204,-4.167,0,2.24
1.212,-4.917,-1.458,1.6
1.221,-5.083,-1.75,0.96
1.229,-4.917,-1.708,0.88
1.238,-3.958,-1.458,0.96
1.246,-2.917,-0.917,0.68
1.255,-1.833,-0.583,0.16
1.263,-1.833,-0.583,0.16
1.272,-1.083,-0.417,-0.16
1.28,-0.625,-0.375,-0.12
1.289,-0.333,-0.458,0.08
1.297,-0.125,-0.542,0.16
1.306,-0.083,-0.583,0.24
1.315,-0.083,-0.583,0.24
1.323,-0.042,-0.667,0.2
1.332,-0.042,-0.667,0.12
1.34,-0.083,-0.75,0.12
1.349,-0.083,-0.792,0.12
1.357,-0.125,-0.833,0.12
1.366,-0.125,-0.833,0.12
1.374,-0.167,-0.833,0.2
1.383,-0.208,-0.833,0.24
1.391,-0.25,-0.792,0.28
1.4,-0.208,-0.75,0.32
1.408,-0.208,-0.75,0.32
1.417,-0.208,-0.75,0.36
1.425,-0.167,-0.792,0.36
1.434,-0.167,-0.792,0.32
1.442,-0.125,-0.792,0.32
1.451,-0.125,-0.792,0.28
1.459,-0.125,-0.75,0.24
1.468,-0.208,-0.792,0.16
1.477,-0.25,-0.792,0.12
1.485,-0.25,-0.792,0.12
1.494,-0.25,-0.792,0.16
1.502,-0.208,-0.75,0.2
1.511,-0.208,-0.75,0.2
1.519,-0.167,-0.708,0.24
1.528,-0.083,-0.708,0.28
1.536,-0.083,-0.708,0.24
1.545,-0.042,-0.708,0.24
1.553,-0.042,-0.708,0.2
1.562,0,-0.667,0.2
1.57,0,-0.667,0.2
1.579,0.042,-0.625,0.24
1.587,0.083,-0.583,0.36
1.596,0.042,-0.583,0.44
1.605,-0.083,-0.625,0.52
1.613,-0.208,-0.667,0.6
1.622,-0.25,-0.667,0.68
1.63,-0.25,-0.625,0.76
1.639,-0.25,-0.625,0.76
