0,0.208,-0.208,0.96
0.009,0.167,-0.292,0.96
0.02,0.083,-0.25,1
0.028,0.083,-0.25,1
0.037,0,-0.25,1.04
0.046,0,-0.292,1
0.055,0,-0.292,1
0.063,0.083,-0.25,0.96
0.072,0.167,-0.167,1
0.081,0.167,-0.167,1
0.089,0.167,-0.167,1
0.098,0.167,-0.208,1
0.106,0.167,-0.167,1
0.115,0.167,-0.167,1.04
0.123,0.125,-0.208,1.04
0.132,0.042,-0.25,1.04
0.14,0.042,-0.25,1.04
0.149,0,-0.25,1.04
0.157,0.042,-0.25,1
0.166,0.083,-0.208,0.96
0.174,0.167,-0.208,0.88
0.183,0.208,-0.167,0.88
0.191,0.25,-0.125,0.88
0.2,0.25,-0.125,0.88
0.208,0.292,-0.125,0.92
0.217,0.292,-0.125,0.96
0.226,0.25,-0.125,0.96
0.234,0.208,-0.167,0.96
0.243,0.167,-0.167,1
0.251,0.167,-0.167,1
0.26,0.125,-0.167,1
0.268,0.125,-0.167,1
0.277,0.167,-0.167,1.04
0.285,0.125,-0.208,1.04
0.294,0.125,-0.208,1.04
0.303,0.042,-0.208,1.04
0.311,0.042,-0.208,1.04
0.32,0.083,-0.208,1.04
0.328,0.125,-0.167,1.04
0.337,0.167,-0.167,1
0.345,0.167,-0.167,1
0.354,0.167,-0.167,1
0.363,0.208,-0.167,1
0.371,0.208,-0.167,1
0.381,0.208,-0.167,1
0.39,0.125,-0.208,1.04
0.401,0.042,-0.208,1.04
0.41,-0.125,-0.25,1.08
0.418,-0.167,-0.292,1.04
0.428,-0.125,-0.25,1
0.438,0,-0.25,0.96
0.446,0.125,-0.208,0.96
0.455,0.125,-0.208,0.96
0.464,0.292,-0.167,0.96
0.472,0.375,-0.125,0.96
0.481,0.375,-0.125,0.96
0.489,0.333,-0.083,0.96
0.498,0.333,-0.083,0.96
0.507,0.333,-0.083,0.96
0.515,0.458,-0.042,0.96
0.524,0.833,0.125,1.04
0.532,1.375,0.292,1.12
0.541,1.917,0.667,1.16
0.549,1.917,0.667,1.16
0.558,2.292,1.042,1.08
0.566,2.542,1.458,0.96
0.575,2.167,1.958,0.64
0.583,1.333,2.625,0.4
0.592,1.333,2.625,0.4
0.6,-1.333,2.417,1.2
0.609,-1.333,2.417,1.2
0.617,-3.25,0.417,1.88
0.626,-4.708,-1.875,1.72
0.634,-4.708,-2.167,1
0.643,-4.708,-2.167,1
0.651,-3.667,-1.625,0.68
0.66,-1.917,-0.958,0.6
0.669,-0.833,-0.208,0.36
0.678,-0.167,0.042,0.16
0.686,-0.125,0.042,0.24
0.695,-0.333,-0.167,0.64
0.703,-0.333,-0.167,0.64
0.712,-0.458,-0.292,0.92
0.72,-0.167,-0.167,0.96
0.729,-0.167,-0.167,0.96
0.737,0.125,0.042,0.84
0.746,0.292,0.167,0.8
0.754,0.333,0.25,0.84
0.763,0.333,0.25,0.84
0.772,0.583,0.25,1
0.78,0.583,0.167,1.2
0.789,0.417,0.042,1.32
0.797,0.208,-0.083,1.44
0.806,0.042,-0.208,1.6
0.814,0.042,-0.208,1.6
0.823,-0.042,-0.208,1.6
0.831,-0.125,-0.167,1.44
0.84,-0.167,-0.167,1.2
