0,0.125,-0.25,0.8
0.009,0.125,-0.25,0.88
0.017,0.083,-0.208,0.96
0.026,0.083,-0.167,1
0.034,0.083,-0.167,1
0.043,0.083,-0.208,1
0.051,0.083,-0.25,1.04
0.06,0.083,-0.25,1
0.068,0.125,-0.208,1.04
0.077,0.125,-0.208,1.04
0.085,0.167,-0.208,1
0.094,0.167,-0.208,1
0.103,0.167,-0.208,1
0.112,0.208,-0.208,0.96
0.12,0.167,-0.208,0.92
0.129,0.125,-0.208,0.92
0.138,0.083,-0.208,0.96
0.146,0.042,-0.208,1
0.155,0.042,-0.208,1
0.164,0.042,-0.208,1.04
0.172,0.083,-0.208,1.04
0.181,0.083,-0.167,1.04
0.189,0.167,-0.125,1.04
0.198,0.208,-0.125,1.04
0.207,0.208,-0.125,1.04
0.215,0.208,-0.125,1.04
0.224,0.167,-0.167,1.04
0.233,0.125,-0.167,1.04
0.242,0.125,-0.167,1
0.25,0.083,-0.167,1
0.259,0.083,-0.167,1
0.267,0.083,-0.208,1.04
0.277,0.042,-0.25,1
0.286,0.042,-0.208,1
0.294,0.125,-0.167,1
0.303,0.125,-0.167,1
0.311,0.208,-0.167,1
0.32,0.208,-0.167,0.96
0.328,0.208,-0.167,0.96
0.337,0.167,-0.167,0.96
0.345,0.125,-0.167,0.96
0.354,0.083,-0.208,1
0.362,0.083,-0.167,1.04
0.371,0.083,-0.167,1.04
0.379,0.083,-0.167,1.04
0.388,0.125,-0.208,1.04
0.397,0.167,-0.167,1.04
0.405,0.167,-0.167,1.04
0.414,0.208,-0.125,1.04
0.422,0.25,-0.125,1
0.431,0.25,-0.125,1
0.439,0.208,-0.167,0.96
0.448,0.167,-0.167,0.96
0.456,0.125,-0.167,0.96
0.465,0.042,-0.167,1
0.473,0.042,-0.167,1
0.482,0,-0.208,1.04
0.49,-0.042,-0.208,1.08
0.499,0.042,-0.208,1.04
0.507,0.125,-0.208,1
0.516,0.125,-0.208,1
0.524,0.208,-0.125,0.96
0.533,0.208,-0.125,0.96
0.541,0.167,-0.167,1
0.55,0,-0.208,1.08
0.558,-0.083,-0.25,1.08
0.567,0,-0.208,1.04
0.576,0,-0.208,1.04
0.584,0.208,-0.125,0.96
0.593,0.333,-0.083,0.96
0.601,0.375,-0.083,0.96
0.61,0.458,-0.042,0.96
0.618,0.625,0.083,1
0.627,1.083,0.25,1.2
0.635,1.083,0.25,1.2
0.644,1.625,0.5,1.36
0.652,2.208,0.917,1.48
0.661,2.708,1.417,1.52
0.669,3.208,1.917,1.12
0.678,2.958,2.667,0.56
0.686,2.958,2.667,0.56
0.695,2,3.875,0.12
0.704,0.833,4.875,-0.08
0.712,-1.458,4.458,1.2
0.721,-3.917,1.583,2.12
0.73,-4.875,-0.875,1.4
0.739,-4.875,-0.875,1.4
0.748,-5.125,-2.167,0.68
0.757,-5.125,-2.167,0.68
0.766,-3.958,-1.5,0.48
0.774,-2.625,-0.708,0.08
0.783,-1.792,0.083,-0.08
0.792,-0.625,0.375,0
0.8,-0.625,0.375,0
0.809,-0.25,0.333,0.4
0.817,-0.417,0.042,0.8
0.826,-0.542,-0.125,1.16
0.834,-0.292,-0.083,1.32
0.843,0.208,0.083,1.4
0.851,0.208,0.083,1.4
0.86,0.5,0.125,1.32
0.868,0.5,0.083,1.28
0.877,0.375,-0.083,1.32
0.885,0.417,-0.125,1.4
0.894,0.458,-0.083,1.44
0.903,0.458,-0.083,1.44
0.911,0.5,-0.042,1.48
0.92,0.375,0,1.28
0.928,0,-0.167,1.04
0.937,-0.167,-0.292,0.8
0.945,-0.125,-0.292,0.64
