0,-0.208,0.208,1.72
0.009,-0.25,-0.083,1.48
0.017,-0.333,-0.125,1.64
0.026,-0.25,0.042,1.68
0.034,-0.083,0.125,1.72
0.043,0.042,0.125,1.84
0.051,0.083,0.167,1.84
0.06,0.083,0.167,1.84
0.068,0.083,0.208,1.76
0.077,0.083,0.208,1.6
0.085,0,0.125,1.36
0.094,-0.042,0.083,1.16
0.102,0,0.042,1.08
0.111,0.042,0,1.08
0.12,0.042,0,1.08
0.128,0.042,-0.042,1.2
0.137,0,-0.083,1.4
0.145,0,-0.083,1.4
0.154,0,-0.167,1.56
0.162,0,-0.167,1.6
0.171,-0.083,-0.167,1.72
0.179,-0.208,-0.208,1.72
0.188,-0.208,-0.25,1.64
0.196,-0.125,-0.208,1.48
0.205,-0.125,-0.208,1.48
0.213,-0.125,-0.208,1.2
0.222,-0.125,-0.208,1.2
0.23,-0.042,-0.25,1.12
0.239,0,-0.25,1.08
0.248,0,-0.333,1
0.256,0,-0.333,1
0.265,0,-0.333,0.84
0.273,-0.125,-0.333,0.8
0.282,-0.375,-0.417,0.84
0.29,-0.5,-0.5,0.88
0.299,-0.458,-0.5,0.88
0.307,-0.458,-0.5,0.88
0.316,-0.333,-0.5,0.8
0.324,-0.167,-0.458,0.6
0.333,-0.083,-0.375,0.44
0.341,-0.125,-0.375,0.48
0.35,-0.125,-0.375,0.48
0.358,-0.417,-0.417,0.64
0.367,-0.75,-0.5,0.76
0.375,-0.833,-0.417,0.64
0.384,-0.708,-0.333,0.44
0.392,-0.583,-0.25,0.08
0.401,-0.458,-0.208,-0.24
0.409,-0.417,-0.208,-0.64
0.418,-0.417,-0.208,-0.64
0.427,-0.292,-0.167,-1
0.436,-0.125,-0.167,-1.24
0.444,0.208,-0.125,-1.44
0.453,0.5,-0.042,-1.44
0.461,0.708,-0.042,-1.28
0.47,0.708,-0.042,-1.28
0.478,0.917,0.208,-1
0.487,0.917,0.208,-1
0.495,1.208,0.417,-0.88
0.504,1.542,0.625,-0.68
0.512,1.917,0.792,-0.48
0.521,2.208,0.875,-0.28
0.529,2.208,0.875,-0.28
0.538,2.542,0.958,0
0.547,2.917,1.042,0.28
0.555,3.167,1,0.52
0.564,3.125,0.958,0.68
0.572,2.958,0.875,0.64
0.581,2.875,1,0.48
0.589,2.875,1,0.48
0.598,2.667,1.25,0.24
0.606,2.042,1.542,0
0.615,1.208,2.083,-0.2
0.623,0.333,2.833,-0.36
0.632,0.333,2.833,-0.36
0.64,-0.708,3.208,-0.04
0.649,-1.625,3.042,0.68
0.658,-3,2.333,1.92
0.666,-4.458,0.5,2.08
0.675,-5,-1.083,1.08
0.683,-5,-1.083,1.08
0.692,-5.125,-1.458,0.12
0.7,-5.125,-1.458,0.12
0.709,-5.125,-1.583,0.12
0.717,-5.042,-1.375,0.12
0.726,-4.5,-0.917,-0.04
0.734,-3.708,-0.292,-0.16
0.743,-3.708,-0.292,-0.16
0.751,-3.167,0.208,0.24
0.76,-2.917,0.542,0.88
0.768,-2.5,1,1.16
0.777,-1.833,1.417,1.08
0.786,-1.042,1.792,0.72
0.794,-1.042,1.792,0.72
0.803,-0.167,1.875,0.32
0.812,0.75,1.667,0.12
0.82,1.5,1.292,0.04
0.829,2.167,1.125,-0.04
0.837,2.542,1,-0.04
0.846,3,1,-0.04
0.854,3.375,0.917,0.08
0.863,3.375,0.917,0.08
0.871,3.625,1,0.12
0.88,3.833,1.042,0
0.888,3.75,1.042,-0.04
0.897,3.75,1.042,-0.04
0.905,3.417,1,-0.12
0.914,3.042,1,-0.16
0.923,2.708,1.042,-0.16
0.931,2.292,1.083,-0.12
0.94,2,1.167,0.08
0.948,2,1.167,0.08
0.957,1.708,1.375,0.28
0.965,1.333,1.833,0.4
0.974,1,2.5,0.56
0.982,0.333,3.125,0.76
0.991,-0.667,3.458,1.24
0.999,-2.208,2.625,1.96
1.008,-3.875,0.917,1.92
1.016,-3.875,0.917,1.92
1.025,-4.833,-0.583,0.92
1.033,-5.083,-1.25,0.44
1.042,-5.125,-1.417,0.12
1.05,-5.125,-1.583,-0.04
1.059,-5.125,-1.583,-0.04
1.067,-5.083,-1.583,-0.04
1.076,-4.583,-1.208,-0.24
1.085,-4.083,-0.667,-0.4
1.093,-3.708,-0.208,-0.32
1.102,-3.458,0.292,0
1.11,-3.458,0.292,0
1.119,-2.958,1.042,0.64
1.127,-2,1.625,1.04
1.136,-0.917,1.833,0.88
1.145,0.042,1.708,0.4
1.153,0.875,1.333,0.08
1.162,1.458,0.875,-0.08
1.17,1.458,0.875,-0.08
1.179,1.667,0.542,0
1.187,1.667,0.292,0.16
1.196,1.667,0.167,0.32
1.204,1.708,0.167,0.36
1.213,1.708,0.167,0.36
1.221,1.917,0.292,0.4
1.23,1.917,0.292,0.4
1.238,2.125,0.417,0.24
1.247,2.292,0.417,0
1.255,2.417,0.5,-0.2
1.264,2.583,0.5,-0.36
1.272,2.5,0.5,-0.52
1.281,2.5,0.5,-0.52
1.29,2.458,0.5,-0.64
1.298,2.458,0.625,-0.72
1.307,2.5,0.75,-0.84
1.315,2.458,0.833,-1.08
1.324,2.208,0.917,-1.24
1.332,2.208,0.917,-1.24
1.341,1.792,1.167,-1.32
1.349,1.167,1.458,-1.28
1.358,0.583,1.875,-0.88
1.366,0.292,2.375,0
1.375,-0.083,2.833,1.12
1.383,-0.833,2.792,2.12
1.392,-0.833,2.792,2.12
1.4,-2.083,1.375,3
1.409,-3.75,-0.5,2.52
1.417,-4.833,-1.583,1.32
1.426,-5.083,-2,0.88
1.435,-5.083,-2,0.88
1.443,-4.917,-1.708,0.52
1.452,-4,-1.125,0.4
1.46,-2.833,-0.792,0.4
1.469,-1.667,-0.458,0.2
1.477,-0.875,-0.208,0
1.486,-0.875,-0.208,0
1.494,-0.292,-0.125,-0.16
1.503,0.083,-0.083,-0.16
1.511,0.25,-0.167,-0.08
1.52,0.292,-0.375,0.08
1.528,0.208,-0.583,0.28
1.537,0.167,-0.708,0.36
1.545,0.167,-0.708,0.36
1.554,0.167,-0.75,0.32
1.562,0.208,-0.75,0.32
1.571,0.208,-0.708,0.24
1.579,0.125,-0.75,0.16
1.588,0.125,-0.75,0.16
1.596,0,-0.75,0.16
1.605,-0.125,-0.792,0.12
1.614,-0.25,-0.792,0.08
1.622,-0.333,-0.792,0.08
1.631,-0.375,-0.833,0.12
1.639,-0.375,-0.833,0.12
1.648,-0.375,-0.792,0.16
1.656,-0.333,-0.792,0.16
1.665,-0.25,-0.708,0.16
1.673,-0.167,-0.708,0.16
1.682,-0.167,-0.667,0.16
1.69,-0.125,-0.583,0.2
1.699,-0.125,-0.583,0.2
1.707,-0.125,-0.542,0.28
1.716,-0.125,-0.542,0.32
1.724,-0.167,-0.5,0.32
1.733,-0.167,-0.5,0.32
1.741,-0.167,-0.542,0.4
1.75,-0.167,-0.542,0.4
1.758,-0.125,-0.5,0.48
1.767,-0.125,-0.458,0.6
1.776,-0.083,-0.417,0.68
1.784,-0.042,-0.375,0.68
1.793,0,-0.292,0.6
1.801,0,-0.292,0.6
1.81,0,-0.208,0.52
1.818,0,-0.167,0.52
