0,0.038,-0.148,0.615
0.009,0.115,-0.222,0.5
0.017,0.115,-0.222,0.5
0.026,0.115,-0.296,0.538
0.034,0.038,-0.185,0.846
0.043,-0.038,-0.222,1.115
0.051,-0.077,-0.259,1.192
0.06,-0.077,-0.185,1.192
0.068,-0.038,-0.222,1.038
0.077,-0.038,-0.222,1.038
0.085,-0.038,-0.222,1
0.094,0,-0.185,0.962
0.102,0.038,-0.185,0.962
0.111,0.038,-0.185,0.962
0.119,0.038,-0.185,0.962
0.128,0.038,-0.185,0.962
0.136,0,-0.185,0.962
0.145,0,-0.185,1
0.153,0.038,-0.185,1
0.162,0.038,-0.185,1
0.17,0.038,-0.185,1
0.179,0.038,-0.148,0.962
0.187,0.038,-0.185,0.962
0.196,0.038,-0.148,0.962
0.204,0.038,-0.148,0.962
0.213,0.038,-0.185,0.962
0.222,0,-0.148,1
0.23,0,-0.148,1
0.239,0,-0.148,1
0.247,0,-0.148,1
0.256,0,-0.148,1
0.264,0.038,-0.185,0.962
0.273,0.038,-0.148,0.962
0.281,0.038,-0.148,0.962
0.29,0.038,-0.185,1
0.298,0.038,-0.185,0.962
0.307,0,-0.185,1
0.315,0.038,-0.185,1
0.324,0,-0.222,1.038
0.332,0,-0.222,1.038
0.341,-0.038,-0.259,1.077
0.349,-0.115,-0.333,1.077
0.358,-0.231,-0.37,1.077
0.366,-0.308,-0.444,1.077
0.375,-0.346,-0.519,1.115
0.383,-0.385,-0.556,1.154
0.392,-0.385,-0.556,1.154
0.4,-0.269,-0.519,1.192
0.409,-0.077,-0.333,1.154
0.417,0.269,-0.037,1.154
0.426,0.692,0.259,1.115
0.434,1.115,0.667,1.192
0.443,1.538,0.963,1.231
0.451,1.538,0.963,1.231
0.46,1.885,1.074,1.231
0.469,2.077,1.148,1.192
0.477,2.077,1.111,1.154
0.486,1.769,1.111,1.038
0.494,1.385,1.074,0.808
0.503,1.385,1.074,0.808
0.511,0.962,1.074,0.654
0.52,0.5,1.222,0.654
0.528,-0.269,1.37,0.923
0.537,-1.269,1.111,1.115
0.545,-1.269,1.111,1.115
0.554,-2,0.556,1.115
0.562,-2.462,0.037,1.077
0.571,-3,-0.519,1.115
0.579,-3.308,-1,1.038
0.588,-3.346,-1.185,1
0.596,-3.346,-1.185,1
0.605,-3.192,-1.148,0.923
0.614,-2.808,-1.074,0.769
0.622,-2.654,-1,0.654
0.631,-2.5,-0.852,0.615
0.639,-2.231,-0.667,0.5
0.648,-2,-0.481,0.5
0.656,-2,-0.481,0.5
0.665,-1.692,-0.185,0.538
0.673,-1.346,0.296,0.654
0.682,-0.923,1.259,1
0.69,0.192,1.852,1.192
0.699,1.462,1.926,1.5
0.707,1.462,1.926,1.5
0.716,2.385,1.815,1.962
0.724,2.885,1.667,2.346
0.733,3.038,1.63,2.038
0.741,3,1.593,1.385
0.75,3,1.593,1.385
0.758,2.923,1.444,0.923
0.767,2.692,1.296,0.731
0.775,2.346,1.259,0.731
0.784,1.846,1.259,0.808
0.792,1.154,1.407,1.038
0.801,1.154,1.407,1.038
0.809,0.192,1.222,1.462
0.818,-1,0.704,1.731
0.826,-2.269,-0.111,1.769
0.835,-3.308,-1.074,1.615
0.843,-3.731,-1.593,1.5
0.852,-3.731,-1.593,1.5
0.861,-3.462,-1.667,1.346
0.869,-2.923,-1.556,1.115
0.878,-2.5,-1.259,0.962
0.886,-2.077,-1,0.769
0.895,-1.731,-0.815,0.692
0.903,-1.731,-0.815,0.692
0.912,-1.346,-0.481,0.731
0.92,-0.923,0.111,0.808
0.929,-0.115,0.889,0.962
0.937,1.115,1.333,1.115
0.946,2.269,1.556,1.423
0.954,2.923,1.556,1.769
0.963,2.923,1.556,1.769
0.971,3,1.444,1.808
0.98,2.615,1.222,1.462
0.988,2.269,1.074,1
0.997,1.923,0.926,0.692
1.005,1.423,0.852,0.654
1.014,0.808,0.704,0.846
1.022,0.808,0.704,0.846
1.031,-0.077,0.407,1.192
1.039,-1,-0.074,1.423
1.048,-1.577,-0.519,1.462
1.057,-1.769,-0.741,1.462
1.065,-1.692,-0.815,1.308
1.074,-1.462,-0.815,1.115
1.082,-1.462,-0.815,1.115
1.091,-1.231,-0.741,0.962
1.099,-1.077,-0.667,0.885
1.108,-0.846,-0.556,0.846
1.116,-0.654,-0.444,0.846
1.125,-0.462,-0.333,0.769
1.133,-0.462,-0.333,0.769
1.142,-0.231,-0.185,0.769
1.151,-0.077,-0.111,0.731
1.159,0.077,-0.037,0.731
1.168,0.192,-0.037,0.769
1.176,0.231,-0.037,0.808
1.185,0.192,-0.037,0.923
1.193,0.192,-0.037,0.923
1.202,0.154,-0.037,1.038
1.21,0.115,-0.074,1.115
1.219,0.077,-0.111,1.154
1.227,0.077,-0.111,1.154
1.236,0.115,-0.074,1.154
1.244,0.115,-0.074,1.154
1.253,0.115,-0.074,1.154
1.261,0.115,-0.074,1.115
1.27,0.154,-0.111,1.038
1.278,0.115,-0.111,1.038
1.287,0.115,-0.148,1.038
1.295,0.115,-0.148,1.038
1.304,0.077,-0.148,1.038
1.313,0.038,-0.185,1.038
1.321,0,-0.185,1.038
1.33,0,-0.222,1.038
1.338,-0.077,-0.185,1.077
1.347,-0.077,-0.185,1.077
1.355,-0.115,-0.185,1.038
1.364,-0.154,-0.185,0.962
