0,0.269,-0.037,0.885
0.009,0.346,-0.185,0.615
0.017,0.038,-0.111,0.731
0.026,-0.154,-0.259,0.923
0.034,-0.154,-0.259,0.923
0.043,-0.231,-0.333,1.077
0.051,-0.154,-0.296,1.077
0.06,0,-0.222,1
0.068,0.077,-0.185,0.962
0.077,0.077,-0.148,0.923
0.085,0.038,-0.148,0.962
0.094,0.038,-0.148,0.962
0.102,0.077,-0.148,0.962
0.111,0.038,-0.148,0.962
0.119,0.038,-0.185,1
0.128,0.038,-0.185,1
0.136,0,-0.185,1
0.145,0,-0.185,1
0.153,0,-0.185,1
0.162,0,-0.185,1
0.17,0,-0.185,1
0.179,0,-0.185,1
0.187,0,-0.185,1
0.196,0,-0.185,1
0.205,-0.038,-0.185,1.038
0.213,-0.038,-0.185,1.038
0.222,-0.038,-0.185,1
0.23,0,-0.185,1
0.239,0,-0.185,1
0.247,0,-0.148,1.038
0.256,0,-0.148,1
0.264,-0.038,-0.148,1
0.273,-0.077,-0.111,1
0.281,-0.077,-0.111,0.962
0.29,-0.077,-0.111,0.962
0.298,-0.077,-0.074,1
0.307,-0.154,-0.037,1.038
0.315,-0.154,0,1.038
0.324,-0.192,0.037,1.038
0.332,-0.231,0.074,1.077
0.341,-0.231,0.074,1.077
0.349,-0.269,0.111,1.154
0.358,-0.385,0.148,1.231
0.366,-0.577,0.111,1.269
0.375,-0.923,0.037,1.154
0.383,-1.308,-0.074,1
0.392,-1.308,-0.074,1
0.4,-1.692,-0.259,1.192
0.409,-1.923,-0.333,1.423
0.417,-2.038,-0.407,1.615
0.426,-2.077,-0.407,1.769
0.434,-2.077,-0.259,1.769
0.443,-2.077,-0.259,1.769
0.451,-1.885,0.037,1.577
0.46,-1.615,0.185,1.5
0.469,-1.423,0.259,1.462
0.477,-1.231,0.259,1.308
0.486,-1,0.333,1.154
0.494,-0.731,0.556,1.038
0.503,-0.731,0.556,1.038
0.511,-0.308,0.778,1
0.52,0.231,0.963,0.962
0.528,0.231,0.963,0.962
0.537,0.615,1.111,0.962
0.545,0.923,1.185,1
0.554,1.115,1.185,1.038
0.562,1.231,1.074,1.115
0.571,1.269,0.926,1.115
0.579,1.308,0.778,1
0.588,1.346,0.667,0.846
0.596,1.346,0.556,0.731
0.605,1.346,0.556,0.731
0.613,1.346,0.519,0.692
0.622,1.269,0.444,0.731
0.631,1.154,0.37,0.808
0.64,1.077,0.333,0.808
0.648,1.038,0.296,0.769
0.657,1.038,0.259,0.731
0.665,1.038,0.259,0.731
0.674,1.038,0.222,0.692
0.682,1,0.148,0.692
0.691,0.885,0.074,0.692
0.699,0.769,0,0.731
0.708,0.769,0,0.731
0.716,0.577,-0.111,0.846
0.725,0.385,-0.222,0.923
0.733,0.308,-0.222,0.962
0.742,0.308,-0.222,0.962
0.75,0.346,-0.222,0.962
0.759,0.346,-0.222,0.962
0.767,0.462,-0.185,0.962
0.776,0.538,-0.148,0.923
0.784,0.538,-0.185,0.846
0.793,0.462,-0.185,0.808
0.801,0.462,-0.185,0.808
0.81,0.385,-0.222,0.846
0.819,0.346,-0.296,0.846
0.827,0.269,-0.296,0.846
0.836,0.346,-0.296,0.846
