0,0.077,-0.185,0.846
0.009,0.154,-0.148,0.885
0.017,0.154,-0.111,0.923
0.026,0.154,-0.111,0.923
0.034,0.154,-0.111,1
0.043,0.154,-0.148,1.038
0.051,0.115,-0.148,1.038
0.06,0.077,-0.185,1.038
0.068,0.077,-0.185,1.038
0.077,0.077,-0.185,1.038
0.086,0.077,-0.185,1
0.094,0.077,-0.222,0.962
0.103,0.038,-0.185,0.962
0.111,0.077,-0.222,0.962
0.12,0.077,-0.222,0.962
0.128,0.077,-0.185,0.923
0.137,0.077,-0.185,0.962
0.145,0.077,-0.185,0.962
0.154,0.077,-0.185,1
0.163,0.038,-0.185,1.038
0.173,0,-0.185,1.038
0.183,0,-0.222,1.038
0.191,0,-0.222,1
0.2,0,-0.222,1
0.208,0,-0.185,1
0.217,0.038,-0.148,0.962
0.225,0.077,-0.148,1
0.234,0.077,-0.185,1
0.242,0.077,-0.185,1
0.251,0.077,-0.185,1
0.259,0.077,-0.185,1
0.268,0.077,-0.185,1
0.277,0.077,-0.185,0.962
0.285,0.077,-0.185,0.962
0.294,0.077,-0.148,0.962
0.302,0.077,-0.148,0.962
0.311,0.077,-0.185,0.962
0.32,0.077,-0.148,0.962
0.329,0.115,-0.148,0.962
0.338,0.115,-0.148,0.962
0.347,0.077,-0.148,0.923
0.355,0.077,-0.148,0.962
0.364,0.077,-0.185,1
0.372,0.077,-0.185,1.038
0.381,0.115,-0.148,1
0.389,0.115,-0.148,0.962
0.398,0.115,-0.148,0.962
0.407,0.115,-0.111,0.962
0.416,0.115,-0.148,0.962
0.425,0.115,-0.148,0.962
0.434,0.115,-0.148,0.962
0.443,0.115,-0.148,0.962
0.453,0.115,-0.148,0.962
0.461,0.115,-0.148,0.923
0.47,0.077,-0.148,0.923
0.478,0.077,-0.148,0.962
0.487,0.077,-0.148,0.962
0.495,0.077,-0.185,0.962
0.504,0.077,-0.185,0.962
0.512,0.077,-0.185,0.962
0.521,0.077,-0.185,0.923
0.53,0.038,-0.185,0.923
0.539,0.038,-0.185,0.923
0.55,0.038,-0.185,0.923
0.56,0.038,-0.148,0.962
0.568,0.038,-0.148,0.962
0.577,0.038,-0.148,0.962
0.585,0.038,-0.148,0.962
0.597,0.038,-0.148,0.962
0.606,0.038,-0.148,0.962
0.616,0.038,-0.148,1
0.625,0.038,-0.148,1
0.633,0,-0.185,1
0.643,0,-0.185,1
0.651,0,-0.185,1
0.66,0,-0.185,0.962
0.668,0.038,-0.185,0.962
0.677,0.038,-0.185,0.962
0.685,0.038,-0.148,0.923
0.694,0.038,-0.148,0.923
0.703,0.077,-0.148,0.923
0.711,0.077,-0.111,0.923
0.72,0.077,-0.111,0.923
0.728,0.077,-0.111,0.923
0.737,0.077,-0.111,0.923
0.745,0.038,-0.111,0.962
0.754,0,-0.111,0.962
0.762,0,-0.111,0.962
0.771,0,-0.111,0.923
0.78,-0.038,-0.074,0.962
0.788,-0.038,-0.074,0.962
0.797,-0.115,-0.111,0.962
0.805,-0.269,-0.148,1.038
0.814,-0.5,-0.296,1.192
0.822,-0.923,-0.593,1.346
0.831,-1.5,-0.963,1.538
0.839,-2.154,-1.37,1.577
0.848,-2.154,-1.37,1.577
0.856,-2.538,-1.259,1.308
0.865,-2.308,-0.852,0.846
0.873,-1.846,-0.148,0.308
0.882,-1.115,0.556,0
0.891,-0.346,1.185,0.077
0.899,0.577,1.296,0.462
0.908,0.577,1.296,0.462
0.916,1.231,1.037,0.923
0.925,1.5,0.963,1.308
0.933,1.731,0.963,1.423
0.942,1.962,0.963,1.231
0.95,2.115,1.037,0.962
0.959,2.115,1.037,0.962
0.97,2.231,1.037,0.808
0.978,2.038,1,0.846
0.987,1.731,0.926,0.962
0.995,1.423,0.852,0.923
1.004,1.115,0.852,0.846
1.012,0.577,0.704,1
1.021,-0.115,0.333,1.231
1.029,-0.115,0.333,1.231
1.039,-0.692,-0.111,1.385
1.047,-1,-0.407,1.346
1.056,-1,-0.519,1.192
1.064,-0.846,-0.519,1
1.073,-0.731,-0.481,0.885
1.081,-0.577,-0.444,0.885
1.09,-0.577,-0.444,0.885
1.098,-0.5,-0.407,0.962
1.107,-0.462,-0.37,1.038
1.115,-0.346,-0.333,1.038
1.124,-0.269,-0.333,1
1.132,-0.192,-0.296,0.962
1.141,-0.154,-0.296,0.923
1.149,-0.154,-0.296,0.923
1.158,-0.115,-0.296,0.923
1.166,-0.077,-0.259,0.885
1.175,-0.038,-0.222,0.846
1.184,0,-0.185,0.846
1.192,0.038,-0.185,0.885
1.201,0.038,-0.148,0.923
1.21,0.038,-0.148,0.923
1.218,0.115,-0.111,0.962
1.227,0.115,-0.074,0.962
1.235,0.115,-0.111,1
1.244,0.077,-0.111,1.038
1.252,0.038,-0.148,1.077
1.261,0.038,-0.148,1.038
1.27,0.038,-0.148,1.038
1.279,0.038,-0.148,1
1.288,0.038,-0.148,1
1.296,0,-0.185,1
1.305,0,-0.185,1.038
1.314,0,-0.185,1.038
1.322,0,-0.148,1
1.331,0,-0.148,1
1.339,0.077,-0.148,1
1.348,0.077,-0.148,1
1.356,0.077,-0.185,1
1.365,0.077,-0.185,1
1.373,0.077,-0.185,1
1.382,0.077,-0.148,0.962
1.391,0.077,-0.185,0.923
1.399,0.077,-0.185,0.923
1.408,0.077,-0.185,0.962
1.416,0.077,-0.185,0.962
1.425,0.115,-0.148,0.962
1.433,0.115,-0.148,0.962
1.442,0.154,-0.148,0.923
1.45,0.154,-0.148,0.923
1.459,0.115,-0.148,0.962
1.467,0.115,-0.185,0.962
1.476,0.115,-0.185,1
1.484,0.115,-0.185,1
1.493,0.077,-0.185,1
1.502,0.077,-0.185,0.962
1.51,0.077,-0.185,0.962
1.519,0.077,-0.185,0.962
1.527,0.077,-0.185,0.962
1.536,0.115,-0.185,0.962
1.544,0.115,-0.148,0.962
1.553,0.115,-0.148,0.962
1.562,0.077,-0.185,1
1.571,0.077,-0.185,1
1.579,0.077,-0.185,0.962
1.588,0.077,-0.185,0.962
1.597,0.077,-0.185,0.962
1.606,0.077,-0.185,0.923
1.614,0.077,-0.185,0.923
1.623,0.077,-0.185,0.962
1.631,0.077,-0.185,0.962
1.64,0.077,-0.185,0.962
1.648,0.077,-0.185,0.962
1.657,0.077,-0.185,0.962
1.665,0.077,-0.185,0.962
1.674,0.077,-0.185,0.962
1.683,0.077,-0.185,0.923
1.691,0.077,-0.185,0.923
1.7,0.077,-0.185,0.923
1.708,0.077,-0.185,0.885
1.717,0.077,-0.185,0.885
1.726,0.077,-0.185,0.885
1.735,0.115,-0.148,0.885
1.743,0.115,-0.148,0.885
1.752,0.115,-0.148,0.923
1.76,0.154,-0.148,0.885
1.769,0.154,-0.148,0.885
1.777,0.154,-0.148,0.846
