0,-0.346,0.37,1.115
0.009,-0.269,0.407,1.077
0.017,-0.269,0.407,1.077
0.026,-0.269,0.444,1.038
0.034,-0.308,0.37,1
0.043,-0.346,0.37,0.923
0.051,-0.346,0.37,0.846
0.06,-0.346,0.37,0.769
0.068,-0.346,0.37,0.769
0.077,-0.346,0.37,0.731
0.085,-0.346,0.37,0.692
0.094,-0.308,0.37,0.692
0.102,-0.269,0.37,0.692
0.111,-0.269,0.37,0.731
0.119,-0.269,0.37,0.731
0.128,-0.308,0.37,0.731
0.136,-0.346,0.37,0.692
0.145,-0.385,0.37,0.692
0.153,-0.385,0.37,0.654
0.162,-0.385,0.37,0.654
0.17,-0.385,0.37,0.615
0.179,-0.385,0.37,0.615
0.188,-0.346,0.37,0.615
0.196,-0.308,0.37,0.615
0.205,-0.231,0.37,0.615
0.213,-0.231,0.37,0.654
0.222,-0.308,0.407,0.692
0.23,-0.308,0.407,0.692
0.239,-0.346,0.407,0.731
0.247,-0.385,0.407,0.769
0.256,-0.346,0.407,0.808
0.264,-0.308,0.444,0.846
0.273,-0.269,0.444,0.923
0.281,-0.269,0.444,1.038
0.29,-0.269,0.444,1.038
0.298,-0.269,0.444,1.192
0.307,-0.231,0.481,1.346
0.315,-0.192,0.519,1.5
0.324,-0.231,0.519,1.692
0.332,-0.231,0.519,1.885
0.341,-0.231,0.519,1.885
0.349,-0.231,0.519,2.115
0.358,-0.154,0.556,2.269
0.366,-0.115,0.556,2.346
0.375,-0.115,0.593,2.423
0.383,-0.115,0.63,2.5
0.392,-0.115,0.63,2.5
0.4,-0.154,0.704,2.538
0.409,-0.269,0.778,2.577
0.418,-0.346,0.815,2.538
0.426,-0.346,0.889,2.462
0.435,-0.346,0.889,2.462
0.443,-0.308,0.926,2.308
0.452,-0.231,1,2.115
0.46,-0.269,1.074,1.846
0.469,-0.269,1.111,1.5
0.477,-0.269,1.148,1.192
0.486,-0.269,1.148,1.192
0.494,-0.269,1.111,0.962
0.503,-0.269,1.037,0.769
0.511,-0.192,0.963,0.577
0.52,-0.192,0.963,0.577
0.528,-0.154,0.815,0.269
0.537,-0.154,0.815,0.269
0.545,-0.154,0.667,0.038
0.554,-0.154,0.556,-0.154
0.562,-0.115,0.37,-0.308
0.571,-0.077,0.259,-0.462
0.58,-0.038,0.111,-0.577
0.588,-0.038,0.111,-0.577
0.597,-0.038,-0.037,-0.654
0.605,-0.077,-0.148,-0.577
0.614,-0.154,-0.185,-0.5
0.622,-0.269,-0.222,-0.385
0.631,-0.346,-0.296,-0.231
0.639,-0.346,-0.296,-0.231
0.648,-0.385,-0.333,-0.077
0.656,-0.385,-0.407,-0.038
0.665,-0.385,-0.481,0.038
0.673,-0.308,-0.519,0.077
0.682,-0.231,-0.556,0.115
0.69,-0.154,-0.63,0.115
0.699,-0.154,-0.63,0.115
0.707,-0.115,-0.667,0.154
0.716,-0.115,-0.704,0.192
0.724,-0.115,-0.704,0.192
0.733,-0.154,-0.704,0.231
0.741,-0.192,-0.704,0.308
0.75,-0.269,-0.704,0.346
0.758,-0.269,-0.704,0.462
0.767,-0.269,-0.704,0.462
0.776,-0.269,-0.741,0.538
0.784,-0.231,-0.741,0.615
0.793,-0.231,-0.778,0.654
0.801,-0.192,-0.778,0.615
0.81,-0.154,-0.778,0.538
0.818,-0.192,-0.815,0.538
0.827,-0.192,-0.815,0.538
0.835,-0.231,-0.778,0.538
0.844,-0.269,-0.778,0.577
0.853,-0.308,-0.778,0.615
0.861,-0.346,-0.778,0.615
0.87,-0.346,-0.741,0.577
0.878,-0.308,-0.741,0.538
0.887,-0.308,-0.741,0.538
0.896,-0.231,-0.704,0.5
