0,0.231,-0.037,1
0.009,0.269,-0.037,0.962
0.017,0.231,0,0.923
0.026,0.231,0,0.962
0.034,0.231,0,0.962
0.043,0.192,0,1
0.051,0.231,0,1
0.06,0.231,0.037,0.962
0.068,0.269,0.037,0.962
0.077,0.231,-0.037,0.962
0.085,0.231,-0.037,0.962
0.094,0.154,-0.148,0.923
0.103,0.038,-0.111,0.885
0.112,0.077,-0.074,0.885
0.12,0.154,0,0.923
0.129,0.346,0.074,0.962
0.138,0.423,0.074,1
0.146,0.423,0.074,1
0.155,0.385,0.037,0.962
0.163,0.346,-0.037,0.885
0.172,0.231,-0.074,0.885
0.181,0.192,-0.148,0.885
0.189,0.154,-0.148,0.885
0.198,0.154,-0.148,0.885
0.206,0.192,-0.148,0.885
0.215,0.154,-0.111,0.885
0.223,0.231,-0.074,0.923
0.232,0.269,-0.074,0.923
0.24,0.308,-0.074,0.923
0.249,0.308,-0.074,0.923
0.258,0.308,-0.074,0.923
0.266,0.308,-0.074,0.962
0.275,0.269,-0.111,1
0.283,0.269,-0.111,1.038
0.292,0.269,-0.111,1.077
0.3,0.269,-0.111,1.077
0.309,0.269,-0.111,1.115
0.317,0.269,-0.148,1.077
0.326,0.231,-0.185,1.038
0.334,0.154,-0.259,1.038
0.343,0.154,-0.259,1.038
0.351,0.154,-0.259,1
0.36,0.154,-0.259,1
0.368,0.192,-0.185,1.077
0.377,0.231,-0.148,1.154
0.385,0.231,-0.148,1.192
0.394,0.192,-0.185,1.192
0.402,0.115,-0.259,1.115
0.411,0.115,-0.259,1.115
0.419,0.077,-0.259,1.077
0.428,0.038,-0.259,1.038
0.436,0,-0.259,1.038
0.445,0,-0.222,1.115
0.453,0.038,-0.148,1.115
0.462,0.038,-0.148,1.115
0.47,0.115,-0.037,1.154
0.479,0.192,0.037,1.192
0.487,0.269,0.111,1.192
0.496,0.346,0.111,1.192
0.504,0.308,0.111,1.192
0.513,0.308,0.111,1.192
0.522,0.308,0.111,1.115
0.53,0.231,0.111,1.077
0.539,0.192,0.074,1.038
0.547,0.154,0.074,1.077
0.556,0.192,0.111,1.077
0.564,0.192,0.111,1.077
0.573,0.231,0.148,1.115
0.581,0.308,0.185,1.115
0.59,0.269,0.185,1.115
0.598,0.231,0.148,1.115
0.607,0.231,0.148,1.038
0.615,0.269,0.111,1
0.624,0.269,0.111,1
0.632,0.269,0.148,0.962
0.641,0.269,0.111,0.923
0.65,0.231,0.074,0.923
0.658,0.154,0.037,0.923
0.667,0.154,0.037,0.923
0.676,0.154,0.037,0.923
0.684,0.192,0.037,0.885
0.693,0.269,0.074,0.885
0.701,0.308,0.074,0.885
0.71,0.231,0.037,0.885
0.718,0.154,0,0.923
0.727,0.154,0,0.923
0.735,0.115,-0.037,0.923
0.744,0.077,-0.037,0.923
0.752,0.115,0,0.885
0.761,0.154,0.037,0.923
0.769,0.154,0.037,0.923
0.778,0.192,0.037,0.962
0.787,0.231,0.037,1
0.795,0.231,0.037,0.962
0.804,0.231,0,0.962
0.812,0.192,0,0.923
0.821,0.192,0,0.923
0.829,0.192,-0.037,0.923
0.838,0.192,-0.037,0.923
0.846,0.231,0,0.923
0.855,0.269,0,0.962
0.863,0.231,0,0.962
0.872,0.231,0,0.962
0.88,0.231,-0.037,0.923
0.889,0.154,-0.074,0.923
0.897,0.115,-0.111,0.923
0.906,0.115,-0.111,0.923
0.914,0.154,-0.111,0.923
0.923,0.154,-0.111,0.923
0.931,0.192,-0.074,0.923
0.94,0.192,-0.037,0.923
0.948,0.192,-0.074,0.923
0.957,0.192,-0.074,0.923
0.965,0.192,-0.074,0.923
0.974,0.192,-0.074,0.923
0.982,0.192,-0.111,0.923
0.991,0.192,-0.111,0.923
0.999,0.154,-0.111,0.923
1.008,0.154,-0.111,0.923
1.017,0.154,-0.111,0.962
1.025,0.154,-0.111,0.962
1.034,0.154,-0.111,0.962
1.042,0.192,-0.148,0.923
1.051,0.154,-0.148,0.923
1.059,0.154,-0.185,0.923
1.068,0.115,-0.185,0.923
1.076,0.115,-0.185,0.885
1.085,0.115,-0.185,0.885
1.093,0.115,-0.185,0.846
1.102,0.115,-0.222,0.885
1.11,0.077,-0.259,0.885
1.119,0.077,-0.259,0.885
1.127,0.077,-0.259,0.885
1.136,0.077,-0.259,0.885
1.144,0.192,-0.185,0.923
1.153,0.192,-0.185,0.923
