0,-0.5,0,-0.038
0.009,-0.308,-0.037,-0.038
0.017,-0.308,-0.037,-0.038
0.026,-0.308,0.037,0.038
0.034,-0.385,0.037,0.192
0.043,-0.577,-0.074,0.346
0.051,-0.808,-0.185,0.5
0.06,-1.115,-0.296,0.692
0.068,-1.115,-0.296,0.692
0.077,-1.385,-0.37,0.923
0.086,-1.615,-0.407,1.115
0.094,-1.846,-0.407,1.115
0.103,-1.846,-0.407,1.115
0.111,-2,-0.333,0.962
0.12,-2.077,-0.222,0.615
0.128,-2.115,-0.074,0.192
0.137,-2.154,0.037,-0.192
0.145,-2.269,0.111,-0.462
0.154,-2.423,0.148,-0.692
0.162,-2.423,0.148,-0.692
0.171,-2.538,0.185,-0.885
0.179,-2.615,0.296,-1.038
0.188,-2.462,0.444,-1.192
0.196,-2.269,0.63,-1.346
0.205,-2.038,0.704,-1.5
0.213,-1.846,0.741,-1.615
0.222,-1.846,0.741,-1.615
0.231,-1.769,0.741,-1.692
0.239,-1.654,0.704,-1.692
0.248,-1.5,0.704,-1.615
0.256,-1.308,0.778,-1.538
0.265,-1.077,0.852,-1.462
0.273,-1.077,0.852,-1.462
0.282,-0.538,1,-1.308
0.29,-0.308,1.037,-1.231
0.299,-0.308,1.037,-1.231
0.307,-0.154,1,-1.077
0.316,-0.154,0.926,-0.885
0.324,-0.154,0.815,-0.731
0.333,-0.077,0.815,-0.615
0.341,0.038,0.815,-0.5
0.35,0.038,0.815,-0.5
0.359,0.192,0.852,-0.385
0.367,0.308,0.852,-0.308
0.376,0.346,0.815,-0.154
0.384,0.308,0.704,0.038
0.393,0.269,0.63,0.154
0.401,0.269,0.63,0.154
0.41,0.192,0.556,0.154
0.418,0.115,0.481,0.192
0.427,0.192,0.481,0.308
0.435,0.231,0.481,0.385
0.444,0.231,0.519,0.538
0.453,0.154,0.481,0.769
0.461,0.154,0.481,0.769
0.47,0,0.444,1
0.478,-0.192,0.333,1.231
0.487,-0.385,0.222,1.385
0.495,-0.577,0.111,1.462
0.504,-0.769,0,1.5
0.512,-0.769,0,1.5
0.521,-0.962,-0.111,1.538
0.529,-1.154,-0.222,1.577
0.538,-1.346,-0.296,1.577
0.546,-1.5,-0.407,1.5
0.555,-1.5,-0.407,1.5
0.563,-1.654,-0.481,1.385
0.572,-1.769,-0.556,1.192
0.58,-1.846,-0.556,1
0.589,-1.923,-0.519,0.769
0.597,-1.923,-0.444,0.538
0.606,-1.923,-0.444,0.538
0.614,-1.962,-0.37,0.346
0.623,-2,-0.333,0.115
0.631,-2,-0.259,-0.077
0.64,-2,-0.148,-0.154
0.649,-2.038,-0.037,-0.154
0.657,-2.038,0.037,-0.308
0.666,-2.038,0.037,-0.308
0.674,-2.038,0.148,-0.462
0.683,-1.962,0.222,-0.654
0.691,-1.923,0.259,-0.769
0.7,-1.885,0.296,-0.885
0.708,-1.769,0.333,-0.962
0.717,-1.769,0.333,-0.962
0.725,-1.654,0.37,-1
0.734,-1.5,0.37,-1
0.743,-1.385,0.37,-0.885
0.751,-1.231,0.333,-0.769
0.76,-1.154,0.296,-0.654
0.768,-1.077,0.259,-0.538
0.777,-1.077,0.259,-0.538
0.785,-1,0.222,-0.423
0.794,-0.923,0.259,-0.308
0.802,-0.769,0.296,-0.269
0.811,-0.654,0.296,-0.269
0.819,-0.615,0.259,-0.269
0.828,-0.654,0.185,-0.231
0.836,-0.654,0.185,-0.231
0.845,-0.731,0.111,-0.115
0.853,-0.808,0.074,0.038
0.862,-0.885,0,0.154
0.87,-0.962,-0.037,0.269
0.879,-1,-0.074,0.269
0.887,-0.962,-0.074,0.269
0.896,-0.962,-0.074,0.269
0.905,-0.923,-0.074,0.192
0.913,-0.846,-0.037,0.154
0.922,-0.769,0,0.154
0.93,-0.769,0,0.192
0.939,-0.769,-0.037,0.192
0.947,-0.769,-0.037,0.192
0.956,-0.808,-0.074,0.192
0.964,-0.846,-0.111,0.192
