0,-0.654,-0.074,0.077
0.009,-0.538,-0.074,0.038
0.017,-0.423,-0.037,0.077
0.026,-0.423,-0.037,0.077
0.034,-0.346,-0.037,0.154
0.043,-0.269,-0.037,0.269
0.051,-0.192,-0.037,0.423
0.06,-0.231,-0.111,0.615
0.068,-0.231,-0.111,0.615
0.077,-0.346,-0.222,0.846
0.085,-0.538,-0.37,1.115
0.094,-0.808,-0.444,1.346
0.103,-1.038,-0.444,1.462
0.111,-1.192,-0.444,1.423
0.12,-1.385,-0.37,1.231
0.129,-1.385,-0.37,1.231
0.137,-1.538,-0.333,0.962
0.146,-1.808,-0.333,0.731
0.154,-2.077,-0.296,0.538
0.163,-2.308,-0.259,0.385
0.171,-2.5,-0.222,0.192
0.18,-2.654,-0.111,-0.038
0.188,-2.654,-0.111,-0.038
0.197,-2.577,0.074,-0.346
0.205,-2.462,0.296,-0.654
0.214,-2.346,0.37,-1
0.222,-2.346,0.333,-1.308
0.231,-2.385,0.222,-1.385
0.239,-2.385,0.222,-1.385
0.248,-2.423,0.185,-1.462
0.256,-2.346,0.296,-1.385
0.265,-1.962,0.593,-1.346
0.273,-1.5,0.815,-1.308
0.282,-1.192,0.926,-1.308
0.291,-1.192,0.926,-1.308
0.299,-1.115,0.852,-1.308
0.308,-1.154,0.741,-1.231
0.316,-1.115,0.63,-1.154
0.325,-1.038,0.593,-1.038
0.333,-0.885,0.63,-0.923
0.342,-0.615,0.741,-0.808
0.35,-0.615,0.741,-0.808
0.359,-0.385,0.815,-0.731
0.367,-0.192,0.815,-0.654
0.376,-0.154,0.778,-0.577
0.384,-0.154,0.667,-0.462
0.393,-0.154,0.556,-0.423
0.401,-0.154,0.556,-0.423
0.41,-0.115,0.556,-0.346
0.418,-0.077,0.519,-0.269
0.427,0,0.556,-0.192
0.435,0.115,0.593,-0.115
0.444,0.192,0.593,0
0.453,0.192,0.593,0
0.461,0.154,0.556,0.115
0.47,0.115,0.519,0.231
0.478,-0.038,0.444,0.269
0.487,-0.038,0.37,0.5
0.495,-0.038,0.333,0.692
0.504,-0.038,0.333,0.692
0.512,-0.038,0.259,0.808
0.521,-0.038,0.185,0.885
0.529,-0.115,0.111,1.077
0.538,-0.231,0.074,1.269
0.546,-0.385,-0.037,1.462
0.555,-0.577,-0.148,1.615
0.563,-0.577,-0.148,1.615
0.572,-0.731,-0.259,1.731
0.58,-0.923,-0.37,1.769
0.589,-1.077,-0.444,1.731
0.597,-1.192,-0.519,1.615
0.606,-1.346,-0.556,1.5
0.614,-1.5,-0.593,1.385
0.623,-1.5,-0.593,1.385
0.631,-1.654,-0.63,1.192
0.64,-1.769,-0.593,0.923
0.648,-1.846,-0.519,0.615
0.657,-1.923,-0.37,0.385
0.665,-2,-0.222,0.192
0.674,-2,-0.222,0.192
0.682,-2.077,-0.111,0.038
0.691,-2.192,-0.037,-0.115
0.699,-2.231,0,-0.308
0.708,-2.231,0.037,-0.462
0.717,-2.192,0.074,-0.538
0.725,-2.077,0.111,-0.615
0.734,-2.077,0.111,-0.615
0.742,-1.923,0.185,-0.692
0.751,-1.692,0.259,-0.654
0.759,-1.5,0.333,-0.654
0.768,-1.385,0.296,-0.654
0.776,-1.346,0.259,-0.615
0.785,-1.346,0.259,-0.615
0.793,-1.308,0.222,-0.577
0.802,-1.231,0.185,-0.5
0.812,-1.192,0.148,-0.423
0.821,-1.154,0.111,-0.385
0.829,-1.154,0.074,-0.269
0.838,-1,0.148,-0.231
0.846,-1,0.148,-0.231
0.855,-0.846,0.222,-0.192
0.863,-0.692,0.296,-0.192
0.872,-0.654,0.259,-0.154
0.88,-0.692,0.185,-0.154
0.889,-0.731,0.074,-0.077
0.897,-0.808,0,-0.038
0.906,-0.808,0,-0.038
0.914,-0.846,-0.037,0
0.923,-0.885,-0.111,0
0.931,-0.923,-0.148,0
0.94,-0.923,-0.111,0
0.949,-0.923,-0.111,0
0.957,-0.923,-0.074,0
0.966,-0.846,0,0.038
0.974,-0.769,0.037,0.115
0.983,-0.731,0.037,0.115
0.991,-0.731,0,0.115
1,-0.769,-0.037,0.115
1.008,-0.769,-0.037,0.115
1.017,-0.846,-0.074,0.115
