0,-0.346,0,0.385
0.009,-0.192,-0.037,0.462
0.017,-0.077,-0.074,0.577
0.026,-0.077,-0.074,0.577
0.034,0.038,-0.037,0.769
0.043,0.038,0.037,1.038
0.051,-0.077,0.074,1.308
0.06,-0.192,0.111,1.577
0.068,-0.462,0.148,1.962
0.077,-0.462,0.148,1.962
0.085,-0.885,0.148,2.269
0.094,-1.5,0.148,2.5
0.102,-2.077,0.259,2.577
0.111,-2.308,0.444,2.462
0.119,-2.192,0.63,2.154
0.128,-2.192,0.63,2.154
0.136,-2.038,0.704,1.846
0.145,-2.077,0.63,1.615
0.154,-2.115,0.556,1.423
0.162,-2.192,0.556,1.308
0.171,-2.308,0.63,1.154
0.179,-2.385,0.63,1.038
0.188,-2.385,0.63,1.038
0.196,-2.385,0.63,0.846
0.205,-2.269,0.519,0.654
0.213,-2.192,0.407,0.577
0.222,-2.038,0.37,0.538
0.23,-1.885,0.333,0.538
0.239,-1.885,0.333,0.538
0.247,-1.808,0.296,0.654
0.256,-1.731,0.296,0.769
0.264,-1.577,0.37,0.846
0.273,-1.423,0.37,0.808
0.281,-1.423,0.37,0.808
0.29,-1.308,0.444,0.731
0.298,-1.269,0.444,0.654
0.307,-1.154,0.481,0.692
0.316,-1.077,0.519,0.846
0.324,-1.077,0.519,0.846
0.333,-0.962,0.519,0.923
0.341,-0.885,0.444,0.962
0.35,-0.885,0.37,0.962
0.358,-0.808,0.333,0.885
0.367,-0.808,0.333,0.885
0.375,-0.731,0.296,0.846
0.384,-0.692,0.222,0.808
0.392,-0.692,0.148,0.769
0.401,-0.615,0.074,0.769
0.409,-0.577,0.037,0.769
0.418,-0.5,-0.037,0.769
0.426,-0.5,-0.037,0.769
0.435,-0.423,-0.037,0.769
0.443,-0.385,-0.111,0.808
0.452,-0.346,-0.148,0.846
0.46,-0.269,-0.185,0.885
0.469,-0.192,-0.148,0.923
0.477,-0.077,-0.111,0.962
0.486,-0.077,-0.111,0.962
0.495,-0.077,-0.148,1
0.503,-0.077,-0.185,1.038
0.512,-0.077,-0.148,1.038
0.52,0,-0.148,1
0.529,0,-0.111,1.038
0.537,0,-0.148,1.038
0.546,0,-0.111,1
0.554,0.038,-0.111,1
0.563,0.038,-0.111,1.038
0.571,0.038,-0.111,1.038
0.58,0.038,-0.111,1.038
0.589,0,-0.148,1
0.597,-0.038,-0.148,0.962
0.606,-0.038,-0.148,0.962
0.614,0,-0.148,0.923
0.623,0,-0.148,0.923
0.631,0,-0.148,0.923
0.64,-0.038,-0.185,0.885
0.648,-0.038,-0.148,0.923
0.657,-0.077,-0.148,0.962
0.665,-0.115,-0.185,0.962
0.674,-0.115,-0.185,0.962
0.682,-0.154,-0.185,0.962
0.691,-0.115,-0.185,0.885
0.699,-0.077,-0.148,0.885
0.708,-0.077,-0.111,0.885
0.717,-0.077,-0.111,0.885
0.725,-0.077,-0.111,0.923
0.734,-0.077,-0.074,0.962
0.742,-0.077,-0.037,0.962
0.751,-0.077,0,0.923
0.759,-0.038,0.037,0.885
0.768,-0.038,0.037,0.885
0.776,-0.077,0.037,0.846
0.785,-0.154,0.037,0.808
0.793,-0.231,0.074,0.808
0.802,-0.346,0.037,0.846
0.81,-0.423,0.037,0.846
0.819,-0.423,0.037,0.846
