0,-0.192,-0.074,0.462
0.009,-0.308,0.185,0.692
0.017,-0.077,0.407,1
0.026,-0.077,0.407,1
0.034,0.308,0.556,1.115
0.043,0.538,0.444,1.038
0.051,0.231,0.185,0.923
0.06,-0.077,0.037,0.808
0.068,-0.192,-0.037,0.769
0.077,-0.154,-0.037,0.885
0.085,-0.154,-0.037,0.885
0.094,-0.077,0.074,1.038
0.102,0,0.185,1.077
0.111,0.115,0.185,1.077
0.119,0.231,0.148,1
0.128,0.269,0.148,0.962
0.136,0.269,0.148,0.962
0.145,0.154,0.111,0.962
0.154,-0.038,0,0.962
0.162,-0.192,-0.074,0.962
0.171,-0.231,-0.111,1.038
0.179,-0.154,0,1.077
0.188,-0.038,0.074,1.077
0.196,-0.038,0.074,1.077
0.205,0.115,0.148,1.077
0.213,0.192,0.111,1.038
0.222,0.077,0.037,1
0.231,0,0.037,1.038
0.239,-0.077,0.037,1.077
0.248,-0.077,0.037,1.077
0.256,-0.115,0.037,1.115
0.265,-0.077,0.037,1.115
0.273,0.038,0.111,1.038
0.282,0.192,0.185,1
0.29,0.192,0.148,0.962
0.299,0.192,0.148,0.962
0.307,0.115,0.074,0.962
0.316,-0.038,0.037,0.962
0.324,-0.115,0,1
0.333,-0.154,0.037,1.077
0.341,-0.154,0.037,1.115
0.35,0,0.111,1.115
0.358,0,0.111,1.115
0.367,0.077,0.111,1.077
0.375,0.115,0.111,1
0.384,0.077,0.074,1
0.392,0,0.074,1
0.401,-0.077,0.037,1.038
0.409,-0.154,0,1.038
0.418,-0.154,0,1.038
0.426,-0.154,0.037,1.038
0.435,-0.077,0.074,1.038
0.443,0.077,0.111,1
0.452,0.115,0.148,1
0.461,0.077,0.111,0.962
0.469,0.077,0.111,0.962
0.478,0,0.074,0.923
0.486,-0.115,0.037,0.962
0.495,-0.154,0,1
0.503,-0.154,0.037,1.038
0.512,-0.077,0.074,1
0.52,-0.077,0.074,1
0.529,0.038,0.148,0.962
0.537,0.077,0.148,0.962
0.546,0.077,0.185,0.962
0.554,0,0.185,0.962
0.563,-0.154,0.185,1
0.571,-0.192,0.296,1.115
0.58,-0.192,0.296,1.115
0.588,-0.192,0.444,1.154
0.597,-0.077,0.704,1.192
0.605,0.154,1.074,1.192
0.614,0.154,1.074,1.192
0.622,0.192,1.333,1.269
0.631,0.115,1.593,1.308
0.639,-0.077,1.815,1.346
0.648,-0.308,1.963,1.346
0.656,-0.308,2.111,1.192
0.665,-0.308,2.111,1.192
0.673,-0.192,2.111,1
0.682,-0.077,2,0.769
0.692,0.077,1.741,0.538
0.701,0.038,1.407,0.346
0.709,-0.115,1.037,0.038
0.718,-0.269,0.667,-0.038
0.726,-0.308,0.407,0
0.735,-0.077,0.222,0
0.743,-0.077,0.222,0
0.752,0.423,0.037,0.115
0.76,0.577,-0.444,0.308
0.769,0.423,-1.074,0.462
0.777,0.115,-1.593,0.577
0.786,-0.231,-1.926,0.692
0.795,-0.308,-2,0.846
0.803,-0.308,-2,0.846
0.812,-0.077,-1.815,1.038
0.821,0.077,-1.519,1.269
0.829,0.192,-1.259,1.538
0.838,0.269,-1.074,1.577
0.846,0.308,-0.963,1.615
0.855,-0.115,-1.111,1.731
0.863,-0.115,-1.111,1.731
0.872,-0.385,-1.148,1.769
0.88,-0.192,-0.926,1.654
0.889,0.077,-0.63,1.654
0.897,0.231,-0.407,1.577
0.906,0.346,-0.185,1.462
0.914,0.423,-0.074,1.308
0.923,0.423,-0.074,1.308
0.931,0,-0.222,1.192
0.943,-0.346,-0.333,1.038
0.953,-0.192,-0.222,1.038
0.961,-0.077,-0.111,1.115
0.97,0.077,0.037,1.077
0.978,0.154,0.111,1.154
0.987,0.269,0.222,1.038
0.996,0.231,0.185,0.962
1.004,0.231,0.185,0.962
1.013,0,0.074,1.038
1.021,-0.077,0.037,0.923
1.03,0.192,0.111,0.808
1.038,0.462,0.111,0.846
1.047,0.654,0.148,0.885
1.055,0.654,0.148,0.885
1.064,0.692,0.259,1.077
