0,0.038,-0.037,0.923
0.009,0.038,-0.037,0.962
0.017,0.038,0,1
0.026,0,0,1.038
0.035,0,0,1.038
0.044,0,-0.037,1.038
0.053,0,-0.037,1
0.061,0,0,1
0.07,0,0,1
0.078,0,0,1
0.087,0,0,1
0.095,0,-0.037,1
0.104,0,-0.037,1.038
0.112,0,-0.037,1.038
0.121,0.038,-0.037,1.038
0.129,0,-0.037,1.038
0.138,0,-0.037,1.038
0.146,0,-0.037,1.038
0.155,0,-0.037,1.038
0.163,0.038,-0.037,1.038
0.172,0.038,0,1
0.18,0.038,0,1
0.189,0.038,-0.037,1
0.197,0.038,-0.037,1
0.206,0.038,-0.037,1
0.215,0.038,-0.037,1
0.223,0.038,-0.037,1
0.232,0.038,-0.037,0.962
0.24,0.038,-0.037,0.962
0.249,0.038,-0.037,1
0.257,0.038,-0.037,1
0.266,0.038,-0.037,1
0.274,0.038,-0.037,1
0.283,0.038,-0.037,1
0.291,0.038,-0.037,1
0.3,0.038,-0.037,1
0.308,0.038,-0.037,1
0.317,0.038,-0.037,1
0.325,0.038,-0.037,0.962
0.334,0.038,-0.037,0.962
0.342,0.038,-0.037,0.962
0.351,0.038,-0.037,0.962
0.359,0,-0.037,0.962
0.368,0,-0.037,0.962
0.376,0,-0.037,0.962
0.385,0,-0.037,0.962
0.393,0,-0.037,0.962
0.402,0.038,-0.037,0.962
0.41,0.038,-0.037,0.962
0.419,0.038,-0.037,0.962
0.427,0,-0.037,0.962
0.436,0,-0.037,1
0.444,0,-0.037,1
0.453,0,-0.037,1
0.461,0,-0.037,0.962
0.47,0,-0.037,0.962
0.478,0,-0.037,1
0.487,0.038,-0.037,1
0.495,0.038,-0.037,1
0.504,0.038,-0.037,1
0.512,0.038,-0.037,0.962
0.521,0.038,-0.037,0.962
0.53,0.038,-0.037,0.962
0.538,0.038,0,1
0.547,0.038,-0.037,1
0.555,0.038,-0.037,1
0.564,0.038,-0.037,1
0.572,0.038,-0.037,0.962
0.581,0,-0.037,0.962
0.59,0.038,-0.037,0.962
0.598,0.038,-0.037,0.962
0.607,0.038,-0.037,0.962
0.615,0.038,-0.037,0.962
0.624,0.038,-0.037,0.962
0.632,0.038,-0.037,1
0.641,0.038,-0.037,1
0.649,0.038,-0.037,1
0.658,0.038,-0.037,1
0.666,0.038,-0.037,1
0.675,0.038,-0.037,0.962
0.683,0,-0.037,0.962
0.692,0.038,-0.037,0.962
0.7,0.038,-0.037,0.962
0.709,0.038,-0.037,0.962
0.717,0.038,-0.037,0.962
0.726,0.038,-0.037,0.962
0.734,0.038,-0.037,0.962
0.743,0,-0.037,0.962
0.751,0.038,-0.037,0.962
0.76,0,-0.037,0.962
0.768,0,-0.037,0.962
0.777,0,-0.037,1
0.786,0,-0.037,1
0.794,0,-0.037,1
0.803,0.038,-0.037,1
0.811,0.038,-0.037,1
0.82,0.038,-0.037,1
0.828,0.038,0,1
0.837,0.038,0,1
0.845,0.038,-0.037,0.962
0.854,0.038,-0.037,1
0.862,0.038,-0.037,1
0.871,0.038,-0.037,1
0.879,0.038,-0.037,0.962
0.888,0.038,-0.037,0.962
0.896,0.038,-0.037,1
0.905,0.038,-0.037,1
0.913,0,-0.037,1
0.922,0,-0.037,1
0.93,0,-0.037,1
0.939,0,-0.037,1
0.947,0.038,-0.037,0.962
0.956,0.038,-0.037,1
0.964,0.038,-0.037,1
0.973,0.038,-0.037,1
0.981,0.038,-0.037,1
0.99,0.038,-0.037,1
0.998,0.038,-0.037,0.962
1.007,0.038,-0.037,0.962
1.015,0.038,-0.037,1
1.024,0.038,-0.037,0.962
1.034,0.038,-0.037,1
1.044,0.038,-0.037,1
1.052,0.038,-0.037,1
1.061,0.038,-0.037,1
1.07,0.038,-0.037,1
1.078,0.038,-0.037,1
1.087,0.038,-0.037,1
1.095,0.038,-0.037,1
1.104,0.038,-0.037,0.962
1.112,0.038,-0.037,0.962
1.121,0,-0.037,0.962
1.129,0,-0.037,0.962
1.138,0,-0.037,0.962
1.146,0,-0.037,0.962
1.155,0.038,-0.037,0.962
1.163,0.038,-0.037,0.962
1.172,0,-0.037,0.962
1.18,0,-0.037,1
1.189,0,-0.037,1
1.197,0,-0.037,1
1.206,0.038,-0.037,0.962
1.214,0.038,-0.037,0.962
1.223,0.038,-0.037,0.962
1.231,0,-0.037,0.962
1.24,0,-0.037,0.962
1.248,0,-0.037,0.962
1.257,0,0,0.962
1.266,0.038,0,0.962
1.274,0.038,0,0.962
1.283,0.038,0,0.962
1.291,0,0.037,0.962
1.3,0,0.037,1
1.308,0,0.037,1
1.317,0,0.037,1.038
1.325,0,0.074,1
1.334,0,0.074,1
1.342,0,0.111,1
1.351,0,0.148,1
1.359,0.038,0.185,1.038
1.368,0.038,0.185,1.038
1.376,-0.038,0.259,1.077
1.385,-0.038,0.259,1.077
1.393,-0.038,0.259,1.115
1.402,-0.038,0.296,1.115
1.41,-0.077,0.333,1.115
1.419,-0.038,0.407,1.077
1.427,-0.038,0.407,1.077
1.436,-0.038,0.481,1.077
1.444,-0.038,0.556,1.077
1.453,-0.038,0.593,1.077
1.461,-0.038,0.667,1.115
1.47,-0.077,0.704,1.115
1.478,-0.077,0.704,1.115
1.487,-0.038,0.741,1.115
1.495,0,0.778,1.115
1.504,0.038,0.741,1.077
1.512,0.038,0.704,1.077
1.521,0,0.63,1.077
1.529,-0.038,0.481,1.038
1.538,-0.038,0.481,1.038
1.547,-0.077,0.37,1
1.555,-0.115,0.222,0.923
1.564,-0.038,0.111,0.769
1.572,0,-0.037,0.654
1.581,0.038,-0.222,0.615
1.589,0.077,-0.37,0.615
1.598,0.077,-0.37,0.615
1.606,0.038,-0.481,0.692
1.615,0.077,-0.556,0.731
1.623,0.115,-0.63,0.769
1.632,0.192,-0.63,0.731
1.64,0.269,-0.667,0.731
1.649,0.269,-0.667,0.731
1.657,0.308,-0.704,0.769
1.666,0.269,-0.741,0.846
1.674,0.269,-0.778,0.885
1.683,0.231,-0.815,0.923
1.691,0.192,-0.852,0.962
1.7,0.192,-0.852,0.962
1.708,0.192,-0.852,1
1.717,0.154,-0.852,1.038
1.725,0.154,-0.815,1.077
1.734,0.192,-0.741,1.115
1.742,0.269,-0.667,1.192
1.751,0.269,-0.593,1.231
1.759,0.269,-0.593,1.231
1.768,0.269,-0.519,1.192
1.776,0.269,-0.481,1.192
1.785,0.192,-0.481,1.269
1.793,0.077,-0.519,1.308
