0,0.269,0.037,1
0.009,0.423,0.111,0.923
0.017,0.423,0.185,0.962
0.026,0.269,0.148,0.962
0.034,0.077,0.037,1
0.043,0,0,0.885
0.051,0,0,0.885
0.06,0.115,0.148,0.615
0.068,0.231,0,1.077
0.077,0.462,0.222,1.269
0.085,0.538,0.37,1
0.094,0.538,0.37,1
0.102,0.269,0.222,0.962
0.111,-0.077,-0.037,1.154
0.119,-0.154,-0.111,1.038
0.128,-0.038,0.037,0.846
0.136,0.115,0,1.077
0.145,0.192,0.074,1.154
0.153,0.192,0.074,1.154
0.162,0.192,0.074,1.038
0.17,0.038,0.037,1.115
0.179,-0.077,-0.074,1.154
0.187,-0.154,-0.111,1.077
0.196,-0.154,-0.111,1.077
0.204,-0.154,-0.111,1.038
0.213,-0.038,-0.037,1
0.222,0.077,0.037,1.038
0.23,0.077,0.074,1.038
0.239,0.077,0.074,1
0.247,0.077,0.074,1
0.256,0.077,0.074,0.962
0.264,0.077,0.037,0.962
0.273,0.115,0.074,0.923
0.281,0.192,0.148,0.962
0.29,0.308,0.222,0.962
0.298,0.346,0.222,1
0.307,0.346,0.222,1
0.315,0.308,0.185,1
0.324,0.269,0.148,1
0.332,0.269,0.148,1.038
0.341,0.269,0.111,1.038
0.349,0.308,0.148,1.038
0.358,0.308,0.148,1.038
0.366,0.269,0.111,1.038
0.375,0.231,0.074,1.038
0.383,0.115,0.037,1
0.392,0.077,0.037,1.077
0.4,0.077,0.037,1.077
0.409,0.115,0.037,1.038
0.417,0.115,0.074,1.038
0.426,-0.077,-0.037,1.038
0.434,-0.346,-0.185,1.038
0.443,-0.615,-0.333,1.077
0.451,-0.846,-0.296,1.115
0.46,-0.846,-0.296,1.115
0.469,-0.769,-0.185,1.154
0.477,-0.885,-0.111,1.154
0.486,-0.731,0.185,1
0.494,-0.462,0.296,1.038
0.503,-0.615,0.333,1.077
0.511,-0.615,0.333,1.077
0.52,-0.885,0.259,1.269
0.528,-0.577,0.556,0.538
0.537,-0.192,0.63,0.885
0.545,0.231,0.741,0.962
0.554,0.692,0.926,0.962
0.562,0.692,0.926,0.962
0.571,1.038,1.074,1.077
0.579,1.269,1.185,1
0.588,1.231,1.296,0.846
0.596,1.231,1.296,0.769
0.605,1.154,1.185,0.962
0.613,1.154,1.185,0.962
0.622,1.038,1.037,1.154
