0,0.462,0.148,1
0.009,0.5,0.222,1
0.017,0.462,0.185,1
0.026,0.308,0.111,0.923
0.034,0.308,0.111,0.923
0.043,0.154,0,0.885
0.051,0.154,0,0.808
0.06,0.269,0.074,0.923
0.068,0.346,0.037,1
0.077,0.538,0.185,1.077
0.085,0.538,0.185,1.077
0.094,0.5,0.185,1.077
0.102,0.269,0,1.115
0.111,0,-0.185,1.154
0.119,0,-0.259,1
0.128,0.115,-0.185,0.923
0.137,0.115,-0.111,1.038
0.146,0.115,-0.111,1.038
0.154,0.077,-0.111,1.115
0.163,0.077,-0.074,1.154
0.171,0.154,-0.074,1.115
0.18,0.154,-0.074,1.038
0.188,0.077,-0.148,0.962
0.197,0.077,-0.148,0.962
0.205,0.038,-0.185,0.846
0.214,0.154,-0.074,0.846
0.223,0.269,0.037,0.846
0.232,0.308,0.037,0.885
0.24,0.269,0.037,0.962
0.249,0.231,0,0.923
0.257,0.231,0,0.923
0.266,0.154,-0.037,0.923
0.274,0.192,-0.037,0.885
0.283,0.269,0.074,0.885
0.291,0.192,0.037,1
0.3,0.192,0.037,1
0.308,0.154,0,1
0.317,0.115,0,1
0.325,0,-0.037,1.077
0.334,-0.115,-0.074,1.077
0.342,-0.346,-0.185,1.115
0.351,-0.731,-0.296,1.231
0.359,-0.731,-0.296,1.231
0.368,-1.038,-0.259,1.154
0.376,-1.154,0,1.154
0.385,-1.154,0,1.154
0.393,-0.808,0.37,1.192
0.402,-0.577,0.519,1.385
0.411,-0.615,0.481,1.5
0.419,-0.808,0.593,1.077
0.428,-0.615,0.667,1.154
0.436,-0.115,0.815,1.423
0.445,-0.115,0.815,1.423
0.454,0.462,1.111,1.269
0.462,1.192,1.185,1.115
0.471,1.346,1.185,0.923
0.479,1.269,1.185,0.692
0.488,1.269,1.148,0.615
0.497,1.269,1.148,0.615
0.505,1.231,1.037,0.538
0.514,1.192,0.889,0.654
0.522,1.038,0.704,0.692
0.531,1,0.519,0.692
0.539,0.654,0.296,0.692
0.548,0.154,0.074,0.731
0.556,0.077,0.037,0.846
0.565,0.077,0.037,0.846
0.573,0.346,0.074,0.962
0.582,0.5,0.111,1.038
0.59,0.5,0.111,1.038
0.599,0.385,0.074,0.962
0.607,0,-0.074,0.923
0.616,-0.038,-0.111,1
0.625,0.192,-0.111,1.038
0.633,0.269,-0.074,1.038
0.642,0.269,-0.074,1.038
0.651,0.269,-0.074,0.962
0.659,0.115,-0.074,0.962
0.668,0,-0.111,0.962
0.676,0,-0.111,1.038
0.685,0.038,-0.111,1.038
0.693,0.038,-0.111,1.038
0.702,0,-0.111,1.154
0.71,0,-0.111,1.154
0.719,0.077,-0.074,1.115
0.727,0.231,0.037,1.077
0.737,0.385,0.111,1
0.745,0.385,0.148,0.846
0.754,0.462,0.148,0.808
0.762,0.462,0.148,0.808
0.771,0.538,0.185,0.846
0.779,0.731,0.148,0.769
