0,0.077,-0.074,1.038
0.009,0.038,-0.074,1.077
0.017,0.038,-0.074,1.077
0.026,0.115,-0.037,1.038
0.034,0.269,0.148,0.962
0.043,0.5,-0.074,1
0.051,0.385,0.185,0.962
0.06,0.346,-0.037,0.962
0.068,0.346,-0.037,0.962
0.077,0.269,-0.037,1
0.085,0.269,-0.037,1.038
0.094,0.346,0.037,1
0.102,0.423,-0.074,0.962
0.111,0.385,0,1
0.12,0.423,0.037,0.923
0.128,0.423,0.037,0.923
0.137,0.423,0.037,0.846
0.145,0.385,0,0.923
0.154,0.385,0,0.885
0.162,0.385,0.037,0.885
0.171,0.385,0.037,0.885
0.179,0.385,0.037,0.923
0.188,0.346,0,0.923
0.196,0.346,0,0.923
0.205,0.423,0.037,0.885
0.213,0.423,0.037,0.885
0.222,0.385,0.037,0.923
0.23,0.385,0.037,0.923
0.239,0.346,0.037,0.923
0.247,0.346,0.037,0.923
0.256,0.308,0,0.923
0.264,0.308,0,0.923
0.273,0.269,0,0.885
0.281,0.308,0,0.923
0.29,0.269,0,0.962
0.298,0.231,0.037,0.962
0.307,0.231,0.037,0.962
0.315,0.192,0,1
0.324,0.154,0,1
0.332,0.115,-0.037,1
0.341,0.154,0,1.038
0.35,0.154,0,1.038
0.358,0,-0.074,1.154
0.367,0,-0.074,1.154
0.375,-0.231,-0.148,1.269
0.384,-0.346,-0.148,1.308
0.392,-0.269,-0.037,1.346
0.401,-0.231,-0.037,1.346
0.41,-0.346,-0.037,1.231
0.418,-0.462,-0.074,1.154
0.427,-0.462,-0.074,1.154
0.435,-0.5,0,1.154
0.444,-0.115,0.407,1.192
0.452,-0.115,0.407,1.192
0.461,-0.115,0.407,1.192
0.469,-0.346,0.333,1.115
0.478,-0.615,0.259,1.269
0.486,-0.115,0.481,0.846
0.495,-0.115,0.407,1.231
0.503,-0.115,0.407,1.231
0.512,-0.115,0.519,1.077
0.521,0.115,0.667,1.192
0.531,0.346,0.852,1.192
0.54,0.577,1,1.154
0.548,0.5,1.037,1.269
0.559,0.731,1.111,1.231
0.568,0.962,1.037,1.077
0.577,0.962,0.889,0.808
0.588,0.923,0.704,0.654
0.597,1,0.667,0.615
0.605,1,0.667,0.615
0.614,1.231,0.815,0.731
0.622,1.538,0.852,0.769
0.631,1.385,0.815,0.846
0.639,0.885,0.704,0.808
0.648,0.654,0.593,0.808
0.657,0.654,0.593,0.808
