0,0.5,-0.074,0.654
0.009,0.538,-0.037,0.615
0.017,0.577,0,0.538
0.026,0.577,0.037,0.462
0.034,0.577,0.037,0.346
0.043,0.577,0.037,0.346
0.051,0.577,0.037,0.269
0.06,0.5,0.037,0.269
0.068,0.346,0,0.308
0.077,0.192,-0.074,0.346
0.085,0,-0.111,0.423
0.094,0,-0.111,0.423
0.102,-0.077,-0.111,0.462
0.111,-0.154,-0.111,0.462
0.119,-0.192,-0.111,0.462
0.128,-0.154,-0.074,0.385
0.136,-0.154,-0.037,0.423
0.145,-0.192,-0.037,0.462
0.153,-0.192,-0.037,0.462
0.162,-0.231,-0.037,0.462
0.17,-0.308,-0.037,0.462
0.179,-0.346,0,0.538
0.188,-0.423,0,0.615
0.196,-0.5,-0.037,0.654
0.205,-0.5,-0.037,0.654
0.213,-0.538,-0.037,0.731
0.222,-0.577,-0.037,0.846
0.23,-0.615,-0.111,0.846
0.239,-0.654,-0.111,0.885
0.247,-0.615,-0.074,0.923
0.256,-0.615,-0.074,0.923
0.264,-0.615,0,1
0.273,-0.654,0,1.077
0.281,-0.615,0.074,1.154
0.29,-0.577,0.111,1.192
0.298,-0.538,0.185,1.346
0.307,-0.423,0.259,1.423
0.315,-0.423,0.259,1.423
0.324,-0.346,0.333,1.577
0.332,-0.231,0.37,1.692
0.341,-0.115,0.444,1.808
0.349,-0.077,0.444,1.885
0.358,-0.038,0.444,2
0.366,-0.038,0.444,2
0.375,-0.038,0.444,2.077
0.383,0,0.444,2.038
0.392,-0.077,0.407,2
0.4,-0.038,0.407,2.038
0.409,0.038,0.37,2.038
0.417,0.115,0.333,2
0.426,0.115,0.333,2
0.434,0.231,0.333,1.923
0.443,0.346,0.37,1.846
0.451,0.385,0.296,1.769
0.46,0.423,0.185,1.692
0.469,0.423,0.185,1.692
0.477,0.462,0.074,1.577
0.486,0.462,0,1.462
0.494,0.5,-0.037,1.423
0.503,0.577,0.037,1.385
0.511,0.692,0.074,1.385
0.52,0.769,0.148,1.346
0.528,0.769,0.148,1.346
0.537,0.885,0.185,1.385
0.546,0.923,0.222,1.423
0.554,1,0.259,1.423
0.563,1.115,0.333,1.346
0.571,1.231,0.37,1.308
0.58,1.346,0.444,1.231
0.589,1.346,0.444,1.231
0.597,1.423,0.444,1.154
0.606,1.423,0.444,1.115
0.614,1.462,0.481,1
0.623,1.538,0.556,0.923
0.631,1.538,0.593,0.885
0.64,1.538,0.63,0.808
0.648,1.538,0.63,0.808
0.657,1.462,0.593,0.692
0.665,1.385,0.593,0.654
0.674,1.231,0.519,0.615
0.682,1.038,0.444,0.615
0.691,0.846,0.333,0.615
0.699,0.846,0.333,0.615
0.708,0.654,0.222,0.615
0.716,0.654,0.222,0.615
0.725,0.346,0.074,0.654
0.733,0.192,0.037,0.654
0.742,0.115,-0.037,0.577
0.751,0.115,-0.037,0.577
0.759,0.115,-0.037,0.5
0.768,0.077,-0.111,0.423
0.776,0.077,-0.111,0.308
0.785,0.077,-0.111,0.192
0.793,0.077,-0.111,0.154
0.802,0.077,-0.111,0.154
0.81,0.115,-0.037,0.038
0.819,0.115,-0.037,0
0.827,0.038,-0.074,0.038
0.836,0,-0.074,0.077
0.844,-0.038,-0.074,0.077
0.853,-0.038,-0.074,0.077
0.861,-0.077,-0.074,0.154
0.87,-0.077,-0.037,0.231
0.878,-0.115,-0.037,0.269
0.887,-0.154,-0.037,0.346
0.895,-0.115,-0.074,0.423
0.904,-0.115,-0.111,0.5
0.912,-0.115,-0.111,0.5
0.921,-0.192,-0.148,0.654
0.929,-0.269,-0.185,0.769
0.938,-0.385,-0.185,0.923
0.946,-0.5,-0.185,1.077
