0,-0.154,-0.111,0.077
0.009,-0.269,-0.074,0.115
0.017,-0.269,-0.074,0.154
0.026,-0.231,0.037,0.231
0.034,-0.154,0.111,0.269
0.043,-0.115,0.185,0.346
0.051,-0.115,0.259,0.423
0.06,-0.115,0.259,0.423
0.068,-0.038,0.296,0.462
0.077,0,0.333,0.538
0.085,-0.038,0.37,0.692
0.094,0.038,0.37,0.731
0.102,0,0.407,0.846
0.111,-0.038,0.407,0.962
0.119,-0.115,0.407,1.115
0.128,-0.115,0.407,1.231
0.136,-0.115,0.407,1.231
0.145,-0.154,0.444,1.346
0.154,-0.154,0.481,1.385
0.162,-0.115,0.519,1.385
0.171,-0.154,0.481,1.462
0.179,-0.154,0.444,1.577
0.188,-0.154,0.444,1.577
0.196,-0.115,0.407,1.577
0.205,-0.115,0.37,1.462
0.213,-0.115,0.333,1.346
0.222,-0.077,0.333,1.308
0.231,-0.077,0.333,1.308
0.239,-0.038,0.333,1.192
0.248,-0.038,0.333,1.192
0.256,0,0.333,1.231
0.265,0.077,0.37,1.308
0.273,0.077,0.37,1.346
0.282,0.077,0.37,1.346
0.29,0.115,0.37,1.385
0.299,0.154,0.37,1.423
0.307,0.192,0.37,1.5
0.316,0.192,0.333,1.577
0.324,0.231,0.333,1.731
0.333,0.231,0.333,1.731
0.341,0.231,0.296,1.769
0.35,0.154,0.296,1.769
0.358,0.115,0.259,1.808
0.367,0.154,0.259,1.885
0.375,0.154,0.259,1.885
0.384,0.231,0.296,1.962
0.392,0.308,0.37,1.923
0.401,0.423,0.444,1.885
0.409,0.5,0.481,1.769
0.418,0.577,0.519,1.692
0.427,0.577,0.519,1.692
0.435,0.615,0.519,1.577
0.444,0.654,0.519,1.462
0.452,0.692,0.556,1.385
0.461,0.692,0.519,1.385
0.469,0.654,0.481,1.385
0.478,0.654,0.481,1.385
0.486,0.577,0.444,1.346
0.495,0.538,0.37,1.308
0.503,0.538,0.37,1.192
0.512,0.692,0.444,1.115
0.52,0.692,0.444,1.115
0.529,0.769,0.444,1.077
0.537,0.846,0.444,1.077
0.546,0.923,0.407,1.077
0.555,1,0.407,1.077
0.563,1,0.407,1.077
0.572,1.115,0.481,1.038
0.58,1.154,0.556,1
0.589,1.154,0.593,1.038
0.597,1.077,0.667,1.038
0.606,1,0.667,1.038
0.614,0.923,0.667,1.038
0.623,0.923,0.667,1.038
0.631,0.846,0.704,1.077
0.64,0.846,0.667,1.077
0.648,0.846,0.667,0.962
0.657,0.846,0.63,0.846
0.665,0.846,0.63,0.846
0.674,0.808,0.556,0.654
0.682,0.808,0.481,0.462
0.691,0.769,0.37,0.308
0.699,0.769,0.259,0.269
0.708,0.692,0.148,0.192
0.716,0.692,0.148,0.192
0.725,0.615,0.111,0.115
0.733,0.615,0.111,0
0.742,0.577,0.037,0
0.75,0.577,0.037,0
0.759,0.577,0.037,0
0.767,0.577,0,-0.038
0.776,0.538,0,0
0.784,0.538,0,0
0.793,0.5,0,0.038
0.802,0.538,0,0.038
0.81,0.538,0,0.038
0.819,0.462,0,0
0.828,0.385,0,0
0.836,0.346,-0.037,0.038
0.845,0.308,-0.037,0.038
0.853,0.308,-0.074,0.077
0.862,0.308,-0.074,0.077
0.87,0.269,-0.074,0.115
0.879,0.269,-0.037,0.115
0.887,0.231,-0.037,0.192
0.896,0.192,-0.037,0.192
0.904,0.154,-0.037,0.192
0.913,0.154,-0.037,0.192
0.921,0.077,-0.111,0.192
0.93,0,-0.148,0.192
0.938,-0.077,-0.259,0.154
0.948,-0.115,-0.296,0.154
0.957,-0.115,-0.296,0.077
0.965,-0.038,-0.259,0.038
0.974,-0.038,-0.222,0.115
0.982,-0.038,-0.222,0.115
0.991,-0.038,-0.185,0.154
0.999,-0.077,-0.148,0.192
1.008,-0.077,-0.148,0.269
1.016,-0.077,-0.185,0.308
1.025,-0.077,-0.185,0.308
1.033,-0.077,-0.222,0.346
1.042,-0.038,-0.222,0.385
1.05,-0.038,-0.148,0.423
1.059,-0.077,-0.111,0.462
1.067,-0.077,-0.074,0.5
1.076,-0.077,-0.074,0.5
1.084,-0.115,0.037,0.538
1.093,-0.192,0.037,0.654
1.101,-0.269,-0.037,0.692
1.11,-0.423,-0.111,0.731
1.118,-0.538,-0.185,0.808
1.127,-0.538,-0.185,0.808
1.135,-0.615,-0.259,0.846
1.144,-0.577,-0.259,0.885
1.152,-0.577,-0.296,0.885
1.161,-0.577,-0.296,0.885
1.169,-0.577,-0.296,0.962
1.178,-0.5,-0.259,1.038
1.186,-0.462,-0.185,1.115
1.195,-0.423,-0.111,1.192
1.203,-0.462,-0.037,1.308
1.212,-0.538,0,1.462
1.221,-0.538,0,1.462
1.229,-0.577,0,1.5
1.238,-0.538,0,1.538
1.246,-0.462,0,1.615
1.255,-0.423,-0.037,1.692
1.263,-0.385,-0.037,1.692
1.272,-0.308,0,1.692
1.28,-0.308,0,1.692
1.289,-0.269,0.037,1.654
1.297,-0.231,0.074,1.615
1.306,-0.231,0.111,1.577
1.314,-0.231,0.111,1.5
1.323,-0.154,0.111,1.385
1.331,-0.192,0.185,1.346
1.34,-0.192,0.185,1.346
