    1	-11	
    2	-11	
    3	-11	
    4	-11	
    5	-11	
    6	-11	
    7	-11	
    8	-11	
    9	-11	
   10	-11	
   11	-11	
   12	-12	
   13	-11	
   14	-11	
   15	-11	
   16	-11	
   17	-11	
   18	-11	
   19	-11	
   20	803	
   21	1150	
   22	1086	
   23	1025	
   24	936	
   25	872	
   26	809	
   27	771	
   28	740	
   29	709	
   30	689	
   31	667	
   32	651	
   33	641	
   34	-11	
   35	-11	
   36	-11	
   37	-11	
   38	-11	
   39	-11	
   40	-11	
   41	-11	
   42	-11	
   43	-11	
   44	-11	
   45	-11	
   46	-11	
   47	-11	
   48	-11	
   49	-11	
   50	-11	
   51	676	
   52	812	
   53	834	
   54	848	
   55	855	
   56	864	
   57	870	
   58	872	
   59	873	
   60	874	
   61	870	
   62	871	
   63	869	
   64	869	
   65	866	
   66	864	
   67	865	
   68	863	
   69	864	
   70	862	
   71	863	
   72	861	
   73	861	
   74	859	
   75	856	
   76	856	
   77	855	
   78	855	
   79	854	
   80	854	
   81	854	
   82	854	
   83	853	
   84	855	
   85	855	
   86	857	
   87	856	
   88	855	
   89	856	
   90	854	
   91	857	
   92	855	
   93	859	
   94	874	
   95	896	
   96	911	
   97	913	
   98	911	
   99	908	
  100	907	
  101	905	
  102	905	
  103	903	
  104	900	
  105	900	
  106	900	
  107	900	
  108	902	
  109	900	
  110	900	
  111	897	
  112	897	
  113	-11	
  114	-11	
  115	-11	
  116	-11	
  117	-11	
  118	-11	
  119	-11	
  120	-11	
