    1	-11	
    2	-11	
    3	-11	
    4	-11	
    5	-11	
    6	-11	
    7	-11	
    8	-11	
    9	-11	
   10	-11	
   11	-11	
   12	-11	
   13	-11	
   14	-11	
   15	-11	
   16	-11	
   17	-12	
   18	-11	
   19	-11	
   20	-12	
   21	830	
   22	1112	
   23	1070	
   24	950	
   25	868	
   26	791	
   27	742	
   28	704	
   29	670	
   30	645	
   31	623	
   32	605	
   33	591	
   34	70	
   35	-11	
   36	-11	
   37	-11	
   38	-11	
   39	-11	
   40	-11	
   41	-11	
   42	-11	
   43	-11	
   44	-11	
   45	-11	
   46	-11	
   47	-11	
   48	-12	
   49	-11	
   50	-12	
   51	678	
   52	811	
   53	835	
   54	841	
   55	849	
   56	852	
   57	858	
   58	860	
   59	861	
   60	863	
   61	861	
   62	862	
   63	862	
   64	864	
   65	862	
   66	863	
   67	863	
   68	862	
   69	862	
   70	860	
   71	858	
   72	856	
   73	856	
   74	855	
   75	856	
   76	854	
   77	853	
   78	853	
   79	852	
   80	852	
   81	852	
   82	852	
   83	853	
   84	852	
   85	852	
   86	851	
   87	849	
   88	850	
   89	851	
   90	850	
   91	851	
   92	852	
   93	851	
   94	855	
   95	869	
   96	889	
   97	901	
   98	904	
   99	905	
  100	903	
  101	900	
  102	896	
  103	904	
  104	902	
  105	898	
  106	899	
  107	899	
  108	895	
  109	899	
  110	899	
  111	899	
  112	897	
  113	-11	
  114	-11	
  115	-11	
  116	-11	
  117	-11	
  118	-11	
  119	-11	
  120	-11	
