    1	-11	
    2	-12	
    3	-11	
    4	-11	
    5	-11	
    6	-12	
    7	-11	
    8	-11	
    9	-11	
   10	-11	
   11	-12	
   12	-12	
   13	-12	
   14	-12	
   15	-12	
   16	-12	
   17	-12	
   18	-12	
   19	-12	
   20	715	
   21	937	
   22	900	
   23	829	
   24	739	
   25	681	
   26	632	
   27	599	
   28	573	
   29	548	
   30	529	
   31	509	
   32	497	
   33	58	
   34	-11	
   35	-11	
   36	-11	
   37	-11	
   38	-12	
   39	-12	
   40	-12	
   41	-12	
   42	-12	
   43	-12	
   44	-12	
   45	-12	
   46	-12	
   47	-11	
   48	-12	
   49	-12	
   50	-12	
   51	631	
   52	824	
   53	881	
   54	900	
   55	909	
   56	921	
   57	928	
   58	930	
   59	935	
   60	934	
   61	932	
   62	933	
   63	927	
   64	927	
   65	924	
   66	921	
   67	919	
   68	922	
   69	921	
   70	919	
   71	916	
   72	914	
   73	916	
   74	915	
   75	915	
   76	912	
   77	909	
   78	905	
   79	903	
   80	904	
   81	905	
   82	908	
   83	912	
   84	907	
   85	906	
   86	911	
   87	910	
   88	909	
   89	913	
   90	913	
   91	911	
   92	908	
   93	909	
   94	910	
   95	908	
   96	909	
   97	909	
   98	910	
   99	921	
  100	924	
  101	932	
  102	945	
  103	969	
  104	973	
  105	963	
  106	960	
  107	952	
  108	952	
  109	950	
  110	948	
  111	947	
  112	950	
  113	947	
  114	947	
  115	946	
  116	941	
  117	934	
  118	934	
  119	935	
  120	932	
  121	928	
  122	928	
  123	123	
  124	-11	
  125	-11	
  126	-12	
  127	-12	
  128	-12	
  129	-12	
  130	-11	
  131	-12	
