    1	0	
    2	0	
    3	0	
    4	0	
    5	0	
    6	0	
    7	0	
    8	0	
    9	-1	
   10	0	
   11	0	
   12	-1	
   13	-1	
   14	-1	
   15	-1	
   16	-1	
   17	-1	
   18	-1	
   19	-101	
   20	-78	
   21	-59	
   22	-52	
   23	-48	
   24	-47	
   25	-45	
   26	-43	
   27	-42	
   28	-42	
   29	-41	
   30	-40	
   31	-40	
   32	-39	
   33	-1	
   34	-1	
   35	0	
   36	-1	
   37	0	
   38	0	
   39	0	
   40	0	
   41	0	
   42	0	
   43	-1	
   44	-1	
   45	0	
   46	-1	
   47	-1	
   48	-2	
   49	-1	
   50	-60	
   51	-106	
   52	-108	
   53	-110	
   54	-110	
   55	-111	
   56	-112	
   57	-113	
   58	-113	
   59	-113	
   60	-113	
   61	-114	
   62	-114	
   63	-114	
   64	-115	
   65	-116	
   66	-116	
   67	-116	
   68	-116	
   69	-116	
   70	-117	
   71	-117	
   72	-117	
   73	-117	
   74	-117	
   75	-117	
   76	-117	
   77	-117	
   78	-117	
   79	-117	
   80	-118	
   81	-118	
   82	-118	
   83	-117	
   84	-118	
   85	-118	
   86	-118	
   87	-118	
   88	-118	
   89	-118	
   90	-118	
   91	-118	
   92	-119	
   93	-119	
   94	-119	
   95	-119	
   96	-118	
   97	-118	
   98	-118	
   99	-118	
  100	-116	
  101	-114	
  102	-114	
  103	-113	
  104	-113	
  105	-113	
  106	-114	
  107	-114	
  108	-114	
  109	-114	
  110	-114	
  111	-114	
  112	-114	
  113	-115	
  114	-115	
  115	-114	
  116	-114	
  117	-114	
  118	-114	
  119	-1	
  120	-1	
  121	0	
  122	0	
  123	0	
  124	0	
  125	0	
  126	0	
  127	0	
