    1	2	
    2	2	
    3	2	
    4	2	
    5	2	
    6	2	
    7	2	
    8	2	
    9	2	
   10	2	
   11	2	
   12	2	
   13	2	
   14	2	
   15	2	
   16	2	
   17	2	
   18	2	
   19	2	
   20	1924	
   21	2047	
   22	2047	
   23	2047	
   24	2047	
   25	2047	
   26	2047	
   27	2047	
   28	2047	
   29	2047	
   30	2047	
   31	2047	
   32	2047	
   33	337	
   34	3	
   35	2	
   36	2	
   37	2	
   38	2	
   39	2	
   40	2	
   41	2	
   42	2	
   43	2	
   44	2	
   45	2	
   46	2	
   47	2	
   48	2	
   49	2	
   50	2	
   51	1070	
   52	1236	
   53	1270	
   54	1272	
   55	1277	
   56	1284	
   57	1294	
   58	1301	
   59	1306	
   60	1311	
   61	1317	
   62	1319	
   63	1324	
   64	1327	
   65	1332	
   66	1338	
   67	1342	
   68	1342	
   69	1345	
   70	1348	
   71	1349	
   72	1354	
   73	1355	
   74	1360	
   75	1361	
   76	1365	
   77	1366	
   78	1368	
   79	1369	
   80	1371	
   81	1372	
   82	1375	
   83	1375	
   84	1376	
   85	1377	
   86	1377	
   87	1377	
   88	1376	
   89	1377	
   90	1378	
   91	1377	
   92	1375	
   93	1375	
   94	1374	
   95	1372	
   96	1372	
   97	1370	
   98	1361	
   99	1343	
  100	1284	
  101	1233	
  102	1191	
  103	1169	
  104	1161	
  105	1157	
  106	1157	
  107	1158	
  108	1160	
  109	1158	
  110	1157	
  111	1156	
  112	1156	
  113	1159	
  114	1157	
  115	1156	
  116	1159	
  117	1157	
  118	1156	
  119	1157	
  120	3	
  121	2	
  122	2	
  123	2	
  124	2	
  125	2	
  126	2	
  127	2	
  128	2	
