    1	0	
    2	-1	
    3	-1	
    4	-1	
    5	0	
    6	0	
    7	0	
    8	0	
    9	-1	
   10	0	
   11	0	
   12	-1	
   13	0	
   14	0	
   15	0	
   16	0	
   17	0	
   18	0	
   19	-84	
   20	-66	
   21	-56	
   22	-51	
   23	-48	
   24	-46	
   25	-44	
   26	-44	
   27	-42	
   28	-42	
   29	-41	
   30	-41	
   31	-40	
   32	0	
   33	-1	
   34	-1	
   35	-1	
   36	0	
   37	-1	
   38	0	
   39	-1	
   40	0	
   41	-1	
   42	-1	
   43	-1	
   44	-1	
   45	0	
   46	-1	
   47	-1	
   48	-3	
   49	-77	
   50	-109	
   51	-109	
   52	-111	
   53	-112	
   54	-112	
   55	-114	
   56	-114	
   57	-114	
   58	-115	
   59	-115	
   60	-115	
   61	-116	
   62	-116	
   63	-116	
   64	-117	
   65	-117	
   66	-117	
   67	-117	
   68	-117	
   69	-118	
   70	-118	
   71	-118	
   72	-118	
   73	-118	
   74	-118	
   75	-118	
   76	-119	
   77	-119	
   78	-119	
   79	-119	
   80	-119	
   81	-119	
   82	-119	
   83	-119	
   84	-119	
   85	-119	
   86	-119	
   87	-119	
   88	-119	
   89	-119	
   90	-120	
   91	-120	
   92	-120	
   93	-120	
   94	-120	
   95	-120	
   96	-120	
   97	-119	
   98	-118	
   99	-116	
  100	-115	
  101	-115	
  102	-115	
  103	-115	
  104	-116	
  105	-116	
  106	-115	
  107	-115	
  108	-115	
  109	-115	
  110	-115	
  111	-115	
  112	-116	
  113	-115	
  114	-115	
  115	-115	
  116	-115	
  117	-115	
  118	0	
  119	0	
  120	0	
  121	0	
  122	-1	
  123	-1	
  124	-1	
  125	-1	
