    1	-12	
    2	-12	
    3	-12	
    4	-12	
    5	-11	
    6	-12	
    7	-11	
    8	-12	
    9	-12	
   10	-12	
   11	-12	
   12	-12	
   13	-12	
   14	-12	
   15	-12	
   16	-12	
   17	-12	
   18	-12	
   19	752	
   20	980	
   21	982	
   22	896	
   23	804	
   24	745	
   25	697	
   26	647	
   27	616	
   28	589	
   29	573	
   30	558	
   31	541	
   32	529	
   33	-11	
   34	-11	
   35	-11	
   36	-11	
   37	-11	
   38	-11	
   39	-12	
   40	-11	
   41	-11	
   42	-12	
   43	-12	
   44	-12	
   45	-12	
   46	-12	
   47	-11	
   48	-12	
   49	-11	
   50	651	
   51	879	
   52	934	
   53	959	
   54	968	
   55	977	
   56	983	
   57	984	
   58	983	
   59	983	
   60	980	
   61	977	
   62	976	
   63	978	
   64	976	
   65	977	
   66	975	
   67	972	
   68	971	
   69	973	
   70	969	
   71	969	
   72	966	
   73	965	
   74	962	
   75	960	
   76	961	
   77	956	
   78	957	
   79	956	
   80	957	
   81	957	
   82	955	
   83	954	
   84	958	
   85	954	
   86	955	
   87	955	
   88	958	
   89	955	
   90	957	
   91	958	
   92	961	
   93	960	
   94	961	
   95	961	
   96	964	
   97	964	
   98	978	
   99	997	
  100	1015	
  101	1014	
  102	1009	
  103	1004	
  104	1000	
  105	999	
  106	997	
  107	997	
  108	996	
  109	994	
  110	992	
  111	990	
  112	992	
  113	992	
  114	988	
  115	984	
  116	983	
  117	983	
  118	980	
  119	-9	
  120	-11	
  121	-11	
  122	-11	
  123	-12	
  124	-11	
  125	-12	
  126	-12	
  127	-11	
