    1	-11	
    2	-11	
    3	-11	
    4	-11	
    5	-12	
    6	-12	
    7	-11	
    8	-12	
    9	-12	
   10	-12	
   11	-12	
   12	-12	
   13	-12	
   14	944	
   15	1072	
   16	985	
   17	906	
   18	840	
   19	772	
   20	729	
   21	689	
   22	665	
   23	643	
   24	619	
   25	602	
   26	585	
   27	-10	
   28	-11	
   29	-11	
   30	-11	
   31	-11	
   32	-12	
   33	-11	
   34	-11	
   35	-11	
   36	-12	
   37	-11	
   38	-11	
   39	-12	
   40	-12	
   41	-12	
   42	-11	
   43	392	
   44	733	
   45	913	
   46	951	
   47	974	
   48	985	
   49	996	
   50	1001	
   51	1001	
   52	999	
   53	1000	
   54	999	
   55	997	
   56	996	
   57	993	
   58	989	
   59	989	
   60	985	
   61	986	
   62	984	
   63	985	
   64	982	
   65	978	
   66	977	
   67	978	
   68	976	
   69	974	
   70	973	
   71	971	
   72	969	
   73	969	
   74	969	
   75	969	
   76	971	
   77	974	
   78	972	
   79	974	
   80	974	
   81	976	
   82	974	
   83	976	
   84	978	
   85	978	
   86	979	
   87	978	
   88	977	
   89	982	
   90	983	
   91	989	
   92	1006	
   93	1024	
   94	1028	
   95	1021	
   96	1017	
   97	1014	
   98	1014	
   99	1009	
  100	1006	
  101	1004	
  102	1002	
  103	1001	
  104	1000	
  105	997	
  106	996	
  107	994	
  108	993	
  109	989	
  110	987	
  111	131	
  112	-11	
  113	-11	
  114	-11	
  115	-11	
  116	-11	
  117	-12	
  118	-11	
  119	-11	
