    1	-11	
    2	-11	
    3	-12	
    4	-12	
    5	-12	
    6	-11	
    7	-12	
    8	-11	
    9	-11	
   10	-12	
   11	-12	
   12	-12	
   13	-12	
   14	-12	
   15	-12	
   16	-12	
   17	-12	
   18	520	
   19	987	
   20	1018	
   21	933	
   22	836	
   23	771	
   24	711	
   25	672	
   26	642	
   27	612	
   28	592	
   29	570	
   30	554	
   31	540	
   32	-11	
   33	-11	
   34	-11	
   35	-11	
   36	-11	
   37	-11	
   38	-12	
   39	-12	
   40	-12	
   41	-12	
   42	-12	
   43	-12	
   44	-12	
   45	-12	
   46	-12	
   47	-12	
   48	650	
   49	876	
   50	937	
   51	957	
   52	970	
   53	976	
   54	985	
   55	992	
   56	994	
   57	997	
   58	993	
   59	992	
   60	994	
   61	991	
   62	991	
   63	989	
   64	989	
   65	989	
   66	985	
   67	983	
   68	985	
   69	980	
   70	980	
   71	980	
   72	978	
   73	977	
   74	975	
   75	973	
   76	972	
   77	973	
   78	974	
   79	970	
   80	972	
   81	969	
   82	969	
   83	969	
   84	971	
   85	972	
   86	974	
   87	976	
   88	976	
   89	974	
   90	974	
   91	975	
   92	974	
   93	977	
   94	977	
   95	978	
   96	986	
   97	1004	
   98	1029	
   99	1023	
  100	1020	
  101	1015	
  102	1014	
  103	1013	
  104	1012	
  105	1009	
  106	1008	
  107	1008	
  108	1007	
  109	1004	
  110	1002	
  111	1002	
  112	998	
  113	997	
  114	998	
  115	996	
  116	-9	
  117	-11	
  118	-11	
  119	-11	
  120	-11	
  121	-12	
  122	-11	
  123	-11	
  124	-12	
