    1	-1	
    2	0	
    3	0	
    4	0	
    5	-1	
    6	-1	
    7	0	
    8	0	
    9	0	
   10	0	
   11	-1	
   12	0	
   13	0	
   14	0	
   15	0	
   16	0	
   17	-1	
   18	-89	
   19	-78	
   20	-61	
   21	-53	
   22	-49	
   23	-47	
   24	-45	
   25	-44	
   26	-43	
   27	-42	
   28	-41	
   29	-40	
   30	-40	
   31	-40	
   32	-1	
   33	0	
   34	0	
   35	0	
   36	-1	
   37	-1	
   38	-1	
   39	0	
   40	0	
   41	-1	
   42	-1	
   43	-1	
   44	-1	
   45	0	
   46	0	
   47	-1	
   48	-60	
   49	-108	
   50	-109	
   51	-110	
   52	-111	
   53	-112	
   54	-113	
   55	-114	
   56	-114	
   57	-115	
   58	-115	
   59	-115	
   60	-116	
   61	-116	
   62	-117	
   63	-117	
   64	-118	
   65	-118	
   66	-118	
   67	-118	
   68	-119	
   69	-119	
   70	-119	
   71	-119	
   72	-119	
   73	-119	
   74	-119	
   75	-119	
   76	-119	
   77	-119	
   78	-120	
   79	-120	
   80	-120	
   81	-120	
   82	-120	
   83	-120	
   84	-120	
   85	-120	
   86	-120	
   87	-121	
   88	-121	
   89	-121	
   90	-120	
   91	-120	
   92	-120	
   93	-121	
   94	-120	
   95	-120	
   96	-120	
   97	-118	
   98	-118	
   99	-115	
  100	-116	
  101	-116	
  102	-116	
  103	-116	
  104	-116	
  105	-116	
  106	-116	
  107	-116	
  108	-116	
  109	-116	
  110	-116	
  111	-116	
  112	-116	
  113	-116	
  114	-116	
  115	-116	
  116	0	
  117	-1	
  118	-1	
  119	0	
  120	0	
  121	0	
  122	0	
  123	0	
  124	0	
