    1	0	
    2	0	
    3	0	
    4	0	
    5	0	
    6	0	
    7	0	
    8	-1	
    9	-1	
   10	-1	
   11	-1	
   12	-1	
   13	-1	
   14	-1	
   15	0	
   16	-1	
   17	-1	
   18	-1	
   19	0	
   20	-98	
   21	-73	
   22	-59	
   23	-52	
   24	-49	
   25	-47	
   26	-45	
   27	-44	
   28	-43	
   29	-42	
   30	-42	
   31	-41	
   32	-40	
   33	0	
   34	-1	
   35	-1	
   36	-1	
   37	0	
   38	0	
   39	0	
   40	0	
   41	0	
   42	0	
   43	0	
   44	0	
   45	0	
   46	0	
   47	0	
   48	-1	
   49	-1	
   50	-59	
   51	-108	
   52	-110	
   53	-110	
   54	-111	
   55	-112	
   56	-113	
   57	-114	
   58	-114	
   59	-114	
   60	-115	
   61	-116	
   62	-116	
   63	-116	
   64	-116	
   65	-116	
   66	-116	
   67	-116	
   68	-117	
   69	-117	
   70	-117	
   71	-118	
   72	-118	
   73	-118	
   74	-118	
   75	-118	
   76	-119	
   77	-119	
   78	-119	
   79	-119	
   80	-119	
   81	-119	
   82	-119	
   83	-120	
   84	-120	
   85	-120	
   86	-120	
   87	-120	
   88	-120	
   89	-120	
   90	-120	
   91	-120	
   92	-121	
   93	-121	
   94	-120	
   95	-120	
   96	-120	
   97	-120	
   98	-120	
   99	-120	
  100	-118	
  101	-116	
  102	-115	
  103	-115	
  104	-115	
  105	-115	
  106	-115	
  107	-115	
  108	-115	
  109	-115	
  110	-116	
  111	-116	
  112	-115	
  113	-115	
  114	-115	
  115	-115	
  116	-115	
  117	-115	
  118	-115	
  119	-116	
  120	-2	
  121	-2	
  122	-1	
  123	0	
  124	0	
  125	0	
  126	0	
  127	0	
  128	0	
