    1	-12	
    2	-11	
    3	-12	
    4	-11	
    5	-11	
    6	-11	
    7	-12	
    8	-11	
    9	-11	
   10	-12	
   11	-12	
   12	-12	
   13	-12	
   14	-12	
   15	-12	
   16	-12	
   17	-12	
   18	-12	
   19	-12	
   20	-12	
   21	789	
   22	951	
   23	892	
   24	814	
   25	747	
   26	678	
   27	634	
   28	593	
   29	566	
   30	545	
   31	522	
   32	508	
   33	494	
   34	57	
   35	-11	
   36	-11	
   37	-11	
   38	-11	
   39	-12	
   40	-12	
   41	-11	
   42	-12	
   43	-11	
   44	-12	
   45	-12	
   46	-12	
   47	-12	
   48	-11	
   49	-12	
   50	-12	
   51	629	
   52	824	
   53	889	
   54	900	
   55	905	
   56	919	
   57	920	
   58	930	
   59	929	
   60	926	
   61	925	
   62	926	
   63	925	
   64	921	
   65	925	
   66	921	
   67	918	
   68	916	
   69	917	
   70	911	
   71	913	
   72	914	
   73	909	
   74	909	
   75	911	
   76	908	
   77	907	
   78	904	
   79	903	
   80	903	
   81	902	
   82	902	
   83	901	
   84	901	
   85	899	
   86	897	
   87	896	
   88	899	
   89	901	
   90	905	
   91	907	
   92	906	
   93	904	
   94	908	
   95	907	
   96	908	
   97	908	
   98	909	
   99	910	
  100	909	
  101	918	
  102	933	
  103	949	
  104	964	
  105	960	
  106	955	
  107	952	
  108	947	
  109	944	
  110	945	
  111	946	
  112	943	
  113	942	
  114	938	
  115	937	
  116	938	
  117	937	
  118	936	
  119	936	
  120	937	
  121	937	
  122	936	
  123	935	
  124	932	
  125	123	
  126	-11	
  127	-11	
  128	-12	
  129	-12	
  130	-11	
  131	-11	
  132	-11	
  133	-11	
