    1	2	
    2	2	
    3	2	
    4	2	
    5	2	
    6	2	
    7	2	
    8	2	
    9	2	
   10	2	
   11	2	
   12	2	
   13	2	
   14	2	
   15	2	
   16	2	
   17	2	
   18	2	
   19	1971	
   20	2047	
   21	2047	
   22	2047	
   23	2047	
   24	2047	
   25	2047	
   26	2047	
   27	2047	
   28	2047	
   29	2047	
   30	2047	
   31	2047	
   32	2042	
   33	3	
   34	2	
   35	2	
   36	2	
   37	2	
   38	2	
   39	2	
   40	2	
   41	2	
   42	2	
   43	2	
   44	2	
   45	2	
   46	2	
   47	2	
   48	814	
   49	1108	
   50	1180	
   51	1182	
   52	1188	
   53	1188	
   54	1191	
   55	1193	
   56	1196	
   57	1201	
   58	1203	
   59	1207	
   60	1210	
   61	1213	
   62	1216	
   63	1218	
   64	1218	
   65	1222	
   66	1223	
   67	1228	
   68	1227	
   69	1229	
   70	1229	
   71	1230	
   72	1232	
   73	1235	
   74	1238	
   75	1238	
   76	1240	
   77	1242	
   78	1243	
   79	1245	
   80	1245	
   81	1248	
   82	1247	
   83	1246	
   84	1248	
   85	1246	
   86	1245	
   87	1248	
   88	1248	
   89	1244	
   90	1246	
   91	1247	
   92	1248	
   93	1246	
   94	1245	
   95	1245	
   96	1246	
   97	1246	
   98	1240	
   99	1236	
  100	1228	
  101	1198	
  102	1169	
  103	1122	
  104	1093	
  105	1081	
  106	1073	
  107	1070	
  108	1067	
  109	1077	
  110	1077	
  111	1076	
  112	1074	
  113	1074	
  114	1076	
  115	1076	
  116	1076	
  117	1075	
  118	1070	
  119	1071	
  120	1073	
  121	1074	
  122	1075	
  123	157	
  124	2	
  125	2	
  126	2	
  127	2	
  128	2	
  129	2	
  130	2	
  131	2	
