    1	2	
    2	2	
    3	2	
    4	2	
    5	2	
    6	2	
    7	2	
    8	2	
    9	2	
   10	2	
   11	1	
   12	1	
   13	1	
   14	2	
   15	1	
   16	2	
   17	2	
   18	2	
   19	1896	
   20	2047	
   21	2047	
   22	2047	
   23	2047	
   24	2047	
   25	2047	
   26	2047	
   27	2047	
   28	2047	
   29	2047	
   30	2047	
   31	2047	
   32	2047	
   33	3	
   34	2	
   35	2	
   36	2	
   37	2	
   38	2	
   39	2	
   40	2	
   41	2	
   42	2	
   43	1	
   44	1	
   45	1	
   46	1	
   47	1	
   48	1	
   49	990	
   50	1136	
   51	1204	
   52	1206	
   53	1212	
   54	1217	
   55	1222	
   56	1229	
   57	1233	
   58	1238	
   59	1241	
   60	1244	
   61	1248	
   62	1254	
   63	1256	
   64	1258	
   65	1259	
   66	1263	
   67	1270	
   68	1271	
   69	1271	
   70	1273	
   71	1276	
   72	1280	
   73	1280	
   74	1282	
   75	1283	
   76	1285	
   77	1286	
   78	1287	
   79	1288	
   80	1290	
   81	1294	
   82	1297	
   83	1296	
   84	1297	
   85	1298	
   86	1299	
   87	1300	
   88	1300	
   89	1299	
   90	1295	
   91	1297	
   92	1296	
   93	1297	
   94	1296	
   95	1296	
   96	1296	
   97	1292	
   98	1289	
   99	1272	
  100	1236	
  101	1181	
  102	1140	
  103	1120	
  104	1110	
  105	1109	
  106	1110	
  107	1109	
  108	1109	
  109	1108	
  110	1106	
  111	1107	
  112	1106	
  113	1107	
  114	1108	
  115	1107	
  116	1108	
  117	1109	
  118	1108	
  119	1109	
  120	1110	
  121	3	
  122	2	
  123	2	
  124	2	
  125	2	
  126	2	
  127	2	
  128	2	
  129	2	
