    1	-1	
    2	-1	
    3	-1	
    4	-1	
    5	-1	
    6	0	
    7	0	
    8	0	
    9	0	
   10	0	
   11	0	
   12	0	
   13	-1	
   14	0	
   15	0	
   16	-1	
   17	-1	
   18	0	
   19	0	
   20	-88	
   21	-68	
   22	-54	
   23	-48	
   24	-44	
   25	-42	
   26	-39	
   27	-38	
   28	-38	
   29	-37	
   30	-37	
   31	-36	
   32	-36	
   33	-35	
   34	0	
   35	0	
   36	0	
   37	0	
   38	0	
   39	-1	
   40	0	
   41	0	
   42	0	
   43	-1	
   44	0	
   45	0	
   46	-1	
   47	0	
   48	-1	
   49	-52	
   50	-93	
   51	-102	
   52	-102	
   53	-103	
   54	-103	
   55	-103	
   56	-104	
   57	-105	
   58	-105	
   59	-105	
   60	-106	
   61	-106	
   62	-107	
   63	-107	
   64	-107	
   65	-107	
   66	-107	
   67	-107	
   68	-108	
   69	-108	
   70	-108	
   71	-108	
   72	-109	
   73	-109	
   74	-109	
   75	-110	
   76	-110	
   77	-110	
   78	-110	
   79	-110	
   80	-110	
   81	-110	
   82	-110	
   83	-110	
   84	-110	
   85	-110	
   86	-110	
   87	-110	
   88	-111	
   89	-111	
   90	-111	
   91	-111	
   92	-111	
   93	-111	
   94	-111	
   95	-111	
   96	-111	
   97	-111	
   98	-111	
   99	-111	
  100	-111	
  101	-110	
  102	-109	
  103	-107	
  104	-106	
  105	-106	
  106	-106	
  107	-106	
  108	-106	
  109	-106	
  110	-106	
  111	-106	
  112	-107	
  113	-107	
  114	-106	
  115	-106	
  116	-107	
  117	-106	
  118	-106	
  119	-106	
  120	-106	
  121	-106	
  122	-106	
  123	-106	
  124	0	
  125	0	
  126	0	
  127	-1	
  128	-1	
  129	-1	
  130	0	
  131	0	
