    1	0	
    2	0	
    3	-1	
    4	-1	
    5	0	
    6	-1	
    7	0	
    8	0	
    9	-2	
   10	-1	
   11	-2	
   12	0	
   13	0	
   14	-1	
   15	0	
   16	0	
   17	0	
   18	-1	
   19	0	
   20	-94	
   21	-67	
   22	-53	
   23	-48	
   24	-44	
   25	-43	
   26	-40	
   27	-40	
   28	-39	
   29	-38	
   30	-37	
   31	-36	
   32	-36	
   33	-36	
   34	0	
   35	0	
   36	0	
   37	-1	
   38	-1	
   39	0	
   40	0	
   41	-1	
   42	0	
   43	0	
   44	0	
   45	-1	
   46	-1	
   47	-1	
   48	-1	
   49	-1	
   50	0	
   51	-64	
   52	-102	
   53	-104	
   54	-104	
   55	-105	
   56	-105	
   57	-107	
   58	-107	
   59	-107	
   60	-107	
   61	-107	
   62	-107	
   63	-107	
   64	-107	
   65	-107	
   66	-107	
   67	-108	
   68	-108	
   69	-108	
   70	-108	
   71	-109	
   72	-108	
   73	-108	
   74	-108	
   75	-108	
   76	-108	
   77	-108	
   78	-108	
   79	-108	
   80	-108	
   81	-109	
   82	-109	
   83	-109	
   84	-109	
   85	-109	
   86	-109	
   87	-109	
   88	-109	
   89	-108	
   90	-108	
   91	-108	
   92	-109	
   93	-109	
   94	-109	
   95	-109	
   96	-109	
   97	-109	
   98	-109	
   99	-109	
  100	-109	
  101	-109	
  102	-109	
  103	-108	
  104	-107	
  105	-105	
  106	-103	
  107	-103	
  108	-103	
  109	-103	
  110	-103	
  111	-103	
  112	-103	
  113	-103	
  114	-103	
  115	-103	
  116	-103	
  117	-103	
  118	-103	
  119	-103	
  120	-103	
  121	-104	
  122	-103	
  123	-103	
  124	-104	
  125	-103	
  126	-2	
  127	0	
  128	-1	
  129	-1	
  130	-1	
  131	-1	
  132	-1	
  133	-1	
  134	-1	
