    1	-11	
    2	-12	
    3	-12	
    4	-12	
    5	-11	
    6	-12	
    7	-12	
    8	-12	
    9	-12	
   10	-11	
   11	-12	
   12	-11	
   13	-11	
   14	-12	
   15	-12	
   16	-12	
   17	-12	
   18	-12	
   19	645	
   20	917	
   21	921	
   22	833	
   23	757	
   24	684	
   25	641	
   26	598	
   27	572	
   28	550	
   29	527	
   30	512	
   31	495	
   32	482	
   33	-11	
   34	-11	
   35	-11	
   36	-12	
   37	-11	
   38	-11	
   39	-11	
   40	-12	
   41	-12	
   42	-12	
   43	-12	
   44	-12	
   45	-12	
   46	-12	
   47	-12	
   48	-12	
   49	623	
   50	764	
   51	873	
   52	893	
   53	909	
   54	919	
   55	924	
   56	932	
   57	935	
   58	938	
   59	936	
   60	933	
   61	933	
   62	935	
   63	932	
   64	929	
   65	926	
   66	925	
   67	930	
   68	926	
   69	921	
   70	920	
   71	919	
   72	921	
   73	918	
   74	917	
   75	916	
   76	914	
   77	914	
   78	914	
   79	912	
   80	913	
   81	916	
   82	917	
   83	915	
   84	914	
   85	913	
   86	914	
   87	915	
   88	915	
   89	915	
   90	913	
   91	916	
   92	915	
   93	917	
   94	918	
   95	920	
   96	921	
   97	919	
   98	923	
   99	935	
  100	950	
  101	973	
  102	972	
  103	969	
  104	964	
  105	962	
  106	962	
  107	961	
  108	960	
  109	957	
  110	954	
  111	954	
  112	952	
  113	952	
  114	951	
  115	949	
  116	948	
  117	948	
  118	946	
  119	947	
  120	947	
  121	-11	
  122	-11	
  123	-11	
  124	-12	
  125	-12	
  126	-12	
  127	-11	
  128	-12	
  129	-11	
