    1	2	
    2	2	
    3	2	
    4	2	
    5	2	
    6	2	
    7	2	
    8	2	
    9	2	
   10	2	
   11	2	
   12	2	
   13	1	
   14	1	
   15	2	
   16	2	
   17	2	
   18	2	
   19	2047	
   20	2047	
   21	2047	
   22	2047	
   23	2047	
   24	2047	
   25	2047	
   26	2047	
   27	2047	
   28	2047	
   29	2047	
   30	2047	
   31	2047	
   32	2047	
   33	3	
   34	2	
   35	2	
   36	2	
   37	2	
   38	2	
   39	2	
   40	2	
   41	2	
   42	2	
   43	2	
   44	2	
   45	2	
   46	2	
   47	2	
   48	2	
   49	1001	
   50	1133	
   51	1216	
   52	1217	
   53	1220	
   54	1221	
   55	1229	
   56	1233	
   57	1237	
   58	1241	
   59	1245	
   60	1248	
   61	1254	
   62	1256	
   63	1259	
   64	1261	
   65	1264	
   66	1266	
   67	1269	
   68	1272	
   69	1278	
   70	1281	
   71	1282	
   72	1279	
   73	1280	
   74	1283	
   75	1285	
   76	1288	
   77	1288	
   78	1290	
   79	1293	
   80	1295	
   81	1296	
   82	1298	
   83	1298	
   84	1298	
   85	1300	
   86	1303	
   87	1302	
   88	1304	
   89	1304	
   90	1304	
   91	1301	
   92	1298	
   93	1299	
   94	1298	
   95	1297	
   96	1299	
   97	1298	
   98	1294	
   99	1268	
  100	1233	
  101	1189	
  102	1137	
  103	1117	
  104	1110	
  105	1106	
  106	1104	
  107	1103	
  108	1106	
  109	1106	
  110	1105	
  111	1105	
  112	1104	
  113	1105	
  114	1105	
  115	1104	
  116	1105	
  117	1107	
  118	1106	
  119	1101	
  120	1101	
  121	20	
  122	2	
  123	2	
  124	2	
  125	2	
  126	2	
  127	2	
  128	2	
  129	2	
