    1	-12	
    2	-12	
    3	-12	
    4	-11	
    5	-11	
    6	-12	
    7	-11	
    8	-12	
    9	-11	
   10	-11	
   11	-12	
   12	-12	
   13	-12	
   14	-12	
   15	-12	
   16	-12	
   17	-12	
   18	-12	
   19	751	
   20	966	
   21	910	
   22	827	
   23	735	
   24	679	
   25	623	
   26	591	
   27	563	
   28	538	
   29	521	
   30	503	
   31	490	
   32	479	
   33	-11	
   34	-11	
   35	-11	
   36	-11	
   37	-12	
   38	-11	
   39	-12	
   40	-11	
   41	-12	
   42	-12	
   43	-12	
   44	-12	
   45	-12	
   46	-12	
   47	-11	
   48	-12	
   49	-12	
   50	-12	
   51	632	
   52	826	
   53	872	
   54	888	
   55	904	
   56	910	
   57	912	
   58	918	
   59	920	
   60	922	
   61	922	
   62	917	
   63	919	
   64	919	
   65	919	
   66	917	
   67	914	
   68	914	
   69	914	
   70	913	
   71	912	
   72	911	
   73	908	
   74	904	
   75	902	
   76	900	
   77	900	
   78	896	
   79	897	
   80	898	
   81	899	
   82	897	
   83	897	
   84	897	
   85	896	
   86	896	
   87	896	
   88	896	
   89	896	
   90	897	
   91	901	
   92	896	
   93	893	
   94	894	
   95	895	
   96	897	
   97	899	
   98	902	
   99	902	
  100	901	
  101	905	
  102	921	
  103	939	
  104	957	
  105	956	
  106	948	
  107	944	
  108	938	
  109	935	
  110	935	
  111	935	
  112	934	
  113	932	
  114	932	
  115	931	
  116	934	
  117	931	
  118	928	
  119	924	
  120	924	
  121	924	
  122	923	
  123	924	
  124	924	
  125	-9	
  126	-11	
  127	-11	
  128	-11	
  129	-12	
  130	-12	
  131	-11	
  132	-12	
  133	-11	
