    1	-12	
    2	-12	
    3	-11	
    4	-11	
    5	-12	
    6	-12	
    7	-12	
    8	-12	
    9	-12	
   10	-12	
   11	-12	
   12	-12	
   13	-12	
   14	531	
   15	986	
   16	926	
   17	817	
   18	746	
   19	689	
   20	635	
   21	602	
   22	570	
   23	550	
   24	534	
   25	514	
   26	502	
   27	58	
   28	-11	
   29	-12	
   30	-11	
   31	-12	
   32	-11	
   33	-12	
   34	-12	
   35	-12	
   36	-12	
   37	-12	
   38	-12	
   39	-11	
   40	-12	
   41	-12	
   42	-11	
   43	-12	
   44	398	
   45	656	
   46	865	
   47	890	
   48	908	
   49	917	
   50	922	
   51	926	
   52	934	
   53	934	
   54	933	
   55	933	
   56	930	
   57	929	
   58	928	
   59	926	
   60	928	
   61	925	
   62	923	
   63	920	
   64	919	
   65	916	
   66	915	
   67	914	
   68	912	
   69	912	
   70	912	
   71	912	
   72	912	
   73	912	
   74	911	
   75	911	
   76	910	
   77	908	
   78	912	
   79	913	
   80	909	
   81	909	
   82	911	
   83	909	
   84	912	
   85	912	
   86	911	
   87	912	
   88	918	
   89	917	
   90	916	
   91	917	
   92	917	
   93	921	
   94	930	
   95	951	
   96	972	
   97	974	
   98	973	
   99	967	
  100	962	
  101	960	
  102	957	
  103	957	
  104	955	
  105	955	
  106	953	
  107	950	
  108	949	
  109	948	
  110	947	
  111	945	
  112	945	
  113	944	
  114	943	
  115	942	
  116	4	
  117	-11	
  118	-11	
  119	-11	
  120	-12	
  121	-12	
  122	-12	
  123	-12	
  124	-12	
