    1	0	
    2	0	
    3	-1	
    4	0	
    5	0	
    6	0	
    7	0	
    8	0	
    9	0	
   10	-1	
   11	-1	
   12	0	
   13	0	
   14	0	
   15	0	
   16	0	
   17	-1	
   18	-1	
   19	-1	
   20	-79	
   21	-62	
   22	-50	
   23	-46	
   24	-42	
   25	-40	
   26	-39	
   27	-38	
   28	-37	
   29	-36	
   30	-36	
   31	-36	
   32	-35	
   33	0	
   34	-1	
   35	0	
   36	0	
   37	0	
   38	0	
   39	0	
   40	0	
   41	0	
   42	0	
   43	-1	
   44	-1	
   45	-1	
   46	-1	
   47	0	
   48	0	
   49	0	
   50	-65	
   51	-102	
   52	-103	
   53	-103	
   54	-104	
   55	-104	
   56	-105	
   57	-105	
   58	-106	
   59	-106	
   60	-106	
   61	-107	
   62	-107	
   63	-110	
   64	-110	
   65	-110	
   66	-110	
   67	-111	
   68	-110	
   69	-110	
   70	-111	
   71	-111	
   72	-111	
   73	-111	
   74	-112	
   75	-112	
   76	-112	
   77	-112	
   78	-112	
   79	-112	
   80	-112	
   81	-112	
   82	-112	
   83	-112	
   84	-111	
   85	-111	
   86	-112	
   87	-112	
   88	-112	
   89	-111	
   90	-112	
   91	-112	
   92	-112	
   93	-112	
   94	-112	
   95	-112	
   96	-112	
   97	-112	
   98	-112	
   99	-112	
  100	-112	
  101	-111	
  102	-111	
  103	-110	
  104	-108	
  105	-106	
  106	-105	
  107	-105	
  108	-106	
  109	-106	
  110	-106	
  111	-106	
  112	-106	
  113	-106	
  114	-106	
  115	-106	
  116	-106	
  117	-107	
  118	-107	
  119	-107	
  120	-107	
  121	-107	
  122	-107	
  123	-107	
  124	-107	
  125	-1	
  126	-1	
  127	-1	
  128	0	
  129	-1	
  130	0	
  131	-1	
  132	0	
  133	-1	
