    1	-12	
    2	-12	
    3	-12	
    4	-12	
    5	-12	
    6	-11	
    7	-12	
    8	-12	
    9	-12	
   10	-12	
   11	-12	
   12	-12	
   13	-12	
   14	-12	
   15	-12	
   16	-12	
   17	-12	
   18	-12	
   19	-12	
   20	449	
   21	925	
   22	893	
   23	791	
   24	727	
   25	670	
   26	615	
   27	581	
   28	548	
   29	527	
   30	509	
   31	483	
   32	471	
   33	-11	
   34	-11	
   35	-11	
   36	-11	
   37	-12	
   38	-12	
   39	-11	
   40	-11	
   41	-11	
   42	-12	
   43	-12	
   44	-12	
   45	-12	
   46	-12	
   47	-12	
   48	-12	
   49	-12	
   50	-12	
   51	-12	
   52	610	
   53	818	
   54	865	
   55	898	
   56	906	
   57	911	
   58	915	
   59	921	
   60	924	
   61	925	
   62	922	
   63	921	
   64	922	
   65	923	
   66	920	
   67	916	
   68	914	
   69	913	
   70	912	
   71	911	
   72	912	
   73	908	
   74	906	
   75	904	
   76	904	
   77	905	
   78	903	
   79	901	
   80	901	
   81	899	
   82	901	
   83	901	
   84	901	
   85	900	
   86	897	
   87	897	
   88	901	
   89	899	
   90	904	
   91	904	
   92	905	
   93	905	
   94	905	
   95	906	
   96	907	
   97	907	
   98	905	
   99	905	
  100	907	
  101	908	
  102	912	
  103	914	
  104	925	
  105	945	
  106	962	
  107	966	
  108	961	
  109	956	
  110	952	
  111	951	
  112	951	
  113	949	
  114	952	
  115	949	
  116	947	
  117	945	
  118	945	
  119	946	
  120	945	
  121	940	
  122	939	
  123	940	
  124	937	
  125	937	
  126	936	
  127	937	
  128	4	
  129	-11	
  130	-11	
  131	-12	
  132	-11	
  133	-12	
  134	-12	
  135	-12	
  136	-11	
