    1	-1	
    2	-1	
    3	0	
    4	0	
    5	0	
    6	0	
    7	-1	
    8	0	
    9	0	
   10	0	
   11	0	
   12	-1	
   13	0	
   14	0	
   15	-1	
   16	-1	
   17	0	
   18	0	
   19	-1	
   20	-84	
   21	-68	
   22	-54	
   23	-47	
   24	-45	
   25	-42	
   26	-41	
   27	-40	
   28	-38	
   29	-38	
   30	-37	
   31	-37	
   32	-36	
   33	0	
   34	0	
   35	0	
   36	-1	
   37	0	
   38	0	
   39	-1	
   40	0	
   41	0	
   42	0	
   43	-1	
   44	-1	
   45	0	
   46	-1	
   47	0	
   48	-1	
   49	-1	
   50	0	
   51	-1	
   52	-67	
   53	-104	
   54	-105	
   55	-106	
   56	-107	
   57	-107	
   58	-108	
   59	-108	
   60	-109	
   61	-109	
   62	-110	
   63	-110	
   64	-110	
   65	-110	
   66	-110	
   67	-110	
   68	-111	
   69	-111	
   70	-111	
   71	-111	
   72	-112	
   73	-112	
   74	-112	
   75	-112	
   76	-112	
   77	-112	
   78	-112	
   79	-112	
   80	-113	
   81	-113	
   82	-113	
   83	-113	
   84	-113	
   85	-113	
   86	-113	
   87	-113	
   88	-113	
   89	-113	
   90	-113	
   91	-113	
   92	-113	
   93	-113	
   94	-113	
   95	-113	
   96	-113	
   97	-113	
   98	-113	
   99	-113	
  100	-113	
  101	-113	
  102	-112	
  103	-111	
  104	-109	
  105	-108	
  106	-108	
  107	-108	
  108	-108	
  109	-108	
  110	-108	
  111	-109	
  112	-109	
  113	-109	
  114	-109	
  115	-108	
  116	-108	
  117	-108	
  118	-108	
  119	-109	
  120	-108	
  121	-108	
  122	-108	
  123	-7	
  124	0	
  125	0	
  126	-2	
  127	0	
  128	-1	
  129	-1	
  130	-1	
  131	-1	
