    1	-12	
    2	-12	
    3	-12	
    4	-12	
    5	-11	
    6	-11	
    7	-12	
    8	-12	
    9	-11	
   10	-12	
   11	-12	
   12	-12	
   13	-12	
   14	-12	
   15	-12	
   16	-11	
   17	-12	
   18	-12	
   19	848	
   20	961	
   21	863	
   22	782	
   23	717	
   24	652	
   25	611	
   26	572	
   27	548	
   28	526	
   29	505	
   30	491	
   31	473	
   32	-4	
   33	-11	
   34	-11	
   35	-12	
   36	-12	
   37	-11	
   38	-11	
   39	-11	
   40	-11	
   41	-12	
   42	-12	
   43	-12	
   44	-12	
   45	-12	
   46	-12	
   47	-12	
   48	663	
   49	840	
   50	869	
   51	887	
   52	897	
   53	903	
   54	908	
   55	921	
   56	924	
   57	925	
   58	925	
   59	925	
   60	924	
   61	923	
   62	919	
   63	917	
   64	912	
   65	910	
   66	910	
   67	908	
   68	908	
   69	905	
   70	905	
   71	903	
   72	898	
   73	900	
   74	900	
   75	900	
   76	896	
   77	894	
   78	895	
   79	895	
   80	895	
   81	897	
   82	896	
   83	897	
   84	898	
   85	898	
   86	898	
   87	903	
   88	899	
   89	900	
   90	899	
   91	898	
   92	898	
   93	901	
   94	901	
   95	901	
   96	903	
   97	906	
   98	914	
   99	932	
  100	953	
  101	964	
  102	957	
  103	951	
  104	946	
  105	944	
  106	940	
  107	940	
  108	938	
  109	938	
  110	935	
  111	935	
  112	932	
  113	930	
  114	930	
  115	929	
  116	929	
  117	926	
  118	926	
  119	926	
  120	927	
  121	4	
  122	-11	
  123	-11	
  124	-11	
  125	-12	
  126	-11	
  127	-12	
  128	-12	
  129	-12	
