    1	0	
    2	-1	
    3	0	
    4	-1	
    5	-1	
    6	-1	
    7	0	
    8	-1	
    9	-1	
   10	-1	
   11	-2	
   12	-1	
   13	-1	
   14	0	
   15	0	
   16	-1	
   17	0	
   18	-1	
   19	-1	
   20	-96	
   21	-67	
   22	-53	
   23	-46	
   24	-43	
   25	-42	
   26	-39	
   27	-38	
   28	-37	
   29	-36	
   30	-36	
   31	-35	
   32	-35	
   33	0	
   34	0	
   35	-1	
   36	0	
   37	0	
   38	0	
   39	-1	
   40	-1	
   41	0	
   42	0	
   43	0	
   44	0	
   45	0	
   46	-1	
   47	-1	
   48	-1	
   49	-1	
   50	-1	
   51	-64	
   52	-101	
   53	-103	
   54	-103	
   55	-104	
   56	-105	
   57	-106	
   58	-106	
   59	-106	
   60	-107	
   61	-107	
   62	-108	
   63	-107	
   64	-108	
   65	-108	
   66	-108	
   67	-109	
   68	-109	
   69	-109	
   70	-110	
   71	-110	
   72	-110	
   73	-110	
   74	-110	
   75	-111	
   76	-111	
   77	-111	
   78	-111	
   79	-110	
   80	-110	
   81	-111	
   82	-111	
   83	-111	
   84	-111	
   85	-111	
   86	-111	
   87	-111	
   88	-111	
   89	-111	
   90	-112	
   91	-112	
   92	-112	
   93	-111	
   94	-111	
   95	-112	
   96	-111	
   97	-111	
   98	-111	
   99	-112	
  100	-111	
  101	-111	
  102	-110	
  103	-109	
  104	-108	
  105	-106	
  106	-106	
  107	-106	
  108	-107	
  109	-106	
  110	-107	
  111	-107	
  112	-106	
  113	-107	
  114	-106	
  115	-106	
  116	-106	
  117	-107	
  118	-106	
  119	-106	
  120	-107	
  121	-107	
  122	-108	
  123	-108	
  124	-2	
  125	-1	
  126	-1	
  127	-1	
  128	-1	
  129	-1	
  130	-1	
  131	-1	
  132	-1	
