    1	-1	
    2	0	
    3	0	
    4	0	
    5	-1	
    6	0	
    7	0	
    8	0	
    9	-1	
   10	0	
   11	0	
   12	-1	
   13	-1	
   14	-1	
   15	-1	
   16	0	
   17	0	
   18	-1	
   19	-86	
   20	-68	
   21	-52	
   22	-47	
   23	-43	
   24	-41	
   25	-40	
   26	-38	
   27	-37	
   28	-36	
   29	-36	
   30	-35	
   31	-35	
   32	-35	
   33	0	
   34	-1	
   35	-1	
   36	-1	
   37	-1	
   38	0	
   39	-1	
   40	-1	
   41	0	
   42	0	
   43	-1	
   44	-1	
   45	-1	
   46	-1	
   47	0	
   48	0	
   49	-1	
   50	-55	
   51	-100	
   52	-102	
   53	-103	
   54	-103	
   55	-103	
   56	-105	
   57	-105	
   58	-106	
   59	-106	
   60	-106	
   61	-106	
   62	-106	
   63	-106	
   64	-106	
   65	-107	
   66	-106	
   67	-106	
   68	-107	
   69	-107	
   70	-107	
   71	-108	
   72	-108	
   73	-108	
   74	-108	
   75	-108	
   76	-108	
   77	-109	
   78	-109	
   79	-109	
   80	-108	
   81	-109	
   82	-109	
   83	-109	
   84	-109	
   85	-109	
   86	-109	
   87	-109	
   88	-109	
   89	-110	
   90	-109	
   91	-110	
   92	-110	
   93	-110	
   94	-110	
   95	-110	
   96	-110	
   97	-110	
   98	-110	
   99	-110	
  100	-110	
  101	-109	
  102	-108	
  103	-106	
  104	-104	
  105	-104	
  106	-103	
  107	-104	
  108	-104	
  109	-104	
  110	-104	
  111	-104	
  112	-104	
  113	-104	
  114	-104	
  115	-104	
  116	-103	
  117	-104	
  118	-103	
  119	-103	
  120	-103	
  121	-103	
  122	-103	
  123	-103	
  124	-7	
  125	0	
  126	-1	
  127	0	
  128	0	
  129	0	
  130	-1	
  131	-1	
  132	0	
