    1	2	
    2	2	
    3	2	
    4	2	
    5	2	
    6	2	
    7	2	
    8	2	
    9	2	
   10	2	
   11	2	
   12	2	
   13	1	
   14	2	
   15	2	
   16	2	
   17	2	
   18	2	
   19	2	
   20	2	
   21	2047	
   22	2047	
   23	2047	
   24	2047	
   25	2047	
   26	2047	
   27	2047	
   28	2047	
   29	2047	
   30	2047	
   31	2047	
   32	2047	
   33	2047	
   34	3	
   35	2	
   36	2	
   37	2	
   38	2	
   39	2	
   40	2	
   41	2	
   42	2	
   43	2	
   44	2	
   45	2	
   46	2	
   47	2	
   48	2	
   49	2	
   50	1	
   51	1009	
   52	1177	
   53	1204	
   54	1206	
   55	1209	
   56	1211	
   57	1214	
   58	1216	
   59	1220	
   60	1224	
   61	1226	
   62	1229	
   63	1234	
   64	1242	
   65	1244	
   66	1248	
   67	1251	
   68	1250	
   69	1253	
   70	1255	
   71	1260	
   72	1261	
   73	1264	
   74	1265	
   75	1267	
   76	1270	
   77	1273	
   78	1274	
   79	1277	
   80	1278	
   81	1280	
   82	1280	
   83	1282	
   84	1284	
   85	1284	
   86	1285	
   87	1285	
   88	1282	
   89	1284	
   90	1285	
   91	1285	
   92	1285	
   93	1284	
   94	1284	
   95	1285	
   96	1284	
   97	1283	
   98	1281	
   99	1281	
  100	1280	
  101	1277	
  102	1263	
  103	1232	
  104	1189	
  105	1139	
  106	1117	
  107	1101	
  108	1096	
  109	1093	
  110	1091	
  111	1091	
  112	1092	
  113	1092	
  114	1095	
  115	1092	
  116	1093	
  117	1093	
  118	1092	
  119	1092	
  120	1093	
  121	1093	
  122	1092	
  123	1092	
  124	1092	
  125	19	
  126	2	
  127	2	
  128	2	
  129	2	
  130	2	
  131	2	
  132	2	
  133	2	
