    1	2	
    2	2	
    3	1	
    4	2	
    5	2	
    6	2	
    7	2	
    8	2	
    9	2	
   10	1	
   11	2	
   12	2	
   13	2	
   14	2	
   15	2	
   16	1	
   17	2	
   18	1	
   19	2047	
   20	2047	
   21	2047	
   22	2047	
   23	2047	
   24	2047	
   25	2047	
   26	2047	
   27	2047	
   28	2047	
   29	2047	
   30	2047	
   31	2047	
   32	304	
   33	3	
   34	2	
   35	2	
   36	2	
   37	2	
   38	2	
   39	2	
   40	2	
   41	2	
   42	2	
   43	2	
   44	1	
   45	2	
   46	1	
   47	1	
   48	2	
   49	1	
   50	1026	
   51	1210	
   52	1218	
   53	1218	
   54	1220	
   55	1223	
   56	1229	
   57	1232	
   58	1238	
   59	1242	
   60	1246	
   61	1248	
   62	1253	
   63	1253	
   64	1257	
   65	1261	
   66	1262	
   67	1266	
   68	1268	
   69	1271	
   70	1273	
   71	1275	
   72	1277	
   73	1280	
   74	1280	
   75	1281	
   76	1282	
   77	1284	
   78	1286	
   79	1286	
   80	1288	
   81	1288	
   82	1291	
   83	1289	
   84	1292	
   85	1293	
   86	1293	
   87	1295	
   88	1296	
   89	1297	
   90	1296	
   91	1295	
   92	1294	
   93	1294	
   94	1296	
   95	1294	
   96	1293	
   97	1293	
   98	1293	
   99	1289	
  100	1277	
  101	1252	
  102	1203	
  103	1163	
  104	1126	
  105	1110	
  106	1106	
  107	1105	
  108	1104	
  109	1104	
  110	1103	
  111	1101	
  112	1103	
  113	1102	
  114	1104	
  115	1103	
  116	1104	
  117	1104	
  118	1104	
  119	1103	
  120	1102	
  121	1104	
  122	1104	
  123	20	
  124	2	
  125	2	
  126	2	
  127	2	
  128	2	
  129	2	
  130	2	
  131	2	
