    1	2	
    2	2	
    3	2	
    4	2	
    5	2	
    6	2	
    7	2	
    8	2	
    9	2	
   10	2	
   11	2	
   12	1	
   13	2	
   14	2	
   15	1	
   16	2	
   17	2	
   18	2	
   19	1306	
   20	2047	
   21	2047	
   22	2047	
   23	2047	
   24	2047	
   25	2047	
   26	2047	
   27	2047	
   28	2047	
   29	2047	
   30	2047	
   31	2047	
   32	2047	
   33	3	
   34	2	
   35	2	
   36	2	
   37	2	
   38	2	
   39	2	
   40	2	
   41	2	
   42	1	
   43	2	
   44	2	
   45	2	
   46	2	
   47	2	
   48	1	
   49	1	
   50	986	
   51	1185	
   52	1205	
   53	1205	
   54	1204	
   55	1208	
   56	1213	
   57	1216	
   58	1220	
   59	1224	
   60	1228	
   61	1232	
   62	1236	
   63	1235	
   64	1239	
   65	1243	
   66	1244	
   67	1246	
   68	1248	
   69	1249	
   70	1253	
   71	1256	
   72	1257	
   73	1258	
   74	1261	
   75	1263	
   76	1263	
   77	1264	
   78	1266	
   79	1267	
   80	1268	
   81	1270	
   82	1271	
   83	1274	
   84	1277	
   85	1277	
   86	1279	
   87	1280	
   88	1281	
   89	1280	
   90	1280	
   91	1281	
   92	1281	
   93	1281	
   94	1281	
   95	1281	
   96	1281	
   97	1281	
   98	1280	
   99	1280	
  100	1280	
  101	1277	
  102	1272	
  103	1254	
  104	1213	
  105	1177	
  106	1127	
  107	1108	
  108	1103	
  109	1101	
  110	1103	
  111	1101	
  112	1101	
  113	1100	
  114	1101	
  115	1099	
  116	1098	
  117	1098	
  118	1100	
  119	1103	
  120	1103	
  121	1103	
  122	1103	
  123	1103	
  124	1101	
  125	1100	
  126	20	
  127	2	
  128	2	
  129	2	
  130	2	
  131	2	
  132	2	
  133	2	
  134	2	
