    1	-1	
    2	0	
    3	0	
    4	0	
    5	-1	
    6	0	
    7	-1	
    8	-1	
    9	0	
   10	-1	
   11	0	
   12	-1	
   13	-1	
   14	0	
   15	-1	
   16	-1	
   17	0	
   18	0	
   19	-85	
   20	-68	
   21	-53	
   22	-46	
   23	-43	
   24	-41	
   25	-40	
   26	-38	
   27	-37	
   28	-37	
   29	-36	
   30	-36	
   31	-35	
   32	-35	
   33	-1	
   34	0	
   35	-1	
   36	0	
   37	-1	
   38	-2	
   39	-1	
   40	-1	
   41	0	
   42	-1	
   43	0	
   44	-1	
   45	-1	
   46	0	
   47	-1	
   48	0	
   49	-1	
   50	0	
   51	-54	
   52	-104	
   53	-106	
   54	-107	
   55	-107	
   56	-107	
   57	-109	
   58	-109	
   59	-109	
   60	-109	
   61	-110	
   62	-110	
   63	-111	
   64	-111	
   65	-111	
   66	-111	
   67	-111	
   68	-112	
   69	-112	
   70	-112	
   71	-112	
   72	-112	
   73	-113	
   74	-114	
   75	-113	
   76	-113	
   77	-113	
   78	-113	
   79	-114	
   80	-114	
   81	-114	
   82	-114	
   83	-114	
   84	-114	
   85	-114	
   86	-114	
   87	-114	
   88	-114	
   89	-114	
   90	-114	
   91	-114	
   92	-114	
   93	-114	
   94	-114	
   95	-114	
   96	-114	
   97	-114	
   98	-114	
   99	-114	
  100	-114	
  101	-114	
  102	-112	
  103	-112	
  104	-111	
  105	-109	
  106	-109	
  107	-109	
  108	-109	
  109	-109	
  110	-110	
  111	-110	
  112	-110	
  113	-110	
  114	-110	
  115	-110	
  116	-110	
  117	-109	
  118	-110	
  119	-110	
  120	-110	
  121	-109	
  122	-109	
  123	-109	
  124	-109	
  125	-2	
  126	0	
  127	0	
  128	0	
  129	0	
  130	0	
  131	0	
  132	-1	
  133	-1	
