    1	-1	
    2	-1	
    3	0	
    4	-1	
    5	0	
    6	0	
    7	-1	
    8	-1	
    9	0	
   10	0	
   11	0	
   12	0	
   13	-1	
   14	-1	
   15	0	
   16	0	
   17	0	
   18	0	
   19	-73	
   20	-72	
   21	-54	
   22	-47	
   23	-44	
   24	-41	
   25	-39	
   26	-38	
   27	-36	
   28	-36	
   29	-35	
   30	-35	
   31	-35	
   32	-35	
   33	0	
   34	0	
   35	0	
   36	0	
   37	-1	
   38	-1	
   39	-1	
   40	-1	
   41	0	
   42	0	
   43	0	
   44	0	
   45	0	
   46	0	
   47	0	
   48	0	
   49	0	
   50	-55	
   51	-100	
   52	-107	
   53	-107	
   54	-107	
   55	-108	
   56	-108	
   57	-109	
   58	-108	
   59	-109	
   60	-110	
   61	-110	
   62	-110	
   63	-110	
   64	-110	
   65	-111	
   66	-110	
   67	-111	
   68	-111	
   69	-111	
   70	-111	
   71	-111	
   72	-111	
   73	-111	
   74	-111	
   75	-112	
   76	-112	
   77	-112	
   78	-112	
   79	-112	
   80	-112	
   81	-112	
   82	-112	
   83	-113	
   84	-113	
   85	-113	
   86	-113	
   87	-113	
   88	-113	
   89	-113	
   90	-113	
   91	-113	
   92	-113	
   93	-113	
   94	-113	
   95	-113	
   96	-113	
   97	-113	
   98	-113	
   99	-113	
  100	-113	
  101	-113	
  102	-113	
  103	-112	
  104	-111	
  105	-110	
  106	-107	
  107	-107	
  108	-107	
  109	-108	
  110	-108	
  111	-108	
  112	-108	
  113	-108	
  114	-108	
  115	-108	
  116	-108	
  117	-108	
  118	-108	
  119	-108	
  120	-109	
  121	-109	
  122	-109	
  123	-109	
  124	-108	
  125	-108	
  126	-2	
  127	0	
  128	0	
  129	-1	
  130	-1	
  131	-1	
  132	-1	
  133	-1	
  134	-1	
