    1	2	
    2	2	
    3	2	
    4	2	
    5	2	
    6	2	
    7	2	
    8	2	
    9	2	
   10	2	
   11	2	
   12	2	
   13	2	
   14	2	
   15	2	
   16	2	
   17	1	
   18	2	
   19	1459	
   20	2047	
   21	2047	
   22	2047	
   23	2047	
   24	2047	
   25	2047	
   26	2047	
   27	2047	
   28	2047	
   29	2047	
   30	2047	
   31	2047	
   32	2047	
   33	3	
   34	2	
   35	2	
   36	2	
   37	2	
   38	2	
   39	2	
   40	2	
   41	2	
   42	2	
   43	2	
   44	2	
   45	2	
   46	2	
   47	2	
   48	2	
   49	972	
   50	1110	
   51	1190	
   52	1190	
   53	1190	
   54	1195	
   55	1201	
   56	1205	
   57	1205	
   58	1209	
   59	1212	
   60	1216	
   61	1222	
   62	1224	
   63	1229	
   64	1232	
   65	1235	
   66	1240	
   67	1240	
   68	1240	
   69	1242	
   70	1243	
   71	1245	
   72	1247	
   73	1249	
   74	1253	
   75	1256	
   76	1256	
   77	1258	
   78	1261	
   79	1260	
   80	1263	
   81	1265	
   82	1266	
   83	1269	
   84	1275	
   85	1274	
   86	1270	
   87	1269	
   88	1273	
   89	1271	
   90	1271	
   91	1273	
   92	1277	
   93	1277	
   94	1281	
   95	1280	
   96	1280	
   97	1280	
   98	1279	
   99	1277	
  100	1276	
  101	1265	
  102	1243	
  103	1206	
  104	1156	
  105	1125	
  106	1108	
  107	1098	
  108	1096	
  109	1094	
  110	1095	
  111	1093	
  112	1092	
  113	1090	
  114	1091	
  115	1090	
  116	1091	
  117	1089	
  118	1088	
  119	1085	
  120	1087	
  121	1092	
  122	1090	
  123	1092	
  124	1092	
  125	159	
  126	2	
  127	2	
  128	2	
  129	2	
  130	2	
  131	2	
  132	2	
  133	2	
