    1	2	
    2	2	
    3	2	
    4	2	
    5	2	
    6	2	
    7	2	
    8	2	
    9	2	
   10	2	
   11	2	
   12	2	
   13	2	
   14	2	
   15	2	
   16	2	
   17	2	
   18	2	
   19	2047	
   20	2047	
   21	2047	
   22	2047	
   23	2047	
   24	2047	
   25	2047	
   26	2047	
   27	2047	
   28	2047	
   29	2047	
   30	2047	
   31	2047	
   32	2047	
   33	3	
   34	2	
   35	2	
   36	2	
   37	2	
   38	2	
   39	2	
   40	2	
   41	2	
   42	2	
   43	1	
   44	2	
   45	2	
   46	2	
   47	1	
   48	1	
   49	2	
   50	2	
   51	991	
   52	1187	
   53	1219	
   54	1218	
   55	1220	
   56	1220	
   57	1229	
   58	1232	
   59	1238	
   60	1239	
   61	1242	
   62	1249	
   63	1257	
   64	1256	
   65	1258	
   66	1261	
   67	1261	
   68	1266	
   69	1269	
   70	1271	
   71	1275	
   72	1277	
   73	1285	
   74	1286	
   75	1287	
   76	1289	
   77	1289	
   78	1290	
   79	1293	
   80	1293	
   81	1296	
   82	1295	
   83	1295	
   84	1297	
   85	1299	
   86	1299	
   87	1303	
   88	1301	
   89	1300	
   90	1300	
   91	1300	
   92	1298	
   93	1297	
   94	1298	
   95	1297	
   96	1296	
   97	1296	
   98	1293	
   99	1293	
  100	1290	
  101	1281	
  102	1254	
  103	1228	
  104	1181	
  105	1144	
  106	1119	
  107	1110	
  108	1109	
  109	1108	
  110	1107	
  111	1106	
  112	1106	
  113	1108	
  114	1106	
  115	1107	
  116	1107	
  117	1105	
  118	1106	
  119	1108	
  120	1109	
  121	1102	
  122	1103	
  123	1103	
  124	1102	
  125	20	
  126	2	
  127	2	
  128	2	
  129	2	
  130	2	
  131	2	
  132	2	
  133	2	
