    1	-12	
    2	-12	
    3	-12	
    4	-12	
    5	-12	
    6	-12	
    7	-12	
    8	-12	
    9	-12	
   10	-12	
   11	-12	
   12	-12	
   13	-12	
   14	-12	
   15	321	
   16	885	
   17	883	
   18	796	
   19	719	
   20	645	
   21	602	
   22	563	
   23	536	
   24	515	
   25	493	
   26	480	
   27	465	
   28	54	
   29	-11	
   30	-11	
   31	-11	
   32	-12	
   33	-11	
   34	-11	
   35	-12	
   36	-11	
   37	-12	
   38	-12	
   39	-12	
   40	-12	
   41	-12	
   42	-12	
   43	-12	
   44	-12	
   45	-12	
   46	621	
   47	840	
   48	866	
   49	882	
   50	892	
   51	897	
   52	903	
   53	903	
   54	904	
   55	902	
   56	904	
   57	903	
   58	901	
   59	902	
   60	899	
   61	900	
   62	901	
   63	902	
   64	897	
   65	897	
   66	892	
   67	889	
   68	887	
   69	885	
   70	887	
   71	884	
   72	880	
   73	877	
   74	876	
   75	878	
   76	881	
   77	881	
   78	879	
   79	879	
   80	878	
   81	878	
   82	877	
   83	879	
   84	879	
   85	879	
   86	879	
   87	874	
   88	876	
   89	876	
   90	872	
   91	872	
   92	878	
   93	879	
   94	879	
   95	881	
   96	880	
   97	887	
   98	888	
   99	898	
  100	924	
  101	932	
  102	939	
  103	938	
  104	930	
  105	930	
  106	931	
  107	929	
  108	927	
  109	927	
  110	927	
  111	925	
  112	923	
  113	924	
  114	926	
  115	926	
  116	924	
  117	926	
  118	924	
  119	920	
  120	920	
  121	924	
  122	-9	
  123	-11	
  124	-12	
  125	-12	
  126	-11	
  127	-12	
  128	-12	
  129	-12	
  130	-12	
