    1	2	
    2	2	
    3	2	
    4	2	
    5	2	
    6	2	
    7	2	
    8	2	
    9	2	
   10	2	
   11	2	
   12	2	
   13	2	
   14	2	
   15	2	
   16	2	
   17	2	
   18	2	
   19	2047	
   20	2047	
   21	2047	
   22	2047	
   23	2047	
   24	2047	
   25	2047	
   26	2047	
   27	2047	
   28	2047	
   29	2047	
   30	2047	
   31	2047	
   32	2047	
   33	3	
   34	2	
   35	2	
   36	2	
   37	2	
   38	2	
   39	2	
   40	2	
   41	1	
   42	1	
   43	2	
   44	1	
   45	2	
   46	2	
   47	2	
   48	2	
   49	980	
   50	1116	
   51	1199	
   52	1201	
   53	1204	
   54	1209	
   55	1211	
   56	1214	
   57	1217	
   58	1222	
   59	1226	
   60	1229	
   61	1232	
   62	1234	
   63	1238	
   64	1241	
   65	1242	
   66	1249	
   67	1252	
   68	1253	
   69	1255	
   70	1259	
   71	1264	
   72	1266	
   73	1268	
   74	1268	
   75	1271	
   76	1272	
   77	1275	
   78	1272	
   79	1275	
   80	1276	
   81	1276	
   82	1277	
   83	1279	
   84	1280	
   85	1281	
   86	1280	
   87	1282	
   88	1280	
   89	1282	
   90	1284	
   91	1284	
   92	1282	
   93	1282	
   94	1283	
   95	1281	
   96	1282	
   97	1280	
   98	1280	
   99	1279	
  100	1275	
  101	1259	
  102	1214	
  103	1176	
  104	1130	
  105	1110	
  106	1102	
  107	1096	
  108	1095	
  109	1093	
  110	1093	
  111	1093	
  112	1094	
  113	1093	
  114	1093	
  115	1093	
  116	1093	
  117	1093	
  118	1093	
  119	1096	
  120	1095	
  121	1094	
  122	1092	
  123	1093	
  124	19	
  125	2	
  126	2	
  127	2	
  128	3	
  129	2	
  130	2	
  131	2	
  132	2	
