    1	-11	
    2	-11	
    3	-11	
    4	-11	
    5	-11	
    6	-11	
    7	-11	
    8	-11	
    9	-11	
   10	-11	
   11	-11	
   12	-12	
   13	-11	
   14	-11	
   15	-12	
   16	-11	
   17	-12	
   18	-11	
   19	-12	
   20	715	
   21	950	
   22	878	
   23	764	
   24	696	
   25	641	
   26	593	
   27	563	
   28	531	
   29	511	
   30	494	
   31	478	
   32	466	
   33	53	
   34	-11	
   35	-11	
   36	-11	
   37	-11	
   38	-11	
   39	-11	
   40	-11	
   41	-11	
   42	-11	
   43	-11	
   44	-12	
   45	-11	
   46	-11	
   47	-11	
   48	-11	
   49	-11	
   50	-12	
   51	609	
   52	756	
   53	786	
   54	801	
   55	809	
   56	820	
   57	823	
   58	829	
   59	834	
   60	838	
   61	839	
   62	838	
   63	836	
   64	837	
   65	835	
   66	834	
   67	833	
   68	829	
   69	828	
   70	828	
   71	821	
   72	822	
   73	821	
   74	820	
   75	817	
   76	814	
   77	814	
   78	813	
   79	811	
   80	811	
   81	808	
   82	807	
   83	807	
   84	807	
   85	805	
   86	806	
   87	805	
   88	804	
   89	804	
   90	804	
   91	804	
   92	805	
   93	806	
   94	810	
   95	807	
   96	810	
   97	811	
   98	810	
   99	809	
  100	813	
  101	812	
  102	812	
  103	812	
  104	814	
  105	825	
  106	847	
  107	872	
  108	906	
  109	902	
  110	900	
  111	902	
  112	902	
  113	901	
  114	897	
  115	895	
  116	893	
  117	894	
  118	893	
  119	892	
  120	890	
  121	889	
  122	888	
  123	890	
  124	887	
  125	885	
  126	884	
  127	885	
  128	884	
  129	884	
  130	887	
  131	-11	
  132	-11	
  133	-11	
  134	-11	
  135	-11	
  136	-11	
  137	-11	
  138	-11	
  139	-11	
