    1	2	
    2	2	
    3	2	
    4	2	
    5	2	
    6	2	
    7	2	
    8	2	
    9	2	
   10	2	
   11	2	
   12	2	
   13	1	
   14	2	
   15	2	
   16	2	
   17	2	
   18	2	
   19	2	
   20	1665	
   21	2047	
   22	2047	
   23	2047	
   24	2047	
   25	2047	
   26	2047	
   27	2047	
   28	2047	
   29	2047	
   30	2047	
   31	2047	
   32	2047	
   33	309	
   34	3	
   35	2	
   36	2	
   37	2	
   38	2	
   39	2	
   40	2	
   41	2	
   42	2	
   43	2	
   44	2	
   45	1	
   46	2	
   47	2	
   48	1	
   49	2	
   50	1	
   51	1031	
   52	1187	
   53	1226	
   54	1228	
   55	1230	
   56	1240	
   57	1247	
   58	1250	
   59	1253	
   60	1257	
   61	1263	
   62	1264	
   63	1265	
   64	1266	
   65	1270	
   66	1274	
   67	1279	
   68	1278	
   69	1283	
   70	1284	
   71	1285	
   72	1291	
   73	1292	
   74	1294	
   75	1296	
   76	1297	
   77	1298	
   78	1299	
   79	1302	
   80	1303	
   81	1303	
   82	1307	
   83	1304	
   84	1306	
   85	1309	
   86	1308	
   87	1311	
   88	1312	
   89	1312	
   90	1311	
   91	1311	
   92	1309	
   93	1309	
   94	1309	
   95	1308	
   96	1309	
   97	1306	
   98	1304	
   99	1301	
  100	1291	
  101	1260	
  102	1222	
  103	1186	
  104	1150	
  105	1136	
  106	1128	
  107	1127	
  108	1126	
  109	1126	
  110	1125	
  111	1124	
  112	1126	
  113	1124	
  114	1126	
  115	1127	
  116	1126	
  117	1125	
  118	1125	
  119	1123	
  120	1124	
  121	164	
  122	2	
  123	2	
  124	2	
  125	2	
  126	2	
  127	2	
  128	2	
  129	2	
