    1	-11	
    2	-12	
    3	-11	
    4	-11	
    5	-11	
    6	-12	
    7	-11	
    8	-11	
    9	-11	
   10	-11	
   11	-12	
   12	-12	
   13	-12	
   14	-12	
   15	-12	
   16	-12	
   17	-12	
   18	-11	
   19	-12	
   20	565	
   21	999	
   22	930	
   23	835	
   24	751	
   25	671	
   26	628	
   27	587	
   28	560	
   29	538	
   30	518	
   31	503	
   32	486	
   33	57	
   34	-11	
   35	-11	
   36	-11	
   37	-11	
   38	-11	
   39	-12	
   40	-11	
   41	-11	
   42	-11	
   43	-12	
   44	-12	
   45	-11	
   46	-12	
   47	-11	
   48	-12	
   49	-12	
   50	-12	
   51	643	
   52	820	
   53	886	
   54	905	
   55	917	
   56	932	
   57	941	
   58	944	
   59	945	
   60	947	
   61	950	
   62	946	
   63	943	
   64	939	
   65	937	
   66	937	
   67	935	
   68	929	
   69	929	
   70	925	
   71	924	
   72	925	
   73	923	
   74	920	
   75	920	
   76	917	
   77	916	
   78	915	
   79	915	
   80	914	
   81	912	
   82	914	
   83	910	
   84	911	
   85	913	
   86	910	
   87	913	
   88	913	
   89	914	
   90	914	
   91	914	
   92	912	
   93	913	
   94	915	
   95	916	
   96	918	
   97	916	
   98	917	
   99	920	
  100	931	
  101	960	
  102	985	
  103	997	
  104	986	
  105	977	
  106	969	
  107	968	
  108	966	
  109	965	
  110	964	
  111	963	
  112	964	
  113	961	
  114	964	
  115	964	
  116	963	
  117	961	
  118	960	
  119	958	
  120	959	
  121	125	
  122	-11	
  123	-11	
  124	-11	
  125	-11	
  126	-12	
  127	-12	
  128	-12	
  129	-12	
