    1	2	
    2	2	
    3	2	
    4	2	
    5	2	
    6	2	
    7	2	
    8	2	
    9	2	
   10	2	
   11	2	
   12	1	
   13	2	
   14	2	
   15	2	
   16	2	
   17	2	
   18	2	
   19	2	
   20	1108	
   21	2047	
   22	2047	
   23	2047	
   24	2047	
   25	2047	
   26	2047	
   27	2047	
   28	2047	
   29	2047	
   30	2047	
   31	2047	
   32	2047	
   33	2047	
   34	3	
   35	2	
   36	2	
   37	2	
   38	2	
   39	2	
   40	2	
   41	2	
   42	2	
   43	2	
   44	2	
   45	1	
   46	2	
   47	2	
   48	2	
   49	2	
   50	994	
   51	1167	
   52	1204	
   53	1224	
   54	1228	
   55	1233	
   56	1237	
   57	1242	
   58	1245	
   59	1248	
   60	1250	
   61	1256	
   62	1261	
   63	1265	
   64	1270	
   65	1273	
   66	1277	
   67	1280	
   68	1280	
   69	1287	
   70	1288	
   71	1292	
   72	1296	
   73	1296	
   74	1298	
   75	1301	
   76	1304	
   77	1305	
   78	1307	
   79	1309	
   80	1307	
   81	1310	
   82	1312	
   83	1313	
   84	1314	
   85	1312	
   86	1312	
   87	1312	
   88	1313	
   89	1314	
   90	1314	
   91	1313	
   92	1314	
   93	1312	
   94	1312	
   95	1311	
   96	1312	
   97	1312	
   98	1311	
   99	1304	
  100	1285	
  101	1240	
  102	1189	
  103	1154	
  104	1135	
  105	1129	
  106	1126	
  107	1125	
  108	1124	
  109	1123	
  110	1124	
  111	1123	
  112	1122	
  113	1123	
  114	1123	
  115	1123	
  116	1122	
  117	1122	
  118	1123	
  119	1121	
  120	1122	
  121	3	
  122	2	
  123	2	
  124	2	
  125	2	
  126	2	
  127	2	
  128	2	
  129	2	
