    1	-11	
    2	-12	
    3	-11	
    4	-11	
    5	-11	
    6	-11	
    7	-11	
    8	-11	
    9	-11	
   10	-11	
   11	-11	
   12	-12	
   13	-11	
   14	-11	
   15	-12	
   16	-11	
   17	-11	
   18	-12	
   19	-11	
   20	-12	
   21	437	
   22	983	
   23	926	
   24	826	
   25	742	
   26	661	
   27	612	
   28	570	
   29	543	
   30	521	
   31	498	
   32	483	
   33	468	
   34	54	
   35	-11	
   36	-11	
   37	-11	
   38	-11	
   39	-11	
   40	-11	
   41	-11	
   42	-11	
   43	-12	
   44	-11	
   45	-11	
   46	-12	
   47	-12	
   48	-11	
   49	-12	
   50	-11	
   51	639	
   52	790	
   53	868	
   54	891	
   55	905	
   56	914	
   57	918	
   58	925	
   59	926	
   60	930	
   61	932	
   62	934	
   63	936	
   64	933	
   65	933	
   66	930	
   67	926	
   68	924	
   69	922	
   70	919	
   71	917	
   72	915	
   73	913	
   74	911	
   75	908	
   76	907	
   77	907	
   78	908	
   79	907	
   80	909	
   81	909	
   82	911	
   83	909	
   84	908	
   85	908	
   86	907	
   87	908	
   88	909	
   89	907	
   90	902	
   91	903	
   92	903	
   93	905	
   94	908	
   95	907	
   96	906	
   97	908	
   98	908	
   99	911	
  100	921	
  101	937	
  102	966	
  103	974	
  104	967	
  105	958	
  106	956	
  107	954	
  108	952	
  109	952	
  110	952	
  111	950	
  112	951	
  113	949	
  114	949	
  115	952	
  116	952	
  117	950	
  118	949	
  119	949	
  120	947	
  121	948	
  122	-11	
  123	-11	
  124	-11	
  125	-11	
  126	-11	
  127	-11	
  128	-11	
  129	-11	
