    1	2	
    2	2	
    3	2	
    4	2	
    5	2	
    6	2	
    7	2	
    8	2	
    9	2	
   10	2	
   11	2	
   12	2	
   13	2	
   14	2	
   15	2	
   16	2	
   17	2	
   18	2	
   19	2	
   20	1661	
   21	2047	
   22	2047	
   23	2047	
   24	2047	
   25	2047	
   26	2047	
   27	2047	
   28	2047	
   29	2047	
   30	2047	
   31	2047	
   32	2047	
   33	2047	
   34	3	
   35	2	
   36	2	
   37	2	
   38	2	
   39	2	
   40	2	
   41	2	
   42	2	
   43	2	
   44	2	
   45	2	
   46	2	
   47	2	
   48	2	
   49	2	
   50	990	
   51	1164	
   52	1204	
   53	1214	
   54	1218	
   55	1222	
   56	1226	
   57	1230	
   58	1233	
   59	1235	
   60	1242	
   61	1248	
   62	1253	
   63	1260	
   64	1264	
   65	1266	
   66	1266	
   67	1270	
   68	1274	
   69	1274	
   70	1276	
   71	1279	
   72	1280	
   73	1285	
   74	1286	
   75	1287	
   76	1289	
   77	1291	
   78	1293	
   79	1296	
   80	1295	
   81	1296	
   82	1297	
   83	1299	
   84	1299	
   85	1300	
   86	1298	
   87	1298	
   88	1300	
   89	1302	
   90	1301	
   91	1301	
   92	1299	
   93	1299	
   94	1299	
   95	1301	
   96	1301	
   97	1300	
   98	1298	
   99	1294	
  100	1281	
  101	1245	
  102	1200	
  103	1150	
  104	1132	
  105	1125	
  106	1120	
  107	1119	
  108	1121	
  109	1119	
  110	1118	
  111	1117	
  112	1114	
  113	1114	
  114	1113	
  115	1116	
  116	1116	
  117	1115	
  118	1115	
  119	1116	
  120	1115	
  121	1114	
  122	2	
  123	2	
  124	2	
  125	2	
  126	2	
  127	2	
  128	2	
  129	2	
