    1	-1	
    2	-1	
    3	-1	
    4	-1	
    5	-1	
    6	-1	
    7	-1	
    8	-1	
    9	-1	
   10	-1	
   11	-1	
   12	-1	
   13	-1	
   14	-1	
   15	-1	
   16	0	
   17	0	
   18	-1	
   19	0	
   20	-61	
   21	-70	
   22	-53	
   23	-47	
   24	-42	
   25	-40	
   26	-38	
   27	-37	
   28	-36	
   29	-35	
   30	-35	
   31	-34	
   32	-34	
   33	-33	
   34	-1	
   35	-1	
   36	-1	
   37	-1	
   38	-1	
   39	0	
   40	-1	
   41	0	
   42	0	
   43	-1	
   44	-1	
   45	-1	
   46	0	
   47	-1	
   48	-1	
   49	-1	
   50	-55	
   51	-102	
   52	-106	
   53	-107	
   54	-108	
   55	-109	
   56	-110	
   57	-110	
   58	-111	
   59	-111	
   60	-111	
   61	-111	
   62	-112	
   63	-112	
   64	-112	
   65	-113	
   66	-113	
   67	-113	
   68	-113	
   69	-114	
   70	-113	
   71	-114	
   72	-114	
   73	-114	
   74	-114	
   75	-114	
   76	-115	
   77	-115	
   78	-115	
   79	-115	
   80	-115	
   81	-115	
   82	-115	
   83	-115	
   84	-115	
   85	-115	
   86	-115	
   87	-115	
   88	-115	
   89	-115	
   90	-115	
   91	-115	
   92	-115	
   93	-115	
   94	-115	
   95	-115	
   96	-115	
   97	-115	
   98	-115	
   99	-115	
  100	-115	
  101	-113	
  102	-112	
  103	-112	
  104	-112	
  105	-112	
  106	-112	
  107	-112	
  108	-112	
  109	-112	
  110	-112	
  111	-112	
  112	-112	
  113	-112	
  114	-112	
  115	-112	
  116	-112	
  117	-112	
  118	-112	
  119	-111	
  120	-112	
  121	0	
  122	0	
  123	0	
  124	0	
  125	0	
  126	0	
  127	0	
  128	0	
  129	0	
