    1	0	
    2	-1	
    3	-2	
    4	0	
    5	0	
    6	-1	
    7	0	
    8	-1	
    9	0	
   10	0	
   11	0	
   12	-1	
   13	0	
   14	0	
   15	0	
   16	0	
   17	0	
   18	-1	
   19	0	
   20	-94	
   21	-66	
   22	-49	
   23	-45	
   24	-42	
   25	-39	
   26	-38	
   27	-36	
   28	-36	
   29	-35	
   30	-35	
   31	-34	
   32	-34	
   33	0	
   34	-1	
   35	-1	
   36	0	
   37	-1	
   38	-1	
   39	-1	
   40	-1	
   41	-1	
   42	-1	
   43	0	
   44	-1	
   45	-1	
   46	-1	
   47	-1	
   48	-1	
   49	0	
   50	-68	
   51	-103	
   52	-107	
   53	-108	
   54	-109	
   55	-109	
   56	-110	
   57	-111	
   58	-111	
   59	-111	
   60	-111	
   61	-112	
   62	-112	
   63	-112	
   64	-112	
   65	-113	
   66	-113	
   67	-113	
   68	-113	
   69	-113	
   70	-113	
   71	-113	
   72	-113	
   73	-113	
   74	-113	
   75	-113	
   76	-113	
   77	-113	
   78	-114	
   79	-114	
   80	-114	
   81	-114	
   82	-114	
   83	-114	
   84	-113	
   85	-114	
   86	-114	
   87	-114	
   88	-114	
   89	-114	
   90	-114	
   91	-114	
   92	-114	
   93	-114	
   94	-114	
   95	-114	
   96	-115	
   97	-115	
   98	-114	
   99	-113	
  100	-113	
  101	-112	
  102	-112	
  103	-111	
  104	-111	
  105	-111	
  106	-111	
  107	-111	
  108	-111	
  109	-111	
  110	-111	
  111	-111	
  112	-111	
  113	-111	
  114	-111	
  115	-111	
  116	-111	
  117	-111	
  118	-7	
  119	0	
  120	0	
  121	0	
  122	0	
  123	0	
  124	-1	
  125	0	
  126	-1	
