    1	-11	
    2	-11	
    3	-11	
    4	-11	
    5	-12	
    6	-12	
    7	-12	
    8	-12	
    9	-12	
   10	-12	
   11	-12	
   12	366	
   13	944	
   14	920	
   15	773	
   16	698	
   17	642	
   18	599	
   19	558	
   20	531	
   21	505	
   22	489	
   23	475	
   24	460	
   25	-4	
   26	-11	
   27	-11	
   28	-11	
   29	-11	
   30	-12	
   31	-12	
   32	-11	
   33	-11	
   34	-12	
   35	-12	
   36	-12	
   37	-12	
   38	-11	
   39	394	
   40	654	
   41	818	
   42	894	
   43	900	
   44	909	
   45	918	
   46	923	
   47	928	
   48	933	
   49	929	
   50	931	
   51	931	
   52	927	
   53	924	
   54	924	
   55	927	
   56	927	
   57	924	
   58	920	
   59	918	
   60	916	
   61	914	
   62	912	
   63	909	
   64	908	
   65	908	
   66	906	
   67	906	
   68	902	
   69	902	
   70	900	
   71	900	
   72	900	
   73	902	
   74	901	
   75	900	
   76	899	
   77	898	
   78	900	
   79	900	
   80	899	
   81	901	
   82	901	
   83	902	
   84	903	
   85	909	
   86	923	
   87	946	
   88	967	
   89	955	
   90	951	
   91	951	
   92	950	
   93	947	
   94	946	
   95	946	
   96	944	
   97	945	
   98	942	
   99	937	
  100	939	
  101	941	
  102	942	
  103	943	
  104	940	
  105	941	
  106	-11	
  107	-11	
  108	-12	
  109	-11	
  110	-11	
  111	-12	
  112	-12	
  113	-11	
  114	-12	
