    1	-1	
    2	0	
    3	-1	
    4	-1	
    5	-1	
    6	-1	
    7	-1	
    8	-1	
    9	-1	
   10	-1	
   11	0	
   12	0	
   13	0	
   14	0	
   15	0	
   16	-1	
   17	0	
   18	0	
   19	-79	
   20	-69	
   21	-51	
   22	-45	
   23	-41	
   24	-39	
   25	-38	
   26	-36	
   27	-35	
   28	-35	
   29	-34	
   30	-34	
   31	-33	
   32	-33	
   33	-1	
   34	-1	
   35	0	
   36	-1	
   37	-1	
   38	-1	
   39	-1	
   40	-1	
   41	-1	
   42	-1	
   43	0	
   44	0	
   45	0	
   46	-1	
   47	0	
   48	-1	
   49	-1	
   50	-1	
   51	-68	
   52	-102	
   53	-106	
   54	-107	
   55	-108	
   56	-109	
   57	-109	
   58	-109	
   59	-110	
   60	-110	
   61	-110	
   62	-110	
   63	-111	
   64	-111	
   65	-111	
   66	-111	
   67	-111	
   68	-112	
   69	-112	
   70	-112	
   71	-112	
   72	-112	
   73	-113	
   74	-113	
   75	-113	
   76	-113	
   77	-113	
   78	-113	
   79	-113	
   80	-113	
   81	-114	
   82	-114	
   83	-114	
   84	-114	
   85	-114	
   86	-114	
   87	-114	
   88	-114	
   89	-114	
   90	-114	
   91	-114	
   92	-114	
   93	-114	
   94	-114	
   95	-115	
   96	-115	
   97	-114	
   98	-114	
   99	-114	
  100	-114	
  101	-114	
  102	-113	
  103	-111	
  104	-111	
  105	-111	
  106	-111	
  107	-111	
  108	-111	
  109	-111	
  110	-111	
  111	-111	
  112	-111	
  113	-111	
  114	-111	
  115	-111	
  116	-111	
  117	-111	
  118	-110	
  119	-110	
  120	-110	
  121	-110	
  122	0	
  123	0	
  124	-1	
  125	0	
  126	-1	
  127	-1	
  128	-1	
  129	-1	
  130	0	
