    1	2	
    2	2	
    3	2	
    4	2	
    5	2	
    6	2	
    7	2	
    8	2	
    9	2	
   10	2	
   11	2	
   12	2	
   13	2	
   14	712	
   15	2047	
   16	2047	
   17	2047	
   18	2047	
   19	2047	
   20	2047	
   21	2047	
   22	2047	
   23	2040	
   24	2012	
   25	1981	
   26	1957	
   27	275	
   28	3	
   29	2	
   30	2	
   31	2	
   32	2	
   33	2	
   34	2	
   35	2	
   36	2	
   37	2	
   38	2	
   39	2	
   40	2	
   41	2	
   42	2	
   43	2	
   44	929	
   45	1081	
   46	1090	
   47	1099	
   48	1102	
   49	1105	
   50	1109	
   51	1110	
   52	1114	
   53	1116	
   54	1119	
   55	1119	
   56	1124	
   57	1123	
   58	1125	
   59	1129	
   60	1131	
   61	1133	
   62	1136	
   63	1140	
   64	1142	
   65	1142	
   66	1144	
   67	1146	
   68	1148	
   69	1151	
   70	1152	
   71	1151	
   72	1155	
   73	1156	
   74	1158	
   75	1159	
   76	1160	
   77	1160	
   78	1160	
   79	1161	
   80	1162	
   81	1162	
   82	1164	
   83	1163	
   84	1165	
   85	1164	
   86	1160	
   87	1160	
   88	1159	
   89	1161	
   90	1159	
   91	1152	
   92	1130	
   93	1085	
   94	1036	
   95	1008	
   96	1005	
   97	1004	
   98	1004	
   99	1006	
  100	1006	
  101	1004	
  102	1003	
  103	1002	
  104	1004	
  105	1001	
  106	1001	
  107	1001	
  108	1000	
  109	999	
  110	1000	
  111	153	
  112	2	
  113	2	
  114	2	
  115	2	
  116	2	
  117	2	
  118	2	
  119	2	
