    1	0	
    2	-1	
    3	0	
    4	-1	
    5	0	
    6	0	
    7	0	
    8	0	
    9	0	
   10	0	
   11	0	
   12	0	
   13	0	
   14	0	
   15	0	
   16	0	
   17	0	
   18	0	
   19	-1	
   20	-1	
   21	-89	
   22	-63	
   23	-48	
   24	-41	
   25	-38	
   26	-36	
   27	-34	
   28	-33	
   29	-33	
   30	-32	
   31	-31	
   32	-31	
   33	-30	
   34	0	
   35	0	
   36	-1	
   37	-1	
   38	-1	
   39	-1	
   40	-1	
   41	-1	
   42	-1	
   43	-1	
   44	0	
   45	-1	
   46	0	
   47	-1	
   48	-1	
   49	-1	
   50	-1	
   51	-64	
   52	-102	
   53	-104	
   54	-105	
   55	-106	
   56	-106	
   57	-107	
   58	-108	
   59	-108	
   60	-108	
   61	-109	
   62	-111	
   63	-112	
   64	-112	
   65	-113	
   66	-113	
   67	-113	
   68	-113	
   69	-114	
   70	-114	
   71	-114	
   72	-114	
   73	-114	
   74	-115	
   75	-114	
   76	-115	
   77	-115	
   78	-115	
   79	-115	
   80	-115	
   81	-116	
   82	-116	
   83	-116	
   84	-116	
   85	-116	
   86	-116	
   87	-116	
   88	-116	
   89	-116	
   90	-116	
   91	-116	
   92	-116	
   93	-116	
   94	-116	
   95	-116	
   96	-116	
   97	-116	
   98	-116	
   99	-116	
  100	-115	
  101	-115	
  102	-115	
  103	-113	
  104	-112	
  105	-110	
  106	-109	
  107	-109	
  108	-109	
  109	-109	
  110	-109	
  111	-109	
  112	-109	
  113	-109	
  114	-109	
  115	-108	
  116	-109	
  117	-109	
  118	-108	
  119	-108	
  120	-108	
  121	-108	
  122	-108	
  123	0	
  124	-1	
  125	0	
  126	-1	
  127	-1	
  128	0	
  129	0	
  130	0	
