    1	-1	
    2	-1	
    3	-1	
    4	-1	
    5	-1	
    6	0	
    7	-1	
    8	0	
    9	0	
   10	-2	
   11	0	
   12	0	
   13	0	
   14	0	
   15	0	
   16	0	
   17	0	
   18	0	
   19	-88	
   20	-63	
   21	-49	
   22	-43	
   23	-39	
   24	-36	
   25	-35	
   26	-34	
   27	-33	
   28	-32	
   29	-32	
   30	-32	
   31	-31	
   32	-30	
   33	-1	
   34	0	
   35	0	
   36	-1	
   37	0	
   38	-1	
   39	0	
   40	0	
   41	-1	
   42	-1	
   43	-1	
   44	-1	
   45	-1	
   46	-1	
   47	0	
   48	0	
   49	-56	
   50	-100	
   51	-110	
   52	-111	
   53	-112	
   54	-112	
   55	-111	
   56	-111	
   57	-111	
   58	-112	
   59	-112	
   60	-112	
   61	-113	
   62	-113	
   63	-114	
   64	-114	
   65	-113	
   66	-113	
   67	-114	
   68	-114	
   69	-114	
   70	-114	
   71	-114	
   72	-115	
   73	-115	
   74	-115	
   75	-115	
   76	-115	
   77	-116	
   78	-115	
   79	-115	
   80	-116	
   81	-116	
   82	-116	
   83	-116	
   84	-116	
   85	-116	
   86	-116	
   87	-117	
   88	-116	
   89	-116	
   90	-117	
   91	-116	
   92	-116	
   93	-116	
   94	-116	
   95	-117	
   96	-116	
   97	-117	
   98	-116	
   99	-116	
  100	-115	
  101	-113	
  102	-113	
  103	-112	
  104	-111	
  105	-111	
  106	-110	
  107	-110	
  108	-111	
  109	-110	
  110	-110	
  111	-110	
  112	-110	
  113	-110	
  114	-111	
  115	-110	
  116	-111	
  117	-111	
  118	-111	
  119	-110	
  120	-110	
  121	-1	
  122	-1	
  123	-1	
  124	0	
  125	-1	
  126	-1	
  127	0	
  128	0	
  129	0	
