    1	0	
    2	0	
    3	0	
    4	0	
    5	0	
    6	-1	
    7	-1	
    8	-1	
    9	-1	
   10	-1	
   11	0	
   12	-1	
   13	-1	
   14	-1	
   15	-1	
   16	-1	
   17	-1	
   18	0	
   19	-1	
   20	0	
   21	-91	
   22	-64	
   23	-48	
   24	-42	
   25	-40	
   26	-37	
   27	-35	
   28	-35	
   29	-34	
   30	-33	
   31	-32	
   32	-32	
   33	-32	
   34	0	
   35	0	
   36	0	
   37	0	
   38	0	
   39	0	
   40	0	
   41	-1	
   42	-1	
   43	-1	
   44	-1	
   45	-1	
   46	-1	
   47	0	
   48	-1	
   49	-1	
   50	-1	
   51	-32	
   52	-83	
   53	-100	
   54	-107	
   55	-107	
   56	-107	
   57	-108	
   58	-108	
   59	-109	
   60	-110	
   61	-111	
   62	-111	
   63	-111	
   64	-111	
   65	-111	
   66	-111	
   67	-112	
   68	-111	
   69	-111	
   70	-112	
   71	-112	
   72	-112	
   73	-112	
   74	-112	
   75	-112	
   76	-112	
   77	-112	
   78	-112	
   79	-113	
   80	-113	
   81	-112	
   82	-112	
   83	-112	
   84	-113	
   85	-113	
   86	-113	
   87	-113	
   88	-113	
   89	-113	
   90	-113	
   91	-113	
   92	-113	
   93	-113	
   94	-113	
   95	-113	
   96	-113	
   97	-113	
   98	-114	
   99	-113	
  100	-113	
  101	-113	
  102	-113	
  103	-113	
  104	-112	
  105	-109	
  106	-108	
  107	-107	
  108	-106	
  109	-106	
  110	-106	
  111	-107	
  112	-107	
  113	-107	
  114	-107	
  115	-107	
  116	-107	
  117	-107	
  118	-107	
  119	-107	
  120	-107	
  121	-107	
  122	-107	
  123	-107	
  124	-106	
  125	-106	
  126	0	
  127	0	
  128	-1	
  129	-1	
  130	0	
  131	-1	
  132	0	
  133	-1	
  134	-1	
