    1	-11	
    2	-11	
    3	-11	
    4	-12	
    5	-12	
    6	-11	
    7	-12	
    8	-11	
    9	-11	
   10	-12	
   11	-12	
   12	-12	
   13	-12	
   14	-12	
   15	-12	
   16	-12	
   17	-12	
   18	-12	
   19	-12	
   20	-12	
   21	715	
   22	1048	
   23	949	
   24	843	
   25	734	
   26	668	
   27	608	
   28	573	
   29	543	
   30	515	
   31	497	
   32	479	
   33	466	
   34	53	
   35	-11	
   36	-11	
   37	-11	
   38	-11	
   39	-12	
   40	-12	
   41	-11	
   42	-12	
   43	-11	
   44	-12	
   45	-12	
   46	-12	
   47	-12	
   48	-12	
   49	-11	
   50	-12	
   51	642	
   52	896	
   53	929	
   54	947	
   55	963	
   56	968	
   57	975	
   58	980	
   59	982	
   60	986	
   61	980	
   62	977	
   63	978	
   64	978	
   65	974	
   66	976	
   67	972	
   68	967	
   69	962	
   70	958	
   71	957	
   72	954	
   73	956	
   74	957	
   75	953	
   76	952	
   77	952	
   78	953	
   79	948	
   80	945	
   81	942	
   82	942	
   83	945	
   84	944	
   85	943	
   86	945	
   87	945	
   88	945	
   89	939	
   90	944	
   91	942	
   92	945	
   93	945	
   94	948	
   95	952	
   96	953	
   97	955	
   98	956	
   99	960	
  100	972	
  101	989	
  102	1012	
  103	1017	
  104	1019	
  105	1016	
  106	1016	
  107	1012	
  108	1014	
  109	1012	
  110	1007	
  111	1008	
  112	1004	
  113	1001	
  114	999	
  115	996	
  116	993	
  117	992	
  118	992	
  119	994	
  120	-11	
  121	-11	
  122	-12	
  123	-11	
  124	-12	
  125	-12	
  126	-12	
  127	-12	
  128	-11	
