    1	-12	
    2	-11	
    3	-12	
    4	-11	
    5	-11	
    6	-11	
    7	-11	
    8	-11	
    9	-11	
   10	-11	
   11	-12	
   12	-12	
   13	-12	
   14	-12	
   15	-12	
   16	-12	
   17	-11	
   18	-12	
   19	-12	
   20	-12	
   21	837	
   22	1013	
   23	911	
   24	815	
   25	739	
   26	666	
   27	621	
   28	580	
   29	554	
   30	532	
   31	510	
   32	495	
   33	481	
   34	55	
   35	-11	
   36	-11	
   37	-11	
   38	-11	
   39	-11	
   40	-11	
   41	-11	
   42	-11	
   43	-11	
   44	-11	
   45	-12	
   46	-12	
   47	-12	
   48	-12	
   49	-12	
   50	-12	
   51	-12	
   52	639	
   53	896	
   54	929	
   55	944	
   56	957	
   57	969	
   58	977	
   59	980	
   60	983	
   61	982	
   62	982	
   63	980	
   64	979	
   65	978	
   66	976	
   67	970	
   68	968	
   69	962	
   70	961	
   71	959	
   72	957	
   73	954	
   74	951	
   75	952	
   76	947	
   77	948	
   78	946	
   79	945	
   80	945	
   81	946	
   82	947	
   83	945	
   84	943	
   85	941	
   86	942	
   87	943	
   88	941	
   89	945	
   90	944	
   91	945	
   92	945	
   93	948	
   94	951	
   95	950	
   96	952	
   97	954	
   98	957	
   99	962	
  100	975	
  101	995	
  102	1007	
  103	1016	
  104	1013	
  105	1012	
  106	1008	
  107	1005	
  108	1001	
  109	1003	
  110	1001	
  111	1000	
  112	999	
  113	998	
  114	998	
  115	994	
  116	994	
  117	991	
  118	988	
  119	985	
  120	-9	
  121	-11	
  122	-11	
  123	-11	
  124	-11	
  125	-12	
  126	-11	
  127	-12	
  128	-12	
