    1	0	
    2	0	
    3	0	
    4	0	
    5	-1	
    6	0	
    7	0	
    8	0	
    9	0	
   10	0	
   11	0	
   12	0	
   13	0	
   14	0	
   15	0	
   16	0	
   17	0	
   18	0	
   19	-88	
   20	-63	
   21	-45	
   22	-39	
   23	-36	
   24	-34	
   25	-33	
   26	-32	
   27	-31	
   28	-30	
   29	-30	
   30	-30	
   31	-29	
   32	-29	
   33	-1	
   34	0	
   35	-1	
   36	0	
   37	-1	
   38	0	
   39	-1	
   40	-1	
   41	0	
   42	0	
   43	0	
   44	-1	
   45	0	
   46	-1	
   47	-1	
   48	-51	
   49	-96	
   50	-103	
   51	-104	
   52	-104	
   53	-104	
   54	-104	
   55	-105	
   56	-105	
   57	-105	
   58	-106	
   59	-106	
   60	-106	
   61	-107	
   62	-107	
   63	-108	
   64	-108	
   65	-108	
   66	-108	
   67	-109	
   68	-109	
   69	-109	
   70	-109	
   71	-109	
   72	-109	
   73	-109	
   74	-109	
   75	-109	
   76	-110	
   77	-110	
   78	-110	
   79	-110	
   80	-110	
   81	-110	
   82	-110	
   83	-111	
   84	-111	
   85	-111	
   86	-111	
   87	-111	
   88	-111	
   89	-111	
   90	-111	
   91	-111	
   92	-111	
   93	-111	
   94	-111	
   95	-111	
   96	-111	
   97	-111	
   98	-111	
   99	-111	
  100	-111	
  101	-110	
  102	-109	
  103	-107	
  104	-105	
  105	-105	
  106	-105	
  107	-105	
  108	-105	
  109	-105	
  110	-105	
  111	-105	
  112	-104	
  113	-105	
  114	-105	
  115	-105	
  116	-104	
  117	-104	
  118	-105	
  119	-104	
  120	-105	
  121	-105	
  122	-105	
  123	0	
  124	0	
  125	0	
  126	0	
  127	0	
  128	0	
  129	-1	
  130	0	
