    1	2	
    2	2	
    3	2	
    4	2	
    5	2	
    6	1	
    7	2	
    8	2	
    9	2	
   10	1	
   11	2	
   12	2	
   13	2	
   14	1	
   15	2	
   16	2	
   17	2	
   18	1	
   19	2	
   20	1	
   21	2047	
   22	2047	
   23	2047	
   24	2047	
   25	2047	
   26	2047	
   27	2047	
   28	2047	
   29	2047	
   30	2047	
   31	2047	
   32	2047	
   33	2047	
   34	307	
   35	3	
   36	2	
   37	2	
   38	2	
   39	2	
   40	2	
   41	2	
   42	2	
   43	2	
   44	2	
   45	2	
   46	1	
   47	1	
   48	2	
   49	1	
   50	2	
   51	1036	
   52	1207	
   53	1229	
   54	1227	
   55	1233	
   56	1237	
   57	1241	
   58	1246	
   59	1248	
   60	1251	
   61	1251	
   62	1253	
   63	1256	
   64	1261	
   65	1266	
   66	1271	
   67	1274	
   68	1277	
   69	1280	
   70	1282	
   71	1282	
   72	1281	
   73	1286	
   74	1288	
   75	1290	
   76	1291	
   77	1291	
   78	1294	
   79	1295	
   80	1296	
   81	1298	
   82	1300	
   83	1300	
   84	1302	
   85	1305	
   86	1309	
   87	1309	
   88	1310	
   89	1309	
   90	1310	
   91	1311	
   92	1307	
   93	1306	
   94	1306	
   95	1309	
   96	1309	
   97	1309	
   98	1307	
   99	1300	
  100	1276	
  101	1236	
  102	1188	
  103	1150	
  104	1135	
  105	1123	
  106	1125	
  107	1124	
  108	1124	
  109	1122	
  110	1123	
  111	1121	
  112	1123	
  113	1124	
  114	1124	
  115	1124	
  116	1126	
  117	1125	
  118	1125	
  119	1125	
  120	2	
  121	2	
  122	2	
  123	2	
  124	2	
  125	2	
  126	2	
  127	2	
  128	2	
