    1	-11	
    2	-11	
    3	-11	
    4	-11	
    5	-11	
    6	-11	
    7	-11	
    8	-11	
    9	-11	
   10	-11	
   11	-11	
   12	-11	
   13	-11	
   14	-11	
   15	-12	
   16	-11	
   17	-11	
   18	-11	
   19	-11	
   20	772	
   21	939	
   22	823	
   23	728	
   24	636	
   25	571	
   26	532	
   27	505	
   28	483	
   29	458	
   30	444	
   31	429	
   32	419	
   33	411	
   34	-11	
   35	-11	
   36	-11	
   37	-11	
   38	-11	
   39	-11	
   40	-11	
   41	-11	
   42	-11	
   43	-11	
   44	-11	
   45	-12	
   46	-11	
   47	-11	
   48	-11	
   49	-11	
   50	-11	
   51	612	
   52	756	
   53	784	
   54	802	
   55	812	
   56	822	
   57	833	
   58	838	
   59	842	
   60	842	
   61	844	
   62	846	
   63	846	
   64	842	
   65	839	
   66	835	
   67	833	
   68	831	
   69	829	
   70	825	
   71	824	
   72	826	
   73	823	
   74	822	
   75	822	
   76	818	
   77	817	
   78	818	
   79	816	
   80	817	
   81	815	
   82	813	
   83	814	
   84	812	
   85	811	
   86	816	
   87	815	
   88	816	
   89	814	
   90	812	
   91	814	
   92	815	
   93	815	
   94	815	
   95	816	
   96	817	
   97	817	
   98	817	
   99	819	
  100	825	
  101	837	
  102	851	
  103	864	
  104	863	
  105	860	
  106	855	
  107	855	
  108	854	
  109	853	
  110	853	
  111	852	
  112	853	
  113	853	
  114	850	
  115	851	
  116	852	
  117	851	
  118	851	
  119	852	
  120	852	
  121	849	
  122	-11	
  123	-11	
  124	-11	
  125	-11	
  126	-11	
  127	-11	
  128	-11	
  129	-11	
