    1	-11	
    2	-11	
    3	-11	
    4	-11	
    5	-11	
    6	-12	
    7	-11	
    8	-11	
    9	-11	
   10	-11	
   11	-11	
   12	-12	
   13	-12	
   14	-12	
   15	-11	
   16	-12	
   17	-11	
   18	-12	
   19	-12	
   20	819	
   21	931	
   22	824	
   23	704	
   24	633	
   25	567	
   26	529	
   27	501	
   28	475	
   29	458	
   30	440	
   31	429	
   32	419	
   33	47	
   34	-11	
   35	-11	
   36	-11	
   37	-11	
   38	-11	
   39	-11	
   40	-11	
   41	-11	
   42	-11	
   43	-11	
   44	-11	
   45	-12	
   46	-11	
   47	-11	
   48	-11	
   49	-12	
   50	613	
   51	756	
   52	786	
   53	799	
   54	809	
   55	818	
   56	825	
   57	828	
   58	832	
   59	837	
   60	841	
   61	840	
   62	840	
   63	837	
   64	836	
   65	835	
   66	827	
   67	825	
   68	825	
   69	825	
   70	820	
   71	814	
   72	814	
   73	815	
   74	815	
   75	812	
   76	809	
   77	808	
   78	808	
   79	808	
   80	807	
   81	807	
   82	805	
   83	805	
   84	805	
   85	809	
   86	806	
   87	808	
   88	805	
   89	806	
   90	808	
   91	808	
   92	810	
   93	811	
   94	811	
   95	807	
   96	811	
   97	811	
   98	813	
   99	817	
  100	837	
  101	852	
  102	857	
  103	856	
  104	853	
  105	852	
  106	851	
  107	853	
  108	849	
  109	849	
  110	848	
  111	845	
  112	846	
  113	847	
  114	849	
  115	848	
  116	846	
  117	845	
  118	845	
  119	846	
  120	846	
  121	-11	
  122	-11	
  123	-11	
  124	-11	
  125	-11	
  126	-11	
  127	-11	
  128	-11	
