    1	-1	
    2	-1	
    3	-1	
    4	-1	
    5	0	
    6	0	
    7	0	
    8	-1	
    9	-1	
   10	-1	
   11	-1	
   12	-1	
   13	-1	
   14	-1	
   15	-1	
   16	-1	
   17	-1	
   18	-1	
   19	-93	
   20	-58	
   21	-44	
   22	-38	
   23	-35	
   24	-33	
   25	-32	
   26	-32	
   27	-31	
   28	-30	
   29	-30	
   30	-29	
   31	-28	
   32	1	
   33	0	
   34	0	
   35	0	
   36	0	
   37	0	
   38	0	
   39	0	
   40	-1	
   41	-1	
   42	-1	
   43	-1	
   44	-1	
   45	-1	
   46	0	
   47	0	
   48	0	
   49	-52	
   50	-95	
   51	-96	
   52	-97	
   53	-97	
   54	-97	
   55	-97	
   56	-97	
   57	-98	
   58	-98	
   59	-98	
   60	-98	
   61	-98	
   62	-98	
   63	-99	
   64	-99	
   65	-99	
   66	-99	
   67	-100	
   68	-100	
   69	-100	
   70	-100	
   71	-100	
   72	-100	
   73	-100	
   74	-100	
   75	-100	
   76	-100	
   77	-100	
   78	-100	
   79	-100	
   80	-100	
   81	-100	
   82	-100	
   83	-100	
   84	-100	
   85	-100	
   86	-100	
   87	-100	
   88	-101	
   89	-101	
   90	-101	
   91	-101	
   92	-101	
   93	-101	
   94	-101	
   95	-101	
   96	-101	
   97	-100	
   98	-100	
   99	-98	
  100	-97	
  101	-94	
  102	-92	
  103	-92	
  104	-92	
  105	-92	
  106	-91	
  107	-91	
  108	-91	
  109	-91	
  110	-91	
  111	-91	
  112	-91	
  113	-91	
  114	-91	
  115	-91	
  116	-91	
  117	-92	
  118	-91	
  119	-90	
  120	0	
  121	0	
  122	0	
  123	0	
  124	0	
  125	0	
  126	-1	
  127	0	
  128	0	
