    1	2	
    2	2	
    3	2	
    4	2	
    5	2	
    6	2	
    7	2	
    8	2	
    9	2	
   10	2	
   11	2	
   12	2	
   13	2	
   14	2	
   15	2	
   16	2	
   17	2	
   18	2	
   19	2	
   20	2047	
   21	2047	
   22	2047	
   23	2047	
   24	2047	
   25	2047	
   26	2047	
   27	2047	
   28	2047	
   29	2047	
   30	2047	
   31	2024	
   32	2002	
   33	1986	
   34	3	
   35	2	
   36	2	
   37	2	
   38	2	
   39	2	
   40	2	
   41	2	
   42	2	
   43	2	
   44	2	
   45	2	
   46	2	
   47	2	
   48	2	
   49	2	
   50	2	
   51	988	
   52	1124	
   53	1135	
   54	1134	
   55	1135	
   56	1138	
   57	1146	
   58	1150	
   59	1153	
   60	1153	
   61	1157	
   62	1161	
   63	1164	
   64	1165	
   65	1167	
   66	1169	
   67	1172	
   68	1174	
   69	1179	
   70	1180	
   71	1184	
   72	1190	
   73	1191	
   74	1196	
   75	1199	
   76	1199	
   77	1200	
   78	1205	
   79	1205	
   80	1209	
   81	1210	
   82	1210	
   83	1213	
   84	1213	
   85	1213	
   86	1220	
   87	1220	
   88	1221	
   89	1219	
   90	1217	
   91	1219	
   92	1220	
   93	1220	
   94	1219	
   95	1221	
   96	1220	
   97	1218	
   98	1217	
   99	1216	
  100	1212	
  101	1184	
  102	1134	
  103	1073	
  104	1052	
  105	1047	
  106	1043	
  107	1043	
  108	1042	
  109	1041	
  110	1040	
  111	1040	
  112	1040	
  113	1040	
  114	1037	
  115	1038	
  116	1038	
  117	1038	
  118	1037	
  119	1037	
  120	1037	
  121	1035	
  122	2	
  123	2	
  124	2	
  125	2	
  126	2	
  127	1	
  128	2	
  129	2	
