    1	-1	
    2	0	
    3	-1	
    4	-1	
    5	-1	
    6	-1	
    7	0	
    8	0	
    9	0	
   10	0	
   11	0	
   12	0	
   13	0	
   14	0	
   15	0	
   16	0	
   17	-1	
   18	0	
   19	0	
   20	-90	
   21	-59	
   22	-45	
   23	-39	
   24	-36	
   25	-34	
   26	-33	
   27	-32	
   28	-31	
   29	-31	
   30	-30	
   31	-29	
   32	-29	
   33	0	
   34	0	
   35	-1	
   36	-1	
   37	-1	
   38	0	
   39	0	
   40	-1	
   41	0	
   42	0	
   43	-1	
   44	-1	
   45	0	
   46	-1	
   47	-1	
   48	0	
   49	-1	
   50	-1	
   51	-66	
   52	-98	
   53	-100	
   54	-100	
   55	-100	
   56	-100	
   57	-101	
   58	-101	
   59	-101	
   60	-101	
   61	-102	
   62	-102	
   63	-102	
   64	-102	
   65	-102	
   66	-102	
   67	-102	
   68	-102	
   69	-103	
   70	-103	
   71	-103	
   72	-103	
   73	-103	
   74	-103	
   75	-103	
   76	-103	
   77	-103	
   78	-103	
   79	-103	
   80	-103	
   81	-103	
   82	-103	
   83	-103	
   84	-103	
   85	-103	
   86	-103	
   87	-103	
   88	-103	
   89	-103	
   90	-103	
   91	-103	
   92	-103	
   93	-103	
   94	-103	
   95	-103	
   96	-103	
   97	-103	
   98	-103	
   99	-103	
  100	-102	
  101	-100	
  102	-98	
  103	-94	
  104	-94	
  105	-94	
  106	-94	
  107	-94	
  108	-94	
  109	-94	
  110	-94	
  111	-94	
  112	-94	
  113	-94	
  114	-94	
  115	-94	
  116	-94	
  117	-94	
  118	-93	
  119	-93	
  120	-93	
  121	-93	
  122	0	
  123	-1	
  124	-1	
  125	0	
  126	-1	
  127	0	
  128	-1	
  129	0	
  130	0	
