    1	2	
    2	2	
    3	2	
    4	2	
    5	2	
    6	2	
    7	2	
    8	2	
    9	2	
   10	2	
   11	2	
   12	2	
   13	2	
   14	2	
   15	1	
   16	2	
   17	1	
   18	2	
   19	2047	
   20	2047	
   21	2047	
   22	2047	
   23	2047	
   24	2047	
   25	2047	
   26	2047	
   27	2047	
   28	2047	
   29	2047	
   30	2047	
   31	2032	
   32	287	
   33	3	
   34	2	
   35	2	
   36	2	
   37	2	
   38	2	
   39	2	
   40	1	
   41	2	
   42	1	
   43	1	
   44	2	
   45	2	
   46	2	
   47	1	
   48	1	
   49	971	
   50	1162	
   51	1182	
   52	1186	
   53	1197	
   54	1197	
   55	1199	
   56	1204	
   57	1206	
   58	1212	
   59	1216	
   60	1219	
   61	1223	
   62	1225	
   63	1229	
   64	1235	
   65	1238	
   66	1239	
   67	1241	
   68	1244	
   69	1247	
   70	1253	
   71	1254	
   72	1256	
   73	1259	
   74	1261	
   75	1263	
   76	1265	
   77	1267	
   78	1268	
   79	1269	
   80	1269	
   81	1270	
   82	1270	
   83	1271	
   84	1272	
   85	1274	
   86	1273	
   87	1274	
   88	1275	
   89	1277	
   90	1276	
   91	1276	
   92	1276	
   93	1274	
   94	1272	
   95	1272	
   96	1272	
   97	1271	
   98	1271	
   99	1268	
  100	1257	
  101	1229	
  102	1203	
  103	1163	
  104	1124	
  105	1110	
  106	1110	
  107	1108	
  108	1106	
  109	1108	
  110	1107	
  111	1107	
  112	1105	
  113	1103	
  114	1103	
  115	1103	
  116	1103	
  117	1100	
  118	1101	
  119	1100	
  120	1097	
  121	1096	
  122	1097	
  123	5	
  124	2	
  125	2	
  126	2	
  127	2	
  128	2	
  129	2	
  130	2	
  131	2	
