    1	-12	
    2	-11	
    3	-11	
    4	-11	
    5	-11	
    6	-11	
    7	-11	
    8	-11	
    9	-11	
   10	-11	
   11	-12	
   12	-12	
   13	-12	
   14	-12	
   15	-12	
   16	-12	
   17	-12	
   18	-12	
   19	-12	
   20	-12	
   21	830	
   22	962	
   23	842	
   24	746	
   25	667	
   26	594	
   27	552	
   28	513	
   29	490	
   30	471	
   31	453	
   32	439	
   33	425	
   34	48	
   35	-11	
   36	-11	
   37	-11	
   38	-11	
   39	-11	
   40	-11	
   41	-11	
   42	-11	
   43	-11	
   44	-12	
   45	-12	
   46	-11	
   47	-11	
   48	-12	
   49	-12	
   50	-12	
   51	627	
   52	782	
   53	863	
   54	883	
   55	895	
   56	908	
   57	915	
   58	920	
   59	927	
   60	931	
   61	933	
   62	934	
   63	934	
   64	930	
   65	927	
   66	925	
   67	922	
   68	919	
   69	915	
   70	911	
   71	909	
   72	905	
   73	901	
   74	900	
   75	899	
   76	896	
   77	895	
   78	895	
   79	894	
   80	892	
   81	893	
   82	893	
   83	889	
   84	888	
   85	885	
   86	887	
   87	887	
   88	889	
   89	888	
   90	885	
   91	883	
   92	884	
   93	884	
   94	882	
   95	884	
   96	885	
   97	885	
   98	885	
   99	887	
  100	888	
  101	889	
  102	892	
  103	906	
  104	925	
  105	951	
  106	960	
  107	947	
  108	935	
  109	924	
  110	921	
  111	919	
  112	918	
  113	917	
  114	917	
  115	916	
  116	916	
  117	918	
  118	916	
  119	915	
  120	917	
  121	916	
  122	917	
  123	916	
  124	917	
  125	913	
  126	4	
  127	-11	
  128	-11	
  129	-11	
  130	-11	
  131	-11	
  132	-11	
  133	-11	
  134	-11	
