    1	2	
    2	2	
    3	2	
    4	2	
    5	2	
    6	2	
    7	2	
    8	2	
    9	2	
   10	2	
   11	2	
   12	2	
   13	2	
   14	2	
   15	2	
   16	1	
   17	2	
   18	2	
   19	2	
   20	2	
   21	2047	
   22	2047	
   23	2047	
   24	2047	
   25	2047	
   26	2047	
   27	2047	
   28	2047	
   29	2047	
   30	2047	
   31	2047	
   32	2023	
   33	1994	
   34	281	
   35	3	
   36	2	
   37	2	
   38	2	
   39	2	
   40	1	
   41	2	
   42	2	
   43	2	
   44	2	
   45	2	
   46	2	
   47	2	
   48	2	
   49	2	
   50	2	
   51	996	
   52	1134	
   53	1178	
   54	1182	
   55	1184	
   56	1190	
   57	1195	
   58	1199	
   59	1205	
   60	1210	
   61	1214	
   62	1217	
   63	1222	
   64	1223	
   65	1226	
   66	1230	
   67	1232	
   68	1236	
   69	1238	
   70	1239	
   71	1242	
   72	1244	
   73	1246	
   74	1248	
   75	1251	
   76	1253	
   77	1255	
   78	1258	
   79	1260	
   80	1260	
   81	1264	
   82	1266	
   83	1265	
   84	1264	
   85	1264	
   86	1267	
   87	1268	
   88	1271	
   89	1270	
   90	1269	
   91	1267	
   92	1268	
   93	1268	
   94	1266	
   95	1267	
   96	1268	
   97	1267	
   98	1266	
   99	1266	
  100	1266	
  101	1265	
  102	1262	
  103	1249	
  104	1226	
  105	1202	
  106	1161	
  107	1125	
  108	1104	
  109	1094	
  110	1092	
  111	1089	
  112	1089	
  113	1088	
  114	1088	
  115	1088	
  116	1088	
  117	1089	
  118	1088	
  119	1087	
  120	1088	
  121	1088	
  122	1089	
  123	1088	
  124	1089	
  125	1085	
  126	19	
  127	2	
  128	2	
  129	2	
  130	2	
  131	2	
  132	2	
  133	2	
  134	2	
