    1	-11	
    2	-12	
    3	-11	
    4	-11	
    5	-11	
    6	-11	
    7	-11	
    8	-11	
    9	-11	
   10	-11	
   11	-12	
   12	-12	
   13	-12	
   14	-12	
   15	-12	
   16	-11	
   17	-12	
   18	-12	
   19	-12	
   20	835	
   21	924	
   22	795	
   23	709	
   24	625	
   25	580	
   26	543	
   27	509	
   28	487	
   29	466	
   30	452	
   31	439	
   32	425	
   33	-4	
   34	-11	
   35	-11	
   36	-11	
   37	-11	
   38	-11	
   39	-11	
   40	-12	
   41	-11	
   42	-12	
   43	-12	
   44	-11	
   45	-12	
   46	-12	
   47	-12	
   48	-12	
   49	395	
   50	697	
   51	793	
   52	875	
   53	886	
   54	893	
   55	905	
   56	908	
   57	908	
   58	911	
   59	916	
   60	920	
   61	922	
   62	920	
   63	917	
   64	913	
   65	911	
   66	908	
   67	902	
   68	902	
   69	900	
   70	897	
   71	895	
   72	893	
   73	889	
   74	888	
   75	886	
   76	886	
   77	883	
   78	883	
   79	884	
   80	883	
   81	884	
   82	885	
   83	882	
   84	883	
   85	883	
   86	881	
   87	880	
   88	882	
   89	882	
   90	883	
   91	881	
   92	882	
   93	883	
   94	882	
   95	882	
   96	882	
   97	883	
   98	885	
   99	887	
  100	893	
  101	904	
  102	924	
  103	942	
  104	941	
  105	928	
  106	922	
  107	918	
  108	916	
  109	914	
  110	913	
  111	913	
  112	912	
  113	911	
  114	911	
  115	912	
  116	912	
  117	912	
  118	910	
  119	908	
  120	908	
  121	908	
  122	909	
  123	120	
  124	-11	
  125	-11	
  126	-12	
  127	-11	
  128	-12	
  129	-12	
  130	-12	
  131	-12	
