    1	-12	
    2	-11	
    3	-11	
    4	-11	
    5	-12	
    6	-12	
    7	-12	
    8	-12	
    9	-12	
   10	-12	
   11	-12	
   12	-12	
   13	-12	
   14	677	
   15	742	
   16	647	
   17	583	
   18	527	
   19	495	
   20	470	
   21	451	
   22	437	
   23	424	
   24	416	
   25	406	
   26	399	
   27	-5	
   28	-11	
   29	-11	
   30	-11	
   31	-11	
   32	-11	
   33	-12	
   34	-11	
   35	-12	
   36	-12	
   37	-12	
   38	-12	
   39	-12	
   40	-12	
   41	-12	
   42	-12	
   43	-12	
   44	613	
   45	803	
   46	836	
   47	852	
   48	860	
   49	871	
   50	881	
   51	886	
   52	890	
   53	893	
   54	895	
   55	895	
   56	891	
   57	889	
   58	887	
   59	883	
   60	880	
   61	879	
   62	878	
   63	879	
   64	878	
   65	877	
   66	874	
   67	872	
   68	873	
   69	871	
   70	872	
   71	872	
   72	871	
   73	870	
   74	869	
   75	869	
   76	869	
   77	865	
   78	866	
   79	866	
   80	868	
   81	867	
   82	867	
   83	868	
   84	868	
   85	869	
   86	870	
   87	869	
   88	872	
   89	870	
   90	871	
   91	872	
   92	872	
   93	873	
   94	874	
   95	873	
   96	875	
   97	884	
   98	897	
   99	914	
  100	919	
  101	911	
  102	895	
  103	898	
  104	895	
  105	893	
  106	892	
  107	892	
  108	893	
  109	893	
  110	890	
  111	889	
  112	888	
  113	888	
  114	888	
  115	888	
  116	887	
  117	890	
  118	890	
  119	890	
  120	-9	
  121	-11	
  122	-11	
  123	-12	
  124	-12	
  125	-12	
  126	-12	
  127	-12	
  128	-12	
