    1	2	
    2	2	
    3	2	
    4	2	
    5	1	
    6	2	
    7	2	
    8	1	
    9	2	
   10	2	
   11	2	
   12	1	
   13	1	
   14	1	
   15	1	
   16	1	
   17	1	
   18	1	
   19	1	
   20	2047	
   21	2047	
   22	2047	
   23	2047	
   24	2047	
   25	2047	
   26	2047	
   27	2047	
   28	2047	
   29	2047	
   30	2040	
   31	2004	
   32	1984	
   33	300	
   34	3	
   35	2	
   36	2	
   37	2	
   38	2	
   39	2	
   40	2	
   41	1	
   42	2	
   43	1	
   44	1	
   45	1	
   46	1	
   47	1	
   48	2	
   49	1	
   50	993	
   51	1172	
   52	1179	
   53	1181	
   54	1186	
   55	1193	
   56	1198	
   57	1204	
   58	1207	
   59	1216	
   60	1218	
   61	1222	
   62	1224	
   63	1226	
   64	1229	
   65	1232	
   66	1236	
   67	1242	
   68	1240	
   69	1244	
   70	1246	
   71	1246	
   72	1247	
   73	1250	
   74	1253	
   75	1254	
   76	1256	
   77	1262	
   78	1261	
   79	1262	
   80	1265	
   81	1268	
   82	1269	
   83	1270	
   84	1273	
   85	1269	
   86	1271	
   87	1272	
   88	1273	
   89	1273	
   90	1273	
   91	1275	
   92	1276	
   93	1270	
   94	1270	
   95	1270	
   96	1269	
   97	1270	
   98	1270	
   99	1263	
  100	1241	
  101	1198	
  102	1156	
  103	1116	
  104	1101	
  105	1096	
  106	1094	
  107	1091	
  108	1091	
  109	1091	
  110	1089	
  111	1090	
  112	1089	
  113	1088	
  114	1088	
  115	1082	
  116	1085	
  117	1085	
  118	1082	
  119	1083	
  120	1081	
  121	1081	
  122	4	
  123	2	
  124	1	
  125	1	
  126	1	
  127	2	
  128	2	
  129	1	
  130	1	
