    1	-11	
    2	-12	
    3	-11	
    4	-11	
    5	-11	
    6	-11	
    7	-12	
    8	-11	
    9	-11	
   10	-12	
   11	-12	
   12	-12	
   13	-12	
   14	-12	
   15	-12	
   16	-12	
   17	-12	
   18	-12	
   19	845	
   20	923	
   21	809	
   22	705	
   23	638	
   24	577	
   25	540	
   26	511	
   27	483	
   28	464	
   29	445	
   30	433	
   31	423	
   32	-4	
   33	-11	
   34	-11	
   35	-11	
   36	-12	
   37	-11	
   38	-12	
   39	-11	
   40	-11	
   41	-11	
   42	-12	
   43	-12	
   44	-12	
   45	-12	
   46	-12	
   47	-12	
   48	-12	
   49	398	
   50	656	
   51	845	
   52	867	
   53	877	
   54	886	
   55	896	
   56	900	
   57	905	
   58	909	
   59	908	
   60	909	
   61	910	
   62	911	
   63	909	
   64	905	
   65	902	
   66	902	
   67	897	
   68	895	
   69	892	
   70	891	
   71	890	
   72	884	
   73	885	
   74	881	
   75	881	
   76	880	
   77	879	
   78	875	
   79	873	
   80	873	
   81	875	
   82	875	
   83	872	
   84	876	
   85	875	
   86	877	
   87	879	
   88	877	
   89	877	
   90	878	
   91	878	
   92	878	
   93	876	
   94	874	
   95	877	
   96	877	
   97	877	
   98	879	
   99	882	
  100	888	
  101	899	
  102	915	
  103	925	
  104	924	
  105	913	
  106	910	
  107	908	
  108	908	
  109	908	
  110	906	
  111	907	
  112	909	
  113	909	
  114	908	
  115	908	
  116	908	
  117	907	
  118	907	
  119	907	
  120	908	
  121	908	
  122	906	
  123	120	
  124	-11	
  125	-11	
  126	-11	
  127	-12	
  128	-12	
  129	-11	
  130	-12	
  131	-12	
