    1	2	
    2	2	
    3	2	
    4	2	
    5	2	
    6	1	
    7	2	
    8	2	
    9	2	
   10	1	
   11	1	
   12	1	
   13	1	
   14	1	
   15	1	
   16	1	
   17	1	
   18	1	
   19	1	
   20	2047	
   21	2047	
   22	2047	
   23	2047	
   24	2047	
   25	2047	
   26	2047	
   27	2047	
   28	2047	
   29	2047	
   30	2047	
   31	2033	
   32	2005	
   33	287	
   34	3	
   35	2	
   36	2	
   37	2	
   38	2	
   39	2	
   40	2	
   41	2	
   42	1	
   43	1	
   44	1	
   45	1	
   46	1	
   47	1	
   48	1	
   49	1	
   50	1002	
   51	1163	
   52	1185	
   53	1188	
   54	1192	
   55	1200	
   56	1201	
   57	1205	
   58	1210	
   59	1212	
   60	1216	
   61	1218	
   62	1222	
   63	1226	
   64	1229	
   65	1231	
   66	1233	
   67	1240	
   68	1241	
   69	1241	
   70	1244	
   71	1245	
   72	1248	
   73	1250	
   74	1252	
   75	1256	
   76	1257	
   77	1261	
   78	1262	
   79	1262	
   80	1262	
   81	1264	
   82	1265	
   83	1268	
   84	1269	
   85	1274	
   86	1276	
   87	1274	
   88	1274	
   89	1275	
   90	1276	
   91	1276	
   92	1276	
   93	1274	
   94	1273	
   95	1275	
   96	1277	
   97	1278	
   98	1275	
   99	1272	
  100	1267	
  101	1248	
  102	1216	
  103	1180	
  104	1133	
  105	1111	
  106	1103	
  107	1098	
  108	1096	
  109	1094	
  110	1093	
  111	1092	
  112	1092	
  113	1092	
  114	1091	
  115	1092	
  116	1093	
  117	1092	
  118	1092	
  119	1089	
  120	1090	
  121	1090	
  122	1088	
  123	159	
  124	2	
  125	2	
  126	2	
  127	2	
  128	2	
  129	2	
  130	2	
  131	2	
