    1	-11	
    2	-11	
    3	-12	
    4	-12	
    5	-11	
    6	-11	
    7	-11	
    8	-12	
    9	-12	
   10	-11	
   11	-12	
   12	-12	
   13	-12	
   14	-12	
   15	-12	
   16	-12	
   17	-12	
   18	-12	
   19	-12	
   20	816	
   21	941	
   22	848	
   23	729	
   24	657	
   25	591	
   26	553	
   27	522	
   28	493	
   29	474	
   30	456	
   31	441	
   32	431	
   33	48	
   34	-11	
   35	-12	
   36	-12	
   37	-12	
   38	-11	
   39	-12	
   40	-12	
   41	-12	
   42	-12	
   43	-12	
   44	-12	
   45	-12	
   46	-12	
   47	-12	
   48	-12	
   49	-12	
   50	627	
   51	808	
   52	864	
   53	877	
   54	888	
   55	898	
   56	901	
   57	907	
   58	911	
   59	917	
   60	917	
   61	921	
   62	911	
   63	911	
   64	908	
   65	906	
   66	903	
   67	901	
   68	898	
   69	895	
   70	894	
   71	893	
   72	892	
   73	895	
   74	887	
   75	887	
   76	884	
   77	885	
   78	883	
   79	884	
   80	884	
   81	885	
   82	885	
   83	884	
   84	881	
   85	884	
   86	883	
   87	881	
   88	881	
   89	872	
   90	880	
   91	882	
   92	883	
   93	882	
   94	885	
   95	881	
   96	883	
   97	884	
   98	883	
   99	885	
  100	885	
  101	895	
  102	915	
  103	927	
  104	931	
  105	921	
  106	916	
  107	909	
  108	908	
  109	906	
  110	905	
  111	905	
  112	905	
  113	906	
  114	904	
  115	905	
  116	906	
  117	906	
  118	906	
  119	907	
  120	906	
  121	908	
  122	120	
  123	-11	
  124	-11	
  125	-12	
  126	-11	
  127	-11	
  128	-12	
  129	-12	
  130	-12	
