    1	-12	
    2	-12	
    3	-12	
    4	-12	
    5	-11	
    6	-11	
    7	-11	
    8	-11	
    9	-11	
   10	-11	
   11	-12	
   12	-11	
   13	-12	
   14	-12	
   15	-12	
   16	-11	
   17	-12	
   18	-12	
   19	792	
   20	917	
   21	818	
   22	708	
   23	639	
   24	588	
   25	540	
   26	511	
   27	484	
   28	466	
   29	450	
   30	434	
   31	424	
   32	-5	
   33	-11	
   34	-12	
   35	-12	
   36	-11	
   37	-12	
   38	-11	
   39	-12	
   40	-12	
   41	-12	
   42	-12	
   43	-12	
   44	-12	
   45	-12	
   46	-12	
   47	-12	
   48	-12	
   49	637	
   50	856	
   51	913	
   52	920	
   53	928	
   54	932	
   55	935	
   56	940	
   57	932	
   58	931	
   59	932	
   60	929	
   61	924	
   62	919	
   63	913	
   64	911	
   65	905	
   66	904	
   67	905	
   68	904	
   69	905	
   70	903	
   71	902	
   72	900	
   73	900	
   74	898	
   75	897	
   76	895	
   77	894	
   78	893	
   79	892	
   80	890	
   81	893	
   82	894	
   83	893	
   84	893	
   85	894	
   86	894	
   87	891	
   88	892	
   89	893	
   90	895	
   91	896	
   92	897	
   93	897	
   94	897	
   95	900	
   96	901	
   97	903	
   98	916	
   99	930	
  100	956	
  101	954	
  102	949	
  103	945	
  104	944	
  105	943	
  106	942	
  107	940	
  108	937	
  109	936	
  110	934	
  111	934	
  112	931	
  113	930	
  114	930	
  115	927	
  116	924	
  117	923	
  118	-11	
  119	-11	
  120	-11	
  121	-11	
  122	-11	
  123	-12	
  124	-12	
  125	-12	
