    1	2	
    2	2	
    3	2	
    4	2	
    5	2	
    6	2	
    7	2	
    8	2	
    9	2	
   10	2	
   11	1	
   12	2047	
   13	2047	
   14	2047	
   15	2047	
   16	2047	
   17	2047	
   18	2047	
   19	2047	
   20	2034	
   21	1999	
   22	1962	
   23	1937	
   24	1914	
   25	32	
   26	2	
   27	2	
   28	2	
   29	2	
   30	2	
   31	2	
   32	2	
   33	2	
   34	1	
   35	1	
   36	1	
   37	2	
   38	2	
   39	1	
   40	1	
   41	566	
   42	1028	
   43	1189	
   44	1189	
   45	1194	
   46	1198	
   47	1201	
   48	1205	
   49	1210	
   50	1213	
   51	1217	
   52	1220	
   53	1224	
   54	1227	
   55	1230	
   56	1234	
   57	1237	
   58	1242	
   59	1241	
   60	1243	
   61	1245	
   62	1249	
   63	1250	
   64	1253	
   65	1254	
   66	1256	
   67	1257	
   68	1260	
   69	1261	
   70	1261	
   71	1261	
   72	1265	
   73	1265	
   74	1268	
   75	1267	
   76	1269	
   77	1270	
   78	1272	
   79	1274	
   80	1273	
   81	1274	
   82	1273	
   83	1273	
   84	1273	
   85	1274	
   86	1276	
   87	1275	
   88	1273	
   89	1275	
   90	1273	
   91	1271	
   92	1259	
   93	1233	
   94	1179	
   95	1136	
   96	1113	
   97	1107	
   98	1096	
   99	1094	
  100	1093	
  101	1093	
  102	1095	
  103	1093	
  104	1095	
  105	1093	
  106	1092	
  107	1093	
  108	1096	
  109	1092	
  110	1092	
  111	1093	
  112	1094	
  113	19	
  114	2	
  115	2	
  116	2	
  117	2	
  118	2	
  119	2	
  120	2	
  121	2	
