    1	-11	
    2	-11	
    3	-12	
    4	-11	
    5	-12	
    6	-11	
    7	-12	
    8	-12	
    9	-12	
   10	-11	
   11	-11	
   12	-12	
   13	-11	
   14	-12	
   15	-12	
   16	-12	
   17	-12	
   18	-12	
   19	-12	
   20	793	
   21	921	
   22	803	
   23	718	
   24	633	
   25	584	
   26	547	
   27	511	
   28	489	
   29	437	
   30	426	
   31	49	
   32	-11	
   33	-11	
   34	-11	
   35	-11	
   36	-11	
   37	-11	
   38	-11	
   39	-12	
   40	-12	
   41	-12	
   42	-12	
   43	-12	
   44	-12	
   45	-11	
   46	-12	
   47	-12	
   48	-12	
   49	-12	
   50	619	
   51	862	
   52	893	
   53	912	
   54	924	
   55	929	
   56	937	
   57	940	
   58	945	
   59	943	
   60	943	
   61	941	
   62	940	
   63	935	
   64	932	
   65	929	
   66	926	
   67	922	
   68	920	
   69	917	
   70	914	
   71	912	
   72	911	
   73	907	
   74	905	
   75	902	
   76	901	
   77	900	
   78	900	
   79	897	
   80	896	
   81	896	
   82	895	
   83	894	
   84	895	
   85	893	
   86	895	
   87	892	
   88	893	
   89	892	
   90	893	
   91	895	
   92	895	
   93	895	
   94	897	
   95	898	
   96	900	
   97	901	
   98	901	
   99	908	
  100	921	
  101	943	
  102	960	
  103	961	
  104	952	
  105	943	
  106	938	
  107	935	
  108	933	
  109	933	
  110	933	
  111	933	
  112	932	
  113	931	
  114	931	
  115	925	
  116	924	
  117	123	
  118	-11	
  119	-11	
  120	-12	
  121	-12	
  122	-11	
  123	-12	
  124	-11	
  125	-12	
