    1	0	
    2	0	
    3	0	
    4	0	
    5	-1	
    6	0	
    7	0	
    8	0	
    9	0	
   10	-1	
   11	0	
   12	0	
   13	0	
   14	0	
   15	-1	
   16	-1	
   17	-1	
   18	-76	
   19	-55	
   20	-40	
   21	-35	
   22	-32	
   23	-31	
   24	-30	
   25	-29	
   26	-28	
   27	-27	
   28	-27	
   29	-27	
   30	-26	
   31	0	
   32	0	
   33	-1	
   34	-1	
   35	-1	
   36	0	
   37	0	
   38	-1	
   39	-1	
   40	-1	
   41	0	
   42	-1	
   43	-1	
   44	0	
   45	-1	
   46	0	
   47	0	
   48	0	
   49	-69	
   50	-99	
   51	-100	
   52	-105	
   53	-106	
   54	-105	
   55	-105	
   56	-106	
   57	-106	
   58	-107	
   59	-107	
   60	-107	
   61	-107	
   62	-108	
   63	-108	
   64	-108	
   65	-109	
   66	-108	
   67	-109	
   68	-109	
   69	-109	
   70	-109	
   71	-109	
   72	-109	
   73	-110	
   74	-110	
   75	-110	
   76	-110	
   77	-110	
   78	-110	
   79	-110	
   80	-110	
   81	-110	
   82	-110	
   83	-110	
   84	-110	
   85	-110	
   86	-111	
   87	-110	
   88	-110	
   89	-110	
   90	-110	
   91	-110	
   92	-110	
   93	-110	
   94	-111	
   95	-111	
   96	-111	
   97	-111	
   98	-111	
   99	-111	
  100	-107	
  101	-106	
  102	-104	
  103	-103	
  104	-103	
  105	-103	
  106	-103	
  107	-103	
  108	-103	
  109	-103	
  110	-103	
  111	-103	
  112	-103	
  113	-103	
  114	-103	
  115	-103	
  116	-103	
  117	-103	
  118	-103	
  119	-103	
  120	-103	
  121	-2	
  122	-1	
  123	0	
  124	0	
  125	0	
  126	0	
  127	0	
  128	-1	
  129	0	
