    1	-12	
    2	-12	
    3	-11	
    4	-11	
    5	-12	
    6	-11	
    7	-12	
    8	-11	
    9	-11	
   10	-12	
   11	-12	
   12	-12	
   13	-12	
   14	-12	
   15	-12	
   16	-12	
   17	-12	
   18	718	
   19	845	
   20	774	
   21	686	
   22	604	
   23	556	
   24	519	
   25	483	
   26	460	
   27	439	
   28	425	
   29	413	
   30	401	
   31	45	
   32	-11	
   33	-11	
   34	-12	
   35	-12	
   36	-12	
   37	-11	
   38	-11	
   39	-11	
   40	-11	
   41	-12	
   42	-12	
   43	-12	
   44	-12	
   45	-12	
   46	-12	
   47	-12	
   48	-12	
   49	632	
   50	836	
   51	870	
   52	886	
   53	895	
   54	910	
   55	913	
   56	919	
   57	924	
   58	922	
   59	917	
   60	919	
   61	916	
   62	913	
   63	911	
   64	908	
   65	907	
   66	902	
   67	901	
   68	897	
   69	896	
   70	896	
   71	891	
   72	893	
   73	887	
   74	885	
   75	884	
   76	881	
   77	881	
   78	880	
   79	878	
   80	879	
   81	877	
   82	879	
   83	873	
   84	872	
   85	872	
   86	874	
   87	869	
   88	869	
   89	869	
   90	872	
   91	873	
   92	877	
   93	876	
   94	880	
   95	881	
   96	881	
   97	883	
   98	885	
   99	889	
  100	935	
  101	947	
  102	941	
  103	934	
  104	927	
  105	925	
  106	923	
  107	919	
  108	918	
  109	917	
  110	914	
  111	913	
  112	912	
  113	913	
  114	914	
  115	911	
  116	910	
  117	909	
  118	905	
  119	904	
  120	902	
  121	4	
  122	-11	
  123	-11	
  124	-12	
  125	-11	
  126	-12	
  127	-11	
  128	-12	
  129	-11	
