    1	-12	
    2	-11	
    3	-11	
    4	-11	
    5	-11	
    6	-12	
    7	-12	
    8	-11	
    9	-11	
   10	-11	
   11	-11	
   12	-12	
   13	-12	
   14	-12	
   15	-12	
   16	-12	
   17	-11	
   18	-12	
   19	-12	
   20	781	
   21	909	
   22	803	
   23	715	
   24	646	
   25	583	
   26	544	
   27	507	
   28	485	
   29	465	
   30	446	
   31	435	
   32	422	
   33	47	
   34	-11	
   35	-11	
   36	-11	
   37	-11	
   38	-11	
   39	-12	
   40	-11	
   41	-12	
   42	-11	
   43	-12	
   44	-12	
   45	-12	
   46	-12	
   47	-12	
   48	-12	
   49	-12	
   50	-12	
   51	621	
   52	862	
   53	880	
   54	898	
   55	916	
   56	931	
   57	936	
   58	940	
   59	944	
   60	946	
   61	950	
   62	947	
   63	944	
   64	942	
   65	936	
   66	931	
   67	925	
   68	926	
   69	924	
   70	921	
   71	919	
   72	914	
   73	911	
   74	912	
   75	909	
   76	907	
   77	909	
   78	908	
   79	906	
   80	907	
   81	905	
   82	904	
   83	906	
   84	904	
   85	907	
   86	905	
   87	905	
   88	906	
   89	906	
   90	909	
   91	908	
   92	910	
   93	907	
   94	907	
   95	909	
   96	909	
   97	908	
   98	910	
   99	913	
  100	916	
  101	927	
  102	945	
  103	972	
  104	973	
  105	964	
  106	958	
  107	956	
  108	952	
  109	949	
  110	944	
  111	945	
  112	946	
  113	947	
  114	945	
  115	944	
  116	944	
  117	942	
  118	939	
  119	939	
  120	937	
  121	937	
  122	935	
  123	4	
  124	-11	
  125	-11	
  126	-11	
  127	-11	
  128	-11	
  129	-12	
  130	-11	
  131	-12	
