    1	2	
    2	2	
    3	2	
    4	2	
    5	2	
    6	2	
    7	2	
    8	2	
    9	2	
   10	2	
   11	2	
   12	2	
   13	1	
   14	2	
   15	2	
   16	2	
   17	2	
   18	2	
   19	2	
   20	2047	
   21	2047	
   22	2047	
   23	2047	
   24	2047	
   25	2047	
   26	2047	
   27	2047	
   28	2047	
   29	2047	
   30	2021	
   31	1991	
   32	1961	
   33	280	
   34	3	
   35	2	
   36	2	
   37	2	
   38	2	
   39	2	
   40	2	
   41	2	
   42	2	
   43	2	
   44	2	
   45	2	
   46	2	
   47	2	
   48	2	
   49	2	
   50	2	
   51	2	
   52	992	
   53	1166	
   54	1164	
   55	1173	
   56	1178	
   57	1186	
   58	1190	
   59	1192	
   60	1194	
   61	1199	
   62	1203	
   63	1206	
   64	1211	
   65	1216	
   66	1218	
   67	1221	
   68	1224	
   69	1229	
   70	1231	
   71	1236	
   72	1237	
   73	1240	
   74	1240	
   75	1242	
   76	1243	
   77	1246	
   78	1246	
   79	1243	
   80	1244	
   81	1246	
   82	1247	
   83	1246	
   84	1249	
   85	1248	
   86	1250	
   87	1250	
   88	1254	
   89	1251	
   90	1253	
   91	1254	
   92	1254	
   93	1253	
   94	1252	
   95	1252	
   96	1248	
   97	1248	
   98	1246	
   99	1236	
  100	1202	
  101	1160	
  102	1123	
  103	1093	
  104	1085	
  105	1084	
  106	1081	
  107	1082	
  108	1082	
  109	1080	
  110	1083	
  111	1081	
  112	1082	
  113	1082	
  114	1081	
  115	1082	
  116	1083	
  117	1084	
  118	1083	
  119	158	
  120	2	
  121	2	
  122	2	
  123	2	
  124	2	
  125	2	
  126	2	
  127	2	
