    1	2	
    2	2	
    3	2	
    4	2	
    5	1	
    6	2	
    7	2	
    8	2	
    9	2	
   10	2	
   11	2	
   12	2	
   13	2	
   14	2	
   15	2	
   16	1	
   17	1	
   18	2	
   19	2	
   20	2047	
   21	2047	
   22	2047	
   23	2047	
   24	2047	
   25	2047	
   26	2047	
   27	2047	
   28	2047	
   29	2047	
   30	2041	
   31	2013	
   32	1979	
   33	280	
   34	3	
   35	2	
   36	2	
   37	2	
   38	2	
   39	2	
   40	2	
   41	2	
   42	2	
   43	2	
   44	2	
   45	2	
   46	2	
   47	2	
   48	2	
   49	2	
   50	2	
   51	2	
   52	1017	
   53	1161	
   54	1169	
   55	1171	
   56	1177	
   57	1181	
   58	1182	
   59	1185	
   60	1192	
   61	1196	
   62	1199	
   63	1200	
   64	1204	
   65	1209	
   66	1213	
   67	1216	
   68	1217	
   69	1217	
   70	1219	
   71	1221	
   72	1226	
   73	1228	
   74	1230	
   75	1232	
   76	1234	
   77	1234	
   78	1236	
   79	1241	
   80	1242	
   81	1243	
   82	1242	
   83	1243	
   84	1244	
   85	1246	
   86	1247	
   87	1248	
   88	1251	
   89	1252	
   90	1252	
   91	1252	
   92	1252	
   93	1253	
   94	1252	
   95	1254	
   96	1254	
   97	1252	
   98	1254	
   99	1251	
  100	1252	
  101	1252	
  102	1250	
  103	1247	
  104	1225	
  105	1156	
  106	1122	
  107	1096	
  108	1085	
  109	1084	
  110	1082	
  111	1081	
  112	1078	
  113	1079	
  114	1079	
  115	1080	
  116	1079	
  117	1080	
  118	1076	
  119	1080	
  120	1077	
  121	1077	
  122	1077	
  123	1076	
  124	1076	
  125	159	
  126	2	
  127	2	
  128	2	
  129	2	
  130	2	
  131	2	
  132	2	
  133	2	
