    1	-11	
    2	-12	
    3	-11	
    4	-11	
    5	-11	
    6	-11	
    7	-11	
    8	-12	
    9	-11	
   10	-11	
   11	-12	
   12	-11	
   13	-12	
   14	-11	
   15	-12	
   16	-12	
   17	-12	
   18	-12	
   19	-12	
   20	737	
   21	909	
   22	820	
   23	704	
   24	634	
   25	580	
   26	532	
   27	503	
   28	475	
   29	455	
   30	440	
   31	424	
   32	415	
   33	46	
   34	-11	
   35	-11	
   36	-11	
   37	-11	
   38	-12	
   39	-11	
   40	-12	
   41	-12	
   42	-12	
   43	-12	
   44	-12	
   45	-12	
   46	-12	
   47	-11	
   48	-12	
   49	607	
   50	835	
   51	881	
   52	920	
   53	931	
   54	938	
   55	947	
   56	951	
   57	953	
   58	952	
   59	947	
   60	948	
   61	943	
   62	940	
   63	939	
   64	941	
   65	939	
   66	934	
   67	930	
   68	928	
   69	925	
   70	923	
   71	924	
   72	917	
   73	918	
   74	917	
   75	913	
   76	914	
   77	909	
   78	909	
   79	909	
   80	908	
   81	908	
   82	906	
   83	903	
   84	906	
   85	906	
   86	908	
   87	907	
   88	911	
   89	913	
   90	910	
   91	909	
   92	910	
   93	910	
   94	912	
   95	915	
   96	916	
   97	917	
   98	924	
   99	939	
  100	966	
  101	983	
  102	969	
  103	966	
  104	963	
  105	964	
  106	958	
  107	955	
  108	955	
  109	955	
  110	950	
  111	948	
  112	947	
  113	943	
  114	943	
  115	942	
  116	943	
  117	123	
  118	-11	
  119	-12	
  120	-11	
  121	-11	
  122	-12	
  123	-11	
  124	-11	
  125	-11	
