    1	-12	
    2	-12	
    3	-11	
    4	-11	
    5	-12	
    6	-11	
    7	-11	
    8	-11	
    9	-11	
   10	-11	
   11	-12	
   12	-12	
   13	-12	
   14	-12	
   15	-12	
   16	-11	
   17	-12	
   18	-12	
   19	793	
   20	901	
   21	796	
   22	690	
   23	623	
   24	571	
   25	527	
   26	503	
   27	479	
   28	463	
   29	449	
   30	434	
   31	424	
   32	-5	
   33	-11	
   34	-11	
   35	-11	
   36	-12	
   37	-11	
   38	-11	
   39	-11	
   40	-11	
   41	-11	
   42	-12	
   43	-12	
   44	-11	
   45	-12	
   46	-12	
   47	-11	
   48	-12	
   49	-12	
   50	398	
   51	644	
   52	872	
   53	895	
   54	916	
   55	931	
   56	940	
   57	949	
   58	954	
   59	955	
   60	954	
   61	951	
   62	947	
   63	943	
   64	939	
   65	938	
   66	932	
   67	924	
   68	922	
   69	918	
   70	919	
   71	917	
   72	914	
   73	912	
   74	911	
   75	909	
   76	907	
   77	909	
   78	907	
   79	906	
   80	906	
   81	906	
   82	903	
   83	906	
   84	906	
   85	906	
   86	903	
   87	904	
   88	905	
   89	906	
   90	905	
   91	906	
   92	906	
   93	905	
   94	906	
   95	910	
   96	906	
   97	904	
   98	906	
   99	908	
  100	912	
  101	914	
  102	920	
  103	928	
  104	955	
  105	971	
  106	962	
  107	956	
  108	952	
  109	948	
  110	947	
  111	942	
  112	940	
  113	940	
  114	939	
  115	938	
  116	938	
  117	937	
  118	937	
  119	935	
  120	934	
  121	932	
  122	931	
  123	927	
  124	927	
  125	122	
  126	-11	
  127	-11	
  128	-11	
  129	-11	
  130	-11	
  131	-11	
  132	-11	
  133	-11	
