    1	-1	
    2	0	
    3	-1	
    4	0	
    5	-1	
    6	-1	
    7	-1	
    8	0	
    9	-1	
   10	-1	
   11	-1	
   12	-1	
   13	-1	
   14	-1	
   15	0	
   16	0	
   17	-1	
   18	0	
   19	-79	
   20	-55	
   21	-40	
   22	-35	
   23	-31	
   24	-30	
   25	-29	
   26	-28	
   27	-27	
   28	-26	
   29	-26	
   30	-26	
   31	-25	
   32	1	
   33	0	
   34	0	
   35	-1	
   36	-1	
   37	0	
   38	0	
   39	0	
   40	0	
   41	0	
   42	-1	
   43	0	
   44	-1	
   45	0	
   46	0	
   47	-1	
   48	-1	
   49	0	
   50	-63	
   51	-98	
   52	-100	
   53	-107	
   54	-107	
   55	-108	
   56	-109	
   57	-110	
   58	-110	
   59	-111	
   60	-111	
   61	-112	
   62	-112	
   63	-112	
   64	-112	
   65	-112	
   66	-112	
   67	-112	
   68	-112	
   69	-112	
   70	-112	
   71	-113	
   72	-112	
   73	-113	
   74	-113	
   75	-113	
   76	-113	
   77	-113	
   78	-113	
   79	-113	
   80	-113	
   81	-113	
   82	-113	
   83	-113	
   84	-114	
   85	-114	
   86	-114	
   87	-114	
   88	-114	
   89	-114	
   90	-114	
   91	-114	
   92	-114	
   93	-115	
   94	-114	
   95	-114	
   96	-115	
   97	-115	
   98	-115	
   99	-115	
  100	-115	
  101	-115	
  102	-115	
  103	-114	
  104	-113	
  105	-110	
  106	-108	
  107	-107	
  108	-107	
  109	-107	
  110	-107	
  111	-107	
  112	-107	
  113	-107	
  114	-107	
  115	-107	
  116	-107	
  117	-107	
  118	-107	
  119	-107	
  120	-107	
  121	-106	
  122	-106	
  123	-106	
  124	-106	
  125	-2	
  126	0	
  127	0	
  128	-1	
  129	-1	
  130	0	
  131	0	
  132	0	
  133	-1	
