    1	-12	
    2	-11	
    3	-11	
    4	-11	
    5	-11	
    6	-11	
    7	-11	
    8	-12	
    9	-11	
   10	-12	
   11	-12	
   12	-12	
   13	-12	
   14	-12	
   15	-12	
   16	-11	
   17	-12	
   18	-12	
   19	-12	
   20	845	
   21	936	
   22	822	
   23	711	
   24	644	
   25	593	
   26	545	
   27	507	
   28	483	
   29	467	
   30	454	
   31	438	
   32	429	
   33	-11	
   34	-11	
   35	-12	
   36	-11	
   37	-12	
   38	-11	
   39	-11	
   40	-12	
   41	-11	
   42	-12	
   43	-12	
   44	-11	
   45	-12	
   46	-11	
   47	-11	
   48	-12	
   49	-12	
   50	581	
   51	783	
   52	886	
   53	918	
   54	928	
   55	936	
   56	944	
   57	945	
   58	954	
   59	952	
   60	950	
   61	950	
   62	950	
   63	948	
   64	948	
   65	944	
   66	944	
   67	943	
   68	937	
   69	935	
   70	931	
   71	929	
   72	924	
   73	922	
   74	922	
   75	923	
   76	923	
   77	924	
   78	922	
   79	928	
   80	924	
   81	925	
   82	921	
   83	920	
   84	921	
   85	920	
   86	919	
   87	920	
   88	917	
   89	917	
   90	916	
   91	920	
   92	916	
   93	917	
   94	921	
   95	919	
   96	920	
   97	921	
   98	928	
   99	931	
  100	931	
  101	928	
  102	931	
  103	937	
  104	947	
  105	975	
  106	980	
  107	978	
  108	976	
  109	972	
  110	969	
  111	966	
  112	962	
  113	962	
  114	958	
  115	957	
  116	952	
  117	952	
  118	948	
  119	946	
  120	945	
  121	946	
  122	943	
  123	941	
  124	940	
  125	123	
  126	-11	
  127	-11	
  128	-11	
  129	-11	
  130	-12	
  131	-12	
  132	-12	
  133	-12	
