    1	-12	
    2	-11	
    3	-11	
    4	-11	
    5	-12	
    6	-11	
    7	-11	
    8	-11	
    9	-11	
   10	-11	
   11	-12	
   12	-12	
   13	-11	
   14	-12	
   15	-12	
   16	-11	
   17	-11	
   18	-12	
   19	-12	
   20	809	
   21	928	
   22	819	
   23	707	
   24	639	
   25	592	
   26	546	
   27	518	
   28	489	
   29	471	
   30	455	
   31	438	
   32	427	
   33	-4	
   34	-11	
   35	-11	
   36	-11	
   37	-11	
   38	-11	
   39	-11	
   40	-11	
   41	-11	
   42	-11	
   43	-12	
   44	-12	
   45	-11	
   46	-12	
   47	-12	
   48	-11	
   49	-12	
   50	621	
   51	863	
   52	893	
   53	923	
   54	930	
   55	939	
   56	943	
   57	950	
   58	949	
   59	952	
   60	949	
   61	953	
   62	946	
   63	946	
   64	940	
   65	933	
   66	932	
   67	930	
   68	929	
   69	925	
   70	928	
   71	927	
   72	921	
   73	923	
   74	920	
   75	920	
   76	918	
   77	920	
   78	920	
   79	919	
   80	916	
   81	913	
   82	920	
   83	917	
   84	918	
   85	913	
   86	912	
   87	910	
   88	911	
   89	913	
   90	917	
   91	917	
   92	914	
   93	914	
   94	916	
   95	919	
   96	916	
   97	919	
   98	917	
   99	920	
  100	922	
  101	922	
  102	929	
  103	942	
  104	976	
  105	982	
  106	978	
  107	971	
  108	969	
  109	968	
  110	963	
  111	961	
  112	959	
  113	956	
  114	955	
  115	952	
  116	953	
  117	952	
  118	949	
  119	947	
  120	946	
  121	942	
  122	943	
  123	944	
  124	-9	
  125	-11	
  126	-11	
  127	-11	
  128	-12	
  129	-12	
  130	-12	
  131	-12	
  132	-11	
