    1	-11	
    2	-11	
    3	-11	
    4	-11	
    5	-11	
    6	-11	
    7	-11	
    8	-11	
    9	-11	
   10	-11	
   11	-11	
   12	-11	
   13	-11	
   14	-11	
   15	-11	
   16	-11	
   17	-12	
   18	-12	
   19	-11	
   20	799	
   21	953	
   22	867	
   23	753	
   24	680	
   25	611	
   26	548	
   27	522	
   28	501	
   29	479	
   30	464	
   31	453	
   32	440	
   33	-10	
   34	-11	
   35	-11	
   36	-11	
   37	-11	
   38	-11	
   39	-11	
   40	-11	
   41	-11	
   42	-11	
   43	-11	
   44	-11	
   45	-11	
   46	-11	
   47	-12	
   48	562	
   49	764	
   50	865	
   51	909	
   52	925	
   53	933	
   54	938	
   55	943	
   56	944	
   57	949	
   58	951	
   59	951	
   60	947	
   61	943	
   62	937	
   63	935	
   64	931	
   65	927	
   66	925	
   67	927	
   68	925	
   69	921	
   70	923	
   71	920	
   72	921	
   73	918	
   74	915	
   75	918	
   76	916	
   77	912	
   78	917	
   79	917	
   80	921	
   81	918	
   82	915	
   83	913	
   84	915	
   85	911	
   86	912	
   87	913	
   88	913	
   89	912	
   90	909	
   91	908	
   92	911	
   93	909	
   94	908	
   95	910	
   96	912	
   97	916	
   98	917	
   99	919	
  100	922	
  101	931	
  102	951	
  103	989	
  104	987	
  105	980	
  106	975	
  107	974	
  108	972	
  109	966	
  110	968	
  111	967	
  112	965	
  113	962	
  114	960	
  115	957	
  116	957	
  117	954	
  118	951	
  119	949	
  120	944	
  121	944	
  122	945	
  123	123	
  124	-11	
  125	-11	
  126	-11	
  127	-11	
  128	-11	
  129	-11	
  130	-11	
  131	-11	
