    1	-1	
    2	-1	
    3	0	
    4	-1	
    5	0	
    6	-1	
    7	-1	
    8	-1	
    9	0	
   10	0	
   11	0	
   12	0	
   13	0	
   14	0	
   15	-1	
   16	0	
   17	0	
   18	0	
   19	-1	
   20	-71	
   21	-55	
   22	-39	
   23	-34	
   24	-31	
   25	-29	
   26	-28	
   27	-28	
   28	-27	
   29	-27	
   30	-26	
   31	-26	
   32	-25	
   33	1	
   34	-1	
   35	-1	
   36	-1	
   37	0	
   38	0	
   39	0	
   40	0	
   41	0	
   42	-1	
   43	0	
   44	0	
   45	0	
   46	0	
   47	-1	
   48	0	
   49	-1	
   50	-1	
   51	-1	
   52	8	
   53	-72	
   54	-100	
   55	-106	
   56	-107	
   57	-108	
   58	-109	
   59	-110	
   60	-110	
   61	-110	
   62	-110	
   63	-111	
   64	-112	
   65	-112	
   66	-112	
   67	-112	
   68	-112	
   69	-112	
   70	-112	
   71	-112	
   72	-112	
   73	-112	
   74	-113	
   75	-113	
   76	-113	
   77	-113	
   78	-113	
   79	-113	
   80	-113	
   81	-114	
   82	-114	
   83	-114	
   84	-114	
   85	-114	
   86	-114	
   87	-114	
   88	-114	
   89	-115	
   90	-115	
   91	-114	
   92	-114	
   93	-114	
   94	-114	
   95	-114	
   96	-114	
   97	-114	
   98	-114	
   99	-114	
  100	-114	
  101	-114	
  102	-115	
  103	-115	
  104	-115	
  105	-114	
  106	-113	
  107	-112	
  108	-109	
  109	-107	
  110	-107	
  111	-107	
  112	-107	
  113	-106	
  114	-106	
  115	-106	
  116	-106	
  117	-107	
  118	-107	
  119	-107	
  120	-107	
  121	-107	
  122	-107	
  123	-107	
  124	-106	
  125	-107	
  126	-107	
  127	0	
  128	0	
  129	-1	
  130	0	
  131	0	
  132	-1	
  133	-1	
  134	-1	
