    1	2	
    2	2	
    3	2	
    4	2	
    5	2	
    6	2	
    7	2	
    8	1	
    9	1	
   10	1	
   11	1	
   12	1	
   13	1	
   14	2	
   15	1	
   16	1	
   17	1	
   18	1	
   19	1	
   20	2047	
   21	2047	
   22	2047	
   23	2047	
   24	2047	
   25	2047	
   26	2047	
   27	2047	
   28	2047	
   29	2047	
   30	2047	
   31	2047	
   32	2047	
   33	7	
   34	2	
   35	2	
   36	2	
   37	2	
   38	2	
   39	2	
   40	2	
   41	1	
   42	1	
   43	1	
   44	1	
   45	1	
   46	2	
   47	1	
   48	857	
   49	1100	
   50	1167	
   51	1170	
   52	1177	
   53	1181	
   54	1184	
   55	1188	
   56	1189	
   57	1195	
   58	1200	
   59	1205	
   60	1207	
   61	1209	
   62	1209	
   63	1212	
   64	1216	
   65	1216	
   66	1219	
   67	1225	
   68	1227	
   69	1228	
   70	1233	
   71	1234	
   72	1239	
   73	1240	
   74	1240	
   75	1245	
   76	1245	
   77	1244	
   78	1251	
   79	1253	
   80	1259	
   81	1258	
   82	1256	
   83	1256	
   84	1259	
   85	1257	
   86	1260	
   87	1261	
   88	1261	
   89	1260	
   90	1257	
   91	1256	
   92	1258	
   93	1255	
   94	1254	
   95	1254	
   96	1255	
   97	1257	
   98	1257	
   99	1258	
  100	1256	
  101	1246	
  102	1220	
  103	1164	
  104	1123	
  105	1105	
  106	1102	
  107	1102	
  108	1103	
  109	1099	
  110	1102	
  111	1103	
  112	1103	
  113	1102	
  114	1102	
  115	1102	
  116	1103	
  117	1102	
  118	1101	
  119	1101	
  120	1099	
  121	1100	
  122	1101	
  123	160	
  124	2	
  125	2	
  126	2	
  127	2	
  128	1	
  129	2	
  130	2	
  131	2	
