    1	0	
    2	-1	
    3	-1	
    4	-1	
    5	0	
    6	0	
    7	-1	
    8	0	
    9	-1	
   10	0	
   11	-1	
   12	0	
   13	-1	
   14	0	
   15	-1	
   16	0	
   17	-1	
   18	-89	
   19	-57	
   20	-42	
   21	-35	
   22	-33	
   23	-31	
   24	-30	
   25	-29	
   26	-28	
   27	-28	
   28	-27	
   29	-27	
   30	-26	
   31	1	
   32	-1	
   33	-1	
   34	0	
   35	-1	
   36	0	
   37	-1	
   38	-1	
   39	-1	
   40	-1	
   41	-1	
   42	-1	
   43	-1	
   44	-1	
   45	-1	
   46	0	
   47	6	
   48	-73	
   49	-103	
   50	-106	
   51	-107	
   52	-108	
   53	-108	
   54	-109	
   55	-109	
   56	-109	
   57	-110	
   58	-110	
   59	-110	
   60	-111	
   61	-111	
   62	-112	
   63	-112	
   64	-112	
   65	-113	
   66	-113	
   67	-113	
   68	-114	
   69	-114	
   70	-114	
   71	-114	
   72	-114	
   73	-114	
   74	-114	
   75	-114	
   76	-114	
   77	-114	
   78	-114	
   79	-114	
   80	-114	
   81	-114	
   82	-114	
   83	-114	
   84	-114	
   85	-115	
   86	-115	
   87	-115	
   88	-116	
   89	-116	
   90	-116	
   91	-116	
   92	-116	
   93	-116	
   94	-115	
   95	-115	
   96	-115	
   97	-116	
   98	-116	
   99	-116	
  100	-115	
  101	-114	
  102	-113	
  103	-111	
  104	-110	
  105	-109	
  106	-109	
  107	-109	
  108	-109	
  109	-108	
  110	-109	
  111	-109	
  112	-108	
  113	-109	
  114	-108	
  115	-108	
  116	-108	
  117	-109	
  118	-109	
  119	-109	
  120	-108	
  121	-108	
  122	-7	
  123	-1	
  124	-1	
  125	-1	
  126	-1	
  127	0	
  128	0	
  129	0	
  130	0	
