    1	2	
    2	2	
    3	2	
    4	2	
    5	2	
    6	2	
    7	2	
    8	2	
    9	2	
   10	2	
   11	2	
   12	2	
   13	2	
   14	810	
   15	2047	
   16	2047	
   17	2047	
   18	2047	
   19	2047	
   20	2047	
   21	2047	
   22	2047	
   23	2031	
   24	2028	
   25	2010	
   26	1986	
   27	289	
   28	3	
   29	2	
   30	2	
   31	2	
   32	2	
   33	2	
   34	2	
   35	2	
   36	2	
   37	2	
   38	2	
   39	2	
   40	2	
   41	1	
   42	1	
   43	1	
   44	1	
   45	2	
   46	1003	
   47	1181	
   48	1183	
   49	1193	
   50	1203	
   51	1208	
   52	1206	
   53	1211	
   54	1216	
   55	1220	
   56	1226	
   57	1230	
   58	1232	
   59	1233	
   60	1235	
   61	1238	
   62	1239	
   63	1244	
   64	1247	
   65	1248	
   66	1248	
   67	1250	
   68	1251	
   69	1256	
   70	1257	
   71	1265	
   72	1265	
   73	1265	
   74	1265	
   75	1265	
   76	1265	
   77	1264	
   78	1265	
   79	1264	
   80	1267	
   81	1268	
   82	1270	
   83	1269	
   84	1270	
   85	1275	
   86	1276	
   87	1274	
   88	1279	
   89	1277	
   90	1276	
   91	1275	
   92	1279	
   93	1269	
   94	1274	
   95	1273	
   96	1273	
   97	1272	
   98	1269	
   99	1254	
  100	1216	
  101	1163	
  102	1132	
  103	1111	
  104	1099	
  105	1098	
  106	1093	
  107	1093	
  108	1092	
  109	1093	
  110	1093	
  111	1093	
  112	1094	
  113	1094	
  114	1096	
  115	1096	
  116	1099	
  117	1100	
  118	1100	
  119	1100	
  120	1100	
  121	4	
  122	2	
  123	2	
  124	2	
  125	2	
  126	2	
  127	2	
  128	2	
  129	2	
