    1	1	
    2	2	
    3	1	
    4	2	
    5	1	
    6	2	
    7	1	
    8	2	
    9	2	
   10	2	
   11	1	
   12	1	
   13	1	
   14	1	
   15	1	
   16	1	
   17	1	
   18	2047	
   19	2047	
   20	2047	
   21	2047	
   22	2047	
   23	2047	
   24	2047	
   25	2047	
   26	2047	
   27	2047	
   28	2047	
   29	2047	
   30	2024	
   31	34	
   32	2	
   33	2	
   34	2	
   35	2	
   36	2	
   37	2	
   38	2	
   39	2	
   40	2	
   41	1	
   42	1	
   43	1	
   44	1	
   45	1	
   46	1	
   47	1	
   48	1	
   49	876	
   50	1116	
   51	1188	
   52	1182	
   53	1186	
   54	1189	
   55	1192	
   56	1196	
   57	1200	
   58	1204	
   59	1206	
   60	1212	
   61	1217	
   62	1221	
   63	1222	
   64	1224	
   65	1228	
   66	1231	
   67	1236	
   68	1236	
   69	1240	
   70	1243	
   71	1243	
   72	1247	
   73	1250	
   74	1252	
   75	1255	
   76	1257	
   77	1257	
   78	1256	
   79	1256	
   80	1256	
   81	1257	
   82	1260	
   83	1260	
   84	1261	
   85	1261	
   86	1260	
   87	1260	
   88	1260	
   89	1258	
   90	1260	
   91	1260	
   92	1262	
   93	1261	
   94	1266	
   95	1268	
   96	1269	
   97	1268	
   98	1268	
   99	1266	
  100	1267	
  101	1264	
  102	1238	
  103	1199	
  104	1150	
  105	1117	
  106	1106	
  107	1104	
  108	1103	
  109	1103	
  110	1104	
  111	1104	
  112	1104	
  113	1102	
  114	1101	
  115	1102	
  116	1105	
  117	1104	
  118	1104	
  119	1100	
  120	1098	
  121	1101	
  122	1103	
  123	171	
  124	2	
  125	2	
  126	2	
  127	2	
  128	2	
  129	1	
  130	1	
  131	1	
