    1	-1	
    2	-1	
    3	-1	
    4	-1	
    5	0	
    6	-1	
    7	0	
    8	0	
    9	0	
   10	0	
   11	0	
   12	0	
   13	0	
   14	0	
   15	-1	
   16	-1	
   17	-1	
   18	-1	
   19	-86	
   20	-56	
   21	-40	
   22	-35	
   23	-31	
   24	-30	
   25	-28	
   26	-28	
   27	-27	
   28	-26	
   29	-26	
   30	-26	
   31	-25	
   32	-25	
   33	-1	
   34	-1	
   35	-1	
   36	0	
   37	0	
   38	-1	
   39	0	
   40	-1	
   41	0	
   42	0	
   43	0	
   44	-1	
   45	-1	
   46	-1	
   47	-1	
   48	0	
   49	0	
   50	0	
   51	-70	
   52	-99	
   53	-104	
   54	-107	
   55	-108	
   56	-108	
   57	-109	
   58	-109	
   59	-110	
   60	-110	
   61	-110	
   62	-111	
   63	-111	
   64	-111	
   65	-111	
   66	-111	
   67	-111	
   68	-111	
   69	-111	
   70	-112	
   71	-112	
   72	-112	
   73	-112	
   74	-112	
   75	-112	
   76	-112	
   77	-112	
   78	-112	
   79	-112	
   80	-112	
   81	-112	
   82	-112	
   83	-113	
   84	-113	
   85	-112	
   86	-113	
   87	-113	
   88	-113	
   89	-113	
   90	-113	
   91	-114	
   92	-114	
   93	-114	
   94	-113	
   95	-113	
   96	-113	
   97	-114	
   98	-114	
   99	-113	
  100	-113	
  101	-114	
  102	-113	
  103	-113	
  104	-110	
  105	-108	
  106	-106	
  107	-106	
  108	-106	
  109	-106	
  110	-106	
  111	-106	
  112	-106	
  113	-105	
  114	-105	
  115	-105	
  116	-105	
  117	-105	
  118	-105	
  119	-105	
  120	-105	
  121	-105	
  122	-105	
  123	-105	
  124	0	
  125	0	
  126	0	
  127	0	
  128	-1	
  129	0	
  130	0	
  131	0	
