    1	2	
    2	2	
    3	1	
    4	1	
    5	1	
    6	1	
    7	1	
    8	1	
    9	1	
   10	1	
   11	1	
   12	1	
   13	1	
   14	1	
   15	1	
   16	1	
   17	1	
   18	1	
   19	1	
   20	1	
   21	2047	
   22	2047	
   23	2047	
   24	2047	
   25	2047	
   26	2047	
   27	2047	
   28	2047	
   29	2047	
   30	2047	
   31	2047	
   32	2033	
   33	1998	
   34	34	
   35	2	
   36	2	
   37	1	
   38	1	
   39	1	
   40	1	
   41	1	
   42	1	
   43	1	
   44	1	
   45	1	
   46	1	
   47	1	
   48	1	
   49	1	
   50	1022	
   51	1181	
   52	1182	
   53	1179	
   54	1181	
   55	1187	
   56	1193	
   57	1196	
   58	1197	
   59	1200	
   60	1205	
   61	1208	
   62	1212	
   63	1210	
   64	1214	
   65	1219	
   66	1222	
   67	1229	
   68	1231	
   69	1234	
   70	1240	
   71	1242	
   72	1244	
   73	1247	
   74	1247	
   75	1248	
   76	1249	
   77	1253	
   78	1253	
   79	1253	
   80	1253	
   81	1255	
   82	1257	
   83	1259	
   84	1260	
   85	1261	
   86	1262	
   87	1262	
   88	1268	
   89	1265	
   90	1266	
   91	1269	
   92	1268	
   93	1269	
   94	1268	
   95	1268	
   96	1267	
   97	1266	
   98	1266	
   99	1266	
  100	1266	
  101	1265	
  102	1262	
  103	1255	
  104	1225	
  105	1168	
  106	1132	
  107	1111	
  108	1103	
  109	1101	
  110	1101	
  111	1104	
  112	1104	
  113	1104	
  114	1105	
  115	1105	
  116	1105	
  117	1105	
  118	1105	
  119	1105	
  120	1102	
  121	1100	
  122	1102	
  123	1101	
  124	1102	
  125	1101	
  126	4	
  127	2	
  128	1	
  129	2	
  130	1	
  131	1	
  132	1	
  133	2	
  134	1	
