    1	0	
    2	-1	
    3	0	
    4	-1	
    5	0	
    6	0	
    7	0	
    8	0	
    9	-1	
   10	0	
   11	0	
   12	0	
   13	0	
   14	0	
   15	0	
   16	0	
   17	0	
   18	0	
   19	-82	
   20	-54	
   21	-40	
   22	-35	
   23	-32	
   24	-31	
   25	-29	
   26	-28	
   27	-27	
   28	-27	
   29	-27	
   30	-26	
   31	-25	
   32	1	
   33	0	
   34	0	
   35	0	
   36	0	
   37	0	
   38	0	
   39	0	
   40	0	
   41	0	
   42	0	
   43	-1	
   44	-1	
   45	-1	
   46	-1	
   47	-1	
   48	0	
   49	-53	
   50	-102	
   51	-104	
   52	-105	
   53	-106	
   54	-107	
   55	-108	
   56	-109	
   57	-109	
   58	-109	
   59	-110	
   60	-110	
   61	-110	
   62	-111	
   63	-111	
   64	-112	
   65	-112	
   66	-112	
   67	-112	
   68	-112	
   69	-112	
   70	-112	
   71	-113	
   72	-113	
   73	-113	
   74	-113	
   75	-113	
   76	-113	
   77	-113	
   78	-113	
   79	-113	
   80	-114	
   81	-114	
   82	-115	
   83	-115	
   84	-115	
   85	-115	
   86	-115	
   87	-116	
   88	-115	
   89	-115	
   90	-116	
   91	-116	
   92	-116	
   93	-116	
   94	-115	
   95	-116	
   96	-116	
   97	-115	
   98	-115	
   99	-113	
  100	-112	
  101	-110	
  102	-108	
  103	-108	
  104	-107	
  105	-107	
  106	-107	
  107	-107	
  108	-107	
  109	-107	
  110	-107	
  111	-107	
  112	-107	
  113	-107	
  114	-107	
  115	-107	
  116	-107	
  117	-108	
  118	-107	
  119	-107	
  120	0	
  121	-1	
  122	-1	
  123	0	
  124	0	
  125	0	
  126	-1	
  127	0	
  128	0	
