    1	0	
    2	0	
    3	0	
    4	-1	
    5	-1	
    6	0	
    7	0	
    8	0	
    9	0	
   10	-1	
   11	0	
   12	-1	
   13	0	
   14	0	
   15	0	
   16	-1	
   17	-1	
   18	-1	
   19	-1	
   20	-82	
   21	-54	
   22	-40	
   23	-34	
   24	-32	
   25	-30	
   26	-29	
   27	-28	
   28	-27	
   29	-26	
   30	-26	
   31	-26	
   32	-25	
   33	0	
   34	-1	
   35	-1	
   36	-1	
   37	0	
   38	0	
   39	-1	
   40	0	
   41	-1	
   42	0	
   43	-1	
   44	0	
   45	0	
   46	0	
   47	0	
   48	-1	
   49	-1	
   50	-52	
   51	-99	
   52	-107	
   53	-107	
   54	-106	
   55	-107	
   56	-108	
   57	-108	
   58	-109	
   59	-109	
   60	-109	
   61	-110	
   62	-110	
   63	-110	
   64	-111	
   65	-111	
   66	-111	
   67	-111	
   68	-112	
   69	-111	
   70	-112	
   71	-111	
   72	-112	
   73	-112	
   74	-112	
   75	-113	
   76	-113	
   77	-113	
   78	-114	
   79	-113	
   80	-113	
   81	-113	
   82	-114	
   83	-113	
   84	-114	
   85	-114	
   86	-113	
   87	-114	
   88	-114	
   89	-114	
   90	-114	
   91	-114	
   92	-114	
   93	-114	
   94	-113	
   95	-114	
   96	-114	
   97	-114	
   98	-114	
   99	-114	
  100	-114	
  101	-113	
  102	-114	
  103	-113	
  104	-111	
  105	-109	
  106	-108	
  107	-107	
  108	-106	
  109	-106	
  110	-106	
  111	-106	
  112	-106	
  113	-106	
  114	-107	
  115	-106	
  116	-106	
  117	-106	
  118	-106	
  119	-106	
  120	-106	
  121	-106	
  122	-106	
  123	-106	
  124	-2	
  125	0	
  126	0	
  127	0	
  128	-1	
  129	0	
  130	0	
  131	0	
  132	0	
