    1	-11	
    2	-12	
    3	-11	
    4	-12	
    5	-12	
    6	-11	
    7	-11	
    8	-11	
    9	-12	
   10	-12	
   11	-11	
   12	-12	
   13	-12	
   14	-12	
   15	-11	
   16	-11	
   17	631	
   18	953	
   19	889	
   20	751	
   21	669	
   22	609	
   23	556	
   24	526	
   25	496	
   26	477	
   27	462	
   28	446	
   29	436	
   30	424	
   31	-11	
   32	-11	
   33	-11	
   34	-11	
   35	-11	
   36	-12	
   37	-11	
   38	-11	
   39	-11	
   40	-12	
   41	-12	
   42	-12	
   43	-12	
   44	-12	
   45	-12	
   46	-12	
   47	576	
   48	722	
   49	755	
   50	765	
   51	773	
   52	789	
   53	789	
   54	792	
   55	795	
   56	796	
   57	797	
   58	803	
   59	803	
   60	805	
   61	804	
   62	804	
   63	801	
   64	804	
   65	800	
   66	801	
   67	800	
   68	796	
   69	799	
   70	797	
   71	797	
   72	796	
   73	794	
   74	795	
   75	794	
   76	793	
   77	793	
   78	794	
   79	794	
   80	792	
   81	794	
   82	794	
   83	795	
   84	795	
   85	799	
   86	797	
   87	798	
   88	798	
   89	795	
   90	797	
   91	799	
   92	799	
   93	801	
   94	809	
   95	822	
   96	837	
   97	836	
   98	831	
   99	830	
  100	828	
  101	828	
  102	826	
  103	825	
  104	824	
  105	826	
  106	826	
  107	826	
  108	825	
  109	824	
  110	825	
  111	824	
  112	823	
  113	110	
  114	-11	
  115	-11	
  116	-12	
  117	-11	
  118	-11	
  119	-12	
  120	-12	
  121	-12	
