    1	-11	
    2	-11	
    3	-11	
    4	-11	
    5	-11	
    6	-11	
    7	-11	
    8	-11	
    9	-12	
   10	-11	
   11	-12	
   12	-12	
   13	-12	
   14	-12	
   15	-12	
   16	-12	
   17	-11	
   18	-12	
   19	791	
   20	943	
   21	860	
   22	765	
   23	667	
   24	611	
   25	567	
   26	528	
   27	504	
   28	480	
   29	465	
   30	451	
   31	435	
   32	426	
   33	-11	
   34	-11	
   35	-11	
   36	-11	
   37	-11	
   38	-11	
   39	-12	
   40	-11	
   41	-11	
   42	-12	
   43	-12	
   44	-12	
   45	-12	
   46	-11	
   47	-12	
   48	-12	
   49	617	
   50	836	
   51	896	
   52	913	
   53	921	
   54	929	
   55	936	
   56	943	
   57	947	
   58	949	
   59	953	
   60	949	
   61	945	
   62	944	
   63	939	
   64	934	
   65	928	
   66	928	
   67	918	
   68	919	
   69	915	
   70	914	
   71	915	
   72	910	
   73	908	
   74	909	
   75	903	
   76	904	
   77	901	
   78	900	
   79	900	
   80	900	
   81	901	
   82	902	
   83	901	
   84	901	
   85	902	
   86	900	
   87	902	
   88	900	
   89	898	
   90	900	
   91	898	
   92	901	
   93	901	
   94	902	
   95	904	
   96	904	
   97	904	
   98	902	
   99	905	
  100	910	
  101	913	
  102	914	
  103	930	
  104	942	
  105	949	
  106	945	
  107	939	
  108	936	
  109	935	
  110	933	
  111	931	
  112	938	
  113	936	
  114	936	
  115	933	
  116	932	
  117	930	
  118	929	
  119	926	
  120	926	
  121	120	
  122	-11	
  123	-11	
  124	-12	
  125	-11	
  126	-12	
  127	-12	
  128	-12	
  129	-12	
