    1	-1	
    2	-1	
    3	-1	
    4	-1	
    5	-1	
    6	-1	
    7	-1	
    8	-1	
    9	0	
   10	-1	
   11	0	
   12	-1	
   13	0	
   14	-1	
   15	0	
   16	0	
   17	-1	
   18	-94	
   19	-61	
   20	-41	
   21	-35	
   22	-32	
   23	-30	
   24	-29	
   25	-28	
   26	-27	
   27	-26	
   28	-26	
   29	-26	
   30	-25	
   31	-25	
   32	-1	
   33	0	
   34	-1	
   35	-1	
   36	0	
   37	0	
   38	-1	
   39	0	
   40	-1	
   41	0	
   42	0	
   43	0	
   44	0	
   45	0	
   46	0	
   47	0	
   48	-28	
   49	-80	
   50	-104	
   51	-104	
   52	-106	
   53	-106	
   54	-107	
   55	-108	
   56	-108	
   57	-108	
   58	-108	
   59	-109	
   60	-109	
   61	-110	
   62	-110	
   63	-110	
   64	-110	
   65	-111	
   66	-111	
   67	-111	
   68	-111	
   69	-112	
   70	-112	
   71	-112	
   72	-112	
   73	-112	
   74	-112	
   75	-112	
   76	-113	
   77	-113	
   78	-112	
   79	-113	
   80	-112	
   81	-113	
   82	-113	
   83	-112	
   84	-113	
   85	-113	
   86	-113	
   87	-113	
   88	-112	
   89	-113	
   90	-113	
   91	-113	
   92	-113	
   93	-113	
   94	-113	
   95	-114	
   96	-114	
   97	-114	
   98	-113	
   99	-113	
  100	-113	
  101	-113	
  102	-113	
  103	-110	
  104	-109	
  105	-109	
  106	-106	
  107	-106	
  108	-106	
  109	-106	
  110	-106	
  111	-106	
  112	-106	
  113	-107	
  114	-106	
  115	-106	
  116	-106	
  117	-106	
  118	-106	
  119	-106	
  120	-106	
  121	-105	
  122	-105	
  123	-105	
  124	0	
  125	0	
  126	0	
  127	0	
  128	-1	
  129	0	
  130	-1	
  131	-1	
