    1	2	
    2	2	
    3	2	
    4	2	
    5	1	
    6	1	
    7	1	
    8	2	
    9	1	
   10	1	
   11	1	
   12	1	
   13	1	
   14	1	
   15	1	
   16	1	
   17	1	
   18	1	
   19	2047	
   20	2047	
   21	2047	
   22	2047	
   23	2047	
   24	2047	
   25	2047	
   26	2047	
   27	2047	
   28	2047	
   29	2047	
   30	2047	
   31	2044	
   32	2023	
   33	3	
   34	2	
   35	2	
   36	2	
   37	2	
   38	1	
   39	2	
   40	2	
   41	1	
   42	1	
   43	1	
   44	1	
   45	1	
   46	2	
   47	1	
   48	1	
   49	982	
   50	1162	
   51	1189	
   52	1189	
   53	1190	
   54	1195	
   55	1199	
   56	1204	
   57	1209	
   58	1213	
   59	1220	
   60	1224	
   61	1225	
   62	1231	
   63	1233	
   64	1234	
   65	1236	
   66	1241	
   67	1241	
   68	1245	
   69	1246	
   70	1249	
   71	1254	
   72	1253	
   73	1255	
   74	1258	
   75	1257	
   76	1259	
   77	1259	
   78	1260	
   79	1261	
   80	1263	
   81	1266	
   82	1268	
   83	1269	
   84	1270	
   85	1272	
   86	1272	
   87	1274	
   88	1272	
   89	1270	
   90	1273	
   91	1271	
   92	1273	
   93	1272	
   94	1273	
   95	1274	
   96	1273	
   97	1272	
   98	1270	
   99	1270	
  100	1265	
  101	1244	
  102	1187	
  103	1150	
  104	1116	
  105	1105	
  106	1096	
  107	1090	
  108	1088	
  109	1088	
  110	1088	
  111	1088	
  112	1094	
  113	1093	
  114	1094	
  115	1092	
  116	1093	
  117	1092	
  118	1091	
  119	1089	
  120	1090	
  121	159	
  122	2	
  123	2	
  124	2	
  125	2	
  126	2	
  127	2	
  128	2	
  129	2	
