    1	-1	
    2	-1	
    3	-1	
    4	-1	
    5	-1	
    6	0	
    7	0	
    8	0	
    9	0	
   10	0	
   11	0	
   12	0	
   13	0	
   14	-1	
   15	-1	
   16	0	
   17	0	
   18	-1	
   19	-68	
   20	-44	
   21	-37	
   22	-32	
   23	-31	
   24	-29	
   25	-28	
   26	-27	
   27	-27	
   28	-26	
   29	-26	
   30	-25	
   31	-25	
   32	0	
   33	0	
   34	-1	
   35	0	
   36	-1	
   37	-1	
   38	-1	
   39	0	
   40	-1	
   41	-1	
   42	-1	
   43	-1	
   44	-1	
   45	-1	
   46	-1	
   47	0	
   48	0	
   49	-28	
   50	-81	
   51	-101	
   52	-108	
   53	-108	
   54	-109	
   55	-110	
   56	-111	
   57	-112	
   58	-112	
   59	-113	
   60	-113	
   61	-113	
   62	-113	
   63	-113	
   64	-114	
   65	-113	
   66	-114	
   67	-114	
   68	-114	
   69	-114	
   70	-114	
   71	-114	
   72	-114	
   73	-114	
   74	-114	
   75	-114	
   76	-114	
   77	-114	
   78	-114	
   79	-114	
   80	-114	
   81	-115	
   82	-115	
   83	-115	
   84	-115	
   85	-115	
   86	-115	
   87	-115	
   88	-115	
   89	-115	
   90	-115	
   91	-115	
   92	-115	
   93	-114	
   94	-115	
   95	-115	
   96	-115	
   97	-115	
   98	-115	
   99	-115	
  100	-115	
  101	-115	
  102	-115	
  103	-114	
  104	-114	
  105	-110	
  106	-109	
  107	-108	
  108	-107	
  109	-108	
  110	-108	
  111	-107	
  112	-107	
  113	-107	
  114	-107	
  115	-107	
  116	-107	
  117	-107	
  118	-107	
  119	-107	
  120	-107	
  121	-107	
  122	-107	
  123	-107	
  124	-107	
  125	-7	
  126	0	
  127	0	
  128	-1	
  129	0	
  130	0	
  131	0	
  132	0	
  133	0	
