    1	2	
    2	2	
    3	2	
    4	2	
    5	2	
    6	2	
    7	2	
    8	1	
    9	1	
   10	1	
   11	1	
   12	1	
   13	1	
   14	1	
   15	1	
   16	1	
   17	1	
   18	1	
   19	458	
   20	2047	
   21	2047	
   22	2047	
   23	2047	
   24	2047	
   25	2047	
   26	2047	
   27	2047	
   28	2047	
   29	2047	
   30	2044	
   31	2024	
   32	34	
   33	2	
   34	2	
   35	2	
   36	1	
   37	1	
   38	2	
   39	1	
   40	1	
   41	1	
   42	1	
   43	1	
   44	1	
   45	1	
   46	1	
   47	1	
   48	563	
   49	1078	
   50	1189	
   51	1187	
   52	1192	
   53	1197	
   54	1199	
   55	1202	
   56	1208	
   57	1212	
   58	1216	
   59	1217	
   60	1220	
   61	1225	
   62	1229	
   63	1232	
   64	1235	
   65	1237	
   66	1236	
   67	1236	
   68	1240	
   69	1243	
   70	1245	
   71	1249	
   72	1250	
   73	1252	
   74	1254	
   75	1256	
   76	1256	
   77	1259	
   78	1259	
   79	1261	
   80	1265	
   81	1265	
   82	1264	
   83	1266	
   84	1268	
   85	1267	
   86	1269	
   87	1271	
   88	1272	
   89	1271	
   90	1272	
   91	1272	
   92	1268	
   93	1269	
   94	1270	
   95	1268	
   96	1268	
   97	1264	
   98	1259	
   99	1246	
  100	1207	
  101	1166	
  102	1132	
  103	1109	
  104	1101	
  105	1097	
  106	1094	
  107	1093	
  108	1090	
  109	1090	
  110	1090	
  111	1089	
  112	1090	
  113	1090	
  114	1091	
  115	1091	
  116	1092	
  117	1091	
  118	1092	
  119	1094	
  120	1094	
  121	174	
  122	2	
  123	2	
  124	2	
  125	2	
  126	2	
  127	1	
  128	1	
  129	2	
