    1	-11	
    2	-11	
    3	-11	
    4	-12	
    5	-12	
    6	-11	
    7	-12	
    8	-12	
    9	-11	
   10	-12	
   11	-11	
   12	-12	
   13	-12	
   14	-12	
   15	-12	
   16	-12	
   17	-12	
   18	-12	
   19	817	
   20	956	
   21	849	
   22	733	
   23	660	
   24	592	
   25	552	
   26	514	
   27	492	
   28	475	
   29	458	
   30	444	
   31	429	
   32	48	
   33	-11	
   34	-12	
   35	-11	
   36	-12	
   37	-12	
   38	-11	
   39	-11	
   40	-11	
   41	-11	
   42	-12	
   43	-12	
   44	-12	
   45	-12	
   46	-12	
   47	-12	
   48	-12	
   49	-12	
   50	628	
   51	870	
   52	896	
   53	920	
   54	928	
   55	936	
   56	941	
   57	948	
   58	951	
   59	953	
   60	954	
   61	953	
   62	950	
   63	945	
   64	944	
   65	942	
   66	943	
   67	928	
   68	926	
   69	925	
   70	923	
   71	919	
   72	918	
   73	912	
   74	917	
   75	915	
   76	914	
   77	913	
   78	911	
   79	912	
   80	910	
   81	909	
   82	908	
   83	909	
   84	906	
   85	908	
   86	910	
   87	906	
   88	905	
   89	903	
   90	902	
   91	904	
   92	904	
   93	904	
   94	905	
   95	905	
   96	906	
   97	906	
   98	909	
   99	909	
  100	910	
  101	911	
  102	913	
  103	925	
  104	935	
  105	962	
  106	966	
  107	965	
  108	962	
  109	960	
  110	960	
  111	959	
  112	959	
  113	960	
  114	952	
  115	948	
  116	948	
  117	947	
  118	946	
  119	946	
  120	944	
  121	938	
  122	940	
  123	940	
  124	942	
  125	941	
  126	-11	
  127	-11	
  128	-12	
  129	-12	
  130	-12	
  131	-11	
  132	-12	
  133	-12	
