    1	2	
    2	2	
    3	2	
    4	2	
    5	2	
    6	2	
    7	1	
    8	2	
    9	2	
   10	2	
   11	1	
   12	1	
   13	1	
   14	2	
   15	1	
   16	1	
   17	1	
   18	1	
   19	1	
   20	2047	
   21	2047	
   22	2047	
   23	2047	
   24	2047	
   25	2047	
   26	2047	
   27	2047	
   28	2047	
   29	2047	
   30	2047	
   31	2047	
   32	2040	
   33	294	
   34	2	
   35	2	
   36	2	
   37	2	
   38	2	
   39	1	
   40	2	
   41	2	
   42	2	
   43	1	
   44	1	
   45	1	
   46	1	
   47	1	
   48	1	
   49	1	
   50	980	
   51	1168	
   52	1188	
   53	1191	
   54	1191	
   55	1193	
   56	1199	
   57	1203	
   58	1206	
   59	1210	
   60	1214	
   61	1217	
   62	1220	
   63	1225	
   64	1226	
   65	1229	
   66	1232	
   67	1235	
   68	1237	
   69	1236	
   70	1240	
   71	1241	
   72	1245	
   73	1247	
   74	1248	
   75	1250	
   76	1251	
   77	1252	
   78	1253	
   79	1252	
   80	1255	
   81	1257	
   82	1256	
   83	1261	
   84	1261	
   85	1262	
   86	1262	
   87	1264	
   88	1262	
   89	1262	
   90	1264	
   91	1264	
   92	1262	
   93	1261	
   94	1262	
   95	1263	
   96	1263	
   97	1263	
   98	1266	
   99	1270	
  100	1270	
  101	1269	
  102	1264	
  103	1250	
  104	1218	
  105	1169	
  106	1136	
  107	1112	
  108	1102	
  109	1098	
  110	1096	
  111	1097	
  112	1098	
  113	1098	
  114	1096	
  115	1096	
  116	1094	
  117	1092	
  118	1096	
  119	1095	
  120	1097	
  121	1094	
  122	1094	
  123	1097	
  124	1098	
  125	20	
  126	2	
  127	2	
  128	2	
  129	2	
  130	2	
  131	1	
  132	1	
  133	2	
