    1	-12	
    2	-12	
    3	-12	
    4	-11	
    5	-11	
    6	-12	
    7	-12	
    8	-12	
    9	-12	
   10	-12	
   11	-12	
   12	-12	
   13	-12	
   14	-12	
   15	-12	
   16	-12	
   17	-12	
   18	-12	
   19	-12	
   20	-12	
   21	834	
   22	920	
   23	784	
   24	695	
   25	625	
   26	566	
   27	530	
   28	496	
   29	475	
   30	453	
   31	439	
   32	427	
   33	413	
   34	-5	
   35	-11	
   36	-11	
   37	-12	
   38	-12	
   39	-12	
   40	-11	
   41	-12	
   42	-11	
   43	-12	
   44	-12	
   45	-12	
   46	-12	
   47	-12	
   48	-12	
   49	-12	
   50	-12	
   51	653	
   52	864	
   53	905	
   54	929	
   55	940	
   56	948	
   57	952	
   58	954	
   59	955	
   60	958	
   61	957	
   62	959	
   63	949	
   64	946	
   65	944	
   66	943	
   67	939	
   68	939	
   69	941	
   70	937	
   71	928	
   72	924	
   73	924	
   74	925	
   75	919	
   76	919	
   77	916	
   78	918	
   79	917	
   80	913	
   81	911	
   82	910	
   83	911	
   84	909	
   85	911	
   86	910	
   87	906	
   88	910	
   89	911	
   90	915	
   91	913	
   92	917	
   93	916	
   94	914	
   95	915	
   96	913	
   97	912	
   98	916	
   99	916	
  100	918	
  101	924	
  102	925	
  103	928	
  104	930	
  105	947	
  106	969	
  107	971	
  108	972	
  109	970	
  110	967	
  111	965	
  112	962	
  113	960	
  114	961	
  115	958	
  116	957	
  117	958	
  118	956	
  119	955	
  120	954	
  121	953	
  122	953	
  123	950	
  124	951	
  125	948	
  126	-9	
  127	-11	
  128	-12	
  129	-12	
  130	-12	
  131	-12	
  132	-12	
  133	-12	
  134	-12	
