    1	1	
    2	2	
    3	2	
    4	2	
    5	2	
    6	1	
    7	2	
    8	1	
    9	1	
   10	1	
   11	1	
   12	1	
   13	2047	
   14	2047	
   15	2047	
   16	2047	
   17	2047	
   18	2047	
   19	2047	
   20	2047	
   21	2047	
   22	2047	
   23	2018	
   24	1992	
   25	1972	
   26	280	
   27	2	
   28	2	
   29	2	
   30	2	
   31	1	
   32	2	
   33	2	
   34	2	
   35	1	
   36	1	
   37	1	
   38	1	
   39	1	
   40	1	
   41	1	
   42	1	
   43	1	
   44	565	
   45	1035	
   46	1193	
   47	1192	
   48	1192	
   49	1201	
   50	1205	
   51	1211	
   52	1216	
   53	1218	
   54	1224	
   55	1226	
   56	1230	
   57	1234	
   58	1233	
   59	1236	
   60	1241	
   61	1242	
   62	1242	
   63	1245	
   64	1249	
   65	1251	
   66	1253	
   67	1256	
   68	1255	
   69	1260	
   70	1262	
   71	1263	
   72	1264	
   73	1267	
   74	1269	
   75	1269	
   76	1268	
   77	1270	
   78	1268	
   79	1268	
   80	1269	
   81	1272	
   82	1273	
   83	1275	
   84	1274	
   85	1274	
   86	1276	
   87	1273	
   88	1273	
   89	1273	
   90	1274	
   91	1274	
   92	1275	
   93	1275	
   94	1273	
   95	1263	
   96	1228	
   97	1198	
   98	1165	
   99	1131	
  100	1116	
  101	1109	
  102	1106	
  103	1105	
  104	1106	
  105	1105	
  106	1107	
  107	1107	
  108	1104	
  109	1104	
  110	1105	
  111	1104	
  112	1103	
  113	1105	
  114	1104	
  115	1105	
  116	1106	
  117	20	
  118	2	
  119	1	
  120	2	
  121	1	
  122	1	
  123	1	
  124	1	
  125	1	
