    1	-12	
    2	-11	
    3	-12	
    4	-12	
    5	-12	
    6	-12	
    7	-11	
    8	-11	
    9	-12	
   10	-11	
   11	-12	
   12	-12	
   13	-12	
   14	-12	
   15	-12	
   16	-12	
   17	-12	
   18	-12	
   19	809	
   20	946	
   21	848	
   22	730	
   23	653	
   24	588	
   25	549	
   26	512	
   27	492	
   28	470	
   29	454	
   30	441	
   31	427	
   32	48	
   33	-11	
   34	-12	
   35	-12	
   36	-12	
   37	-12	
   38	-12	
   39	-12	
   40	-12	
   41	-12	
   42	-12	
   43	-12	
   44	-12	
   45	-12	
   46	-12	
   47	-12	
   48	-12	
   49	-12	
   50	627	
   51	873	
   52	908	
   53	927	
   54	937	
   55	946	
   56	955	
   57	956	
   58	960	
   59	958	
   60	955	
   61	953	
   62	950	
   63	948	
   64	942	
   65	939	
   66	936	
   67	935	
   68	933	
   69	930	
   70	926	
   71	925	
   72	921	
   73	920	
   74	919	
   75	917	
   76	914	
   77	915	
   78	914	
   79	913	
   80	914	
   81	917	
   82	916	
   83	915	
   84	915	
   85	912	
   86	913	
   87	914	
   88	913	
   89	911	
   90	911	
   91	912	
   92	917	
   93	917	
   94	916	
   95	916	
   96	920	
   97	914	
   98	912	
   99	917	
  100	915	
  101	925	
  102	940	
  103	955	
  104	968	
  105	967	
  106	967	
  107	962	
  108	960	
  109	955	
  110	953	
  111	951	
  112	952	
  113	949	
  114	944	
  115	944	
  116	942	
  117	942	
  118	940	
  119	943	
  120	942	
  121	941	
  122	4	
  123	-11	
  124	-12	
  125	-11	
  126	-12	
  127	-12	
  128	-12	
  129	-12	
  130	-12	
