    1	-12	
    2	-12	
    3	-12	
    4	-11	
    5	-12	
    6	-12	
    7	-11	
    8	-11	
    9	-12	
   10	-12	
   11	-12	
   12	-12	
   13	-12	
   14	-12	
   15	-12	
   16	-12	
   17	-12	
   18	-12	
   19	-12	
   20	778	
   21	953	
   22	854	
   23	734	
   24	663	
   25	607	
   26	558	
   27	529	
   28	500	
   29	480	
   30	465	
   31	448	
   32	437	
   33	51	
   34	-11	
   35	-11	
   36	-12	
   37	-12	
   38	-12	
   39	-12	
   40	-11	
   41	-12	
   42	-11	
   43	-12	
   44	-12	
   45	-12	
   46	-12	
   47	-12	
   48	-12	
   49	-12	
   50	618	
   51	845	
   52	892	
   53	913	
   54	927	
   55	933	
   56	941	
   57	947	
   58	949	
   59	954	
   60	949	
   61	946	
   62	944	
   63	940	
   64	933	
   65	941	
   66	938	
   67	936	
   68	934	
   69	928	
   70	926	
   71	924	
   72	924	
   73	921	
   74	918	
   75	917	
   76	914	
   77	916	
   78	917	
   79	917	
   80	914	
   81	914	
   82	910	
   83	912	
   84	912	
   85	913	
   86	909	
   87	908	
   88	909	
   89	910	
   90	909	
   91	909	
   92	908	
   93	910	
   94	911	
   95	911	
   96	910	
   97	911	
   98	915	
   99	918	
  100	928	
  101	943	
  102	957	
  103	962	
  104	963	
  105	960	
  106	958	
  107	954	
  108	952	
  109	951	
  110	951	
  111	951	
  112	951	
  113	949	
  114	946	
  115	948	
  116	948	
  117	945	
  118	943	
  119	942	
  120	947	
  121	-9	
  122	-11	
  123	-11	
  124	-12	
  125	-12	
  126	-12	
  127	-12	
  128	-12	
