    1	0	
    2	0	
    3	-1	
    4	-1	
    5	0	
    6	0	
    7	0	
    8	0	
    9	0	
   10	-1	
   11	-1	
   12	-1	
   13	-80	
   14	-51	
   15	-37	
   16	-31	
   17	-28	
   18	-27	
   19	-26	
   20	-25	
   21	-24	
   22	-24	
   23	-23	
   24	-23	
   25	-23	
   26	1	
   27	0	
   28	-1	
   29	0	
   30	0	
   31	-1	
   32	0	
   33	0	
   34	-1	
   35	0	
   36	0	
   37	0	
   38	0	
   39	0	
   40	-1	
   41	-1	
   42	-1	
   43	-1	
   44	12	
   45	-71	
   46	-100	
   47	-106	
   48	-109	
   49	-108	
   50	-109	
   51	-110	
   52	-110	
   53	-111	
   54	-111	
   55	-112	
   56	-112	
   57	-112	
   58	-112	
   59	-112	
   60	-113	
   61	-113	
   62	-113	
   63	-113	
   64	-113	
   65	-113	
   66	-114	
   67	-113	
   68	-113	
   69	-114	
   70	-114	
   71	-114	
   72	-114	
   73	-115	
   74	-115	
   75	-115	
   76	-114	
   77	-115	
   78	-114	
   79	-114	
   80	-115	
   81	-115	
   82	-115	
   83	-115	
   84	-115	
   85	-115	
   86	-115	
   87	-115	
   88	-115	
   89	-115	
   90	-115	
   91	-115	
   92	-115	
   93	-115	
   94	-115	
   95	-115	
   96	-114	
   97	-113	
   98	-112	
   99	-110	
  100	-108	
  101	-108	
  102	-108	
  103	-108	
  104	-108	
  105	-108	
  106	-108	
  107	-108	
  108	-108	
  109	-107	
  110	-107	
  111	-107	
  112	-107	
  113	-107	
  114	-107	
  115	-107	
  116	-107	
  117	-2	
  118	0	
  119	-1	
  120	0	
  121	-1	
  122	0	
  123	0	
  124	0	
  125	0	
