    1	-12	
    2	-12	
    3	-12	
    4	-12	
    5	-12	
    6	-11	
    7	-12	
    8	-12	
    9	-12	
   10	-12	
   11	-12	
   12	-12	
   13	-12	
   14	-12	
   15	-12	
   16	-12	
   17	-12	
   18	-12	
   19	-12	
   20	-12	
   21	811	
   22	953	
   23	827	
   24	732	
   25	642	
   26	591	
   27	551	
   28	513	
   29	490	
   30	471	
   31	452	
   32	439	
   33	-11	
   34	-12	
   35	-11	
   36	-12	
   37	-11	
   38	-12	
   39	-11	
   40	-12	
   41	-12	
   42	-12	
   43	-12	
   44	-12	
   45	-12	
   46	-12	
   47	-12	
   48	-12	
   49	613	
   50	779	
   51	891	
   52	909	
   53	920	
   54	930	
   55	939	
   56	944	
   57	952	
   58	952	
   59	948	
   60	945	
   61	942	
   62	934	
   63	931	
   64	926	
   65	924	
   66	922	
   67	919	
   68	915	
   69	911	
   70	910	
   71	909	
   72	920	
   73	918	
   74	919	
   75	917	
   76	917	
   77	915	
   78	912	
   79	913	
   80	911	
   81	913	
   82	908	
   83	909	
   84	905	
   85	907	
   86	906	
   87	906	
   88	909	
   89	910	
   90	911	
   91	909	
   92	910	
   93	911	
   94	913	
   95	913	
   96	912	
   97	914	
   98	917	
   99	923	
  100	938	
  101	956	
  102	967	
  103	968	
  104	965	
  105	960	
  106	958	
  107	954	
  108	955	
  109	955	
  110	951	
  111	949	
  112	949	
  113	950	
  114	945	
  115	946	
  116	946	
  117	946	
  118	942	
  119	941	
  120	-11	
  121	-11	
  122	-11	
  123	-11	
  124	-12	
  125	-12	
  126	-12	
  127	-12	
