    1	-1	
    2	-1	
    3	-1	
    4	-1	
    5	0	
    6	-1	
    7	0	
    8	0	
    9	0	
   10	0	
   11	0	
   12	0	
   13	0	
   14	0	
   15	0	
   16	0	
   17	0	
   18	-1	
   19	-1	
   20	-1	
   21	-68	
   22	-47	
   23	-38	
   24	-33	
   25	-31	
   26	-29	
   27	-28	
   28	-27	
   29	-26	
   30	-26	
   31	-26	
   32	-25	
   33	-25	
   34	-1	
   35	-1	
   36	-1	
   37	-1	
   38	-1	
   39	-1	
   40	-1	
   41	0	
   42	-1	
   43	0	
   44	-1	
   45	-1	
   46	-1	
   47	-1	
   48	0	
   49	0	
   50	-1	
   51	-1	
   52	-71	
   53	-106	
   54	-108	
   55	-109	
   56	-108	
   57	-109	
   58	-109	
   59	-110	
   60	-110	
   61	-110	
   62	-111	
   63	-111	
   64	-111	
   65	-111	
   66	-112	
   67	-112	
   68	-112	
   69	-113	
   70	-113	
   71	-113	
   72	-113	
   73	-114	
   74	-114	
   75	-114	
   76	-114	
   77	-114	
   78	-114	
   79	-114	
   80	-114	
   81	-114	
   82	-114	
   83	-114	
   84	-115	
   85	-114	
   86	-115	
   87	-115	
   88	-115	
   89	-115	
   90	-115	
   91	-115	
   92	-115	
   93	-115	
   94	-115	
   95	-115	
   96	-115	
   97	-115	
   98	-115	
   99	-115	
  100	-115	
  101	-115	
  102	-115	
  103	-113	
  104	-112	
  105	-110	
  106	-109	
  107	-109	
  108	-109	
  109	-108	
  110	-109	
  111	-108	
  112	-109	
  113	-109	
  114	-109	
  115	-109	
  116	-109	
  117	-108	
  118	-109	
  119	-108	
  120	-109	
  121	-108	
  122	-108	
  123	-2	
  124	0	
  125	0	
  126	0	
  127	-1	
  128	-1	
  129	-1	
  130	-1	
  131	0	
