    1	-12	
    2	-12	
    3	-12	
    4	-12	
    5	-12	
    6	-12	
    7	-12	
    8	-12	
    9	-12	
   10	-12	
   11	-12	
   12	-12	
   13	741	
   14	913	
   15	807	
   16	691	
   17	617	
   18	551	
   19	516	
   20	488	
   21	460	
   22	443	
   23	426	
   24	414	
   25	405	
   26	45	
   27	-11	
   28	-12	
   29	-12	
   30	-12	
   31	-12	
   32	-12	
   33	-12	
   34	-12	
   35	-12	
   36	-12	
   37	-12	
   38	-12	
   39	-12	
   40	-12	
   41	-12	
   42	-12	
   43	-12	
   44	401	
   45	653	
   46	860	
   47	899	
   48	913	
   49	928	
   50	936	
   51	944	
   52	949	
   53	949	
   54	952	
   55	950	
   56	950	
   57	948	
   58	941	
   59	938	
   60	937	
   61	933	
   62	928	
   63	927	
   64	926	
   65	925	
   66	923	
   67	923	
   68	920	
   69	922	
   70	921	
   71	921	
   72	920	
   73	920	
   74	920	
   75	918	
   76	916	
   77	916	
   78	914	
   79	913	
   80	914	
   81	915	
   82	916	
   83	917	
   84	916	
   85	918	
   86	920	
   87	917	
   88	918	
   89	918	
   90	921	
   91	923	
   92	924	
   93	925	
   94	928	
   95	925	
   96	923	
   97	936	
   98	947	
   99	957	
  100	968	
  101	975	
  102	973	
  103	968	
  104	967	
  105	963	
  106	964	
  107	961	
  108	956	
  109	955	
  110	954	
  111	952	
  112	950	
  113	951	
  114	948	
  115	948	
  116	948	
  117	5	
  118	-11	
  119	-11	
  120	-12	
  121	-11	
  122	-12	
  123	-12	
  124	-12	
  125	-12	
