    1	-1	
    2	-1	
    3	0	
    4	0	
    5	0	
    6	-1	
    7	-1	
    8	-1	
    9	-1	
   10	-1	
   11	-1	
   12	-1	
   13	-1	
   14	-1	
   15	-1	
   16	-1	
   17	0	
   18	0	
   19	-1	
   20	-78	
   21	-53	
   22	-40	
   23	-34	
   24	-32	
   25	-30	
   26	-29	
   27	-28	
   28	-27	
   29	-26	
   30	-26	
   31	-25	
   32	-25	
   33	1	
   34	-1	
   35	0	
   36	-1	
   37	-1	
   38	0	
   39	0	
   40	-1	
   41	0	
   42	0	
   43	0	
   44	0	
   45	0	
   46	-1	
   47	-1	
   48	0	
   49	0	
   50	-52	
   51	-100	
   52	-102	
   53	-103	
   54	-104	
   55	-105	
   56	-106	
   57	-106	
   58	-107	
   59	-107	
   60	-108	
   61	-108	
   62	-108	
   63	-109	
   64	-109	
   65	-111	
   66	-111	
   67	-111	
   68	-112	
   69	-112	
   70	-112	
   71	-112	
   72	-112	
   73	-113	
   74	-112	
   75	-112	
   76	-113	
   77	-113	
   78	-113	
   79	-113	
   80	-113	
   81	-113	
   82	-113	
   83	-113	
   84	-113	
   85	-113	
   86	-113	
   87	-113	
   88	-113	
   89	-113	
   90	-113	
   91	-113	
   92	-113	
   93	-113	
   94	-113	
   95	-114	
   96	-113	
   97	-113	
   98	-113	
   99	-114	
  100	-113	
  101	-112	
  102	-110	
  103	-108	
  104	-107	
  105	-107	
  106	-107	
  107	-107	
  108	-107	
  109	-107	
  110	-107	
  111	-107	
  112	-107	
  113	-107	
  114	-107	
  115	-107	
  116	-108	
  117	-108	
  118	-107	
  119	-107	
  120	-108	
  121	-1	
  122	0	
  123	0	
  124	0	
  125	0	
  126	0	
  127	0	
  128	-1	
