    1	-1	
    2	0	
    3	-1	
    4	-1	
    5	-1	
    6	-1	
    7	-1	
    8	-1	
    9	0	
   10	0	
   11	-1	
   12	0	
   13	-1	
   14	-1	
   15	-1	
   16	-1	
   17	-1	
   18	-1	
   19	-1	
   20	-68	
   21	-53	
   22	-38	
   23	-34	
   24	-32	
   25	-29	
   26	-28	
   27	-27	
   28	-27	
   29	-26	
   30	-26	
   31	-25	
   32	-25	
   33	-1	
   34	0	
   35	0	
   36	0	
   37	0	
   38	-1	
   39	0	
   40	0	
   41	0	
   42	0	
   43	0	
   44	0	
   45	0	
   46	0	
   47	0	
   48	0	
   49	-1	
   50	0	
   51	10	
   52	-70	
   53	-102	
   54	-103	
   55	-104	
   56	-105	
   57	-106	
   58	-106	
   59	-107	
   60	-107	
   61	-108	
   62	-108	
   63	-108	
   64	-108	
   65	-108	
   66	-109	
   67	-109	
   68	-109	
   69	-110	
   70	-110	
   71	-110	
   72	-111	
   73	-111	
   74	-111	
   75	-111	
   76	-111	
   77	-111	
   78	-111	
   79	-111	
   80	-112	
   81	-112	
   82	-112	
   83	-112	
   84	-112	
   85	-112	
   86	-113	
   87	-112	
   88	-112	
   89	-112	
   90	-112	
   91	-113	
   92	-113	
   93	-113	
   94	-113	
   95	-113	
   96	-113	
   97	-113	
   98	-113	
   99	-113	
  100	-113	
  101	-114	
  102	-113	
  103	-112	
  104	-111	
  105	-109	
  106	-108	
  107	-107	
  108	-107	
  109	-107	
  110	-107	
  111	-107	
  112	-107	
  113	-107	
  114	-107	
  115	-107	
  116	-107	
  117	-107	
  118	-107	
  119	-107	
  120	-107	
  121	-107	
  122	-107	
  123	-107	
  124	-1	
  125	0	
  126	0	
  127	0	
  128	0	
  129	0	
  130	0	
  131	0	
  132	0	
