    1	-1	
    2	0	
    3	0	
    4	0	
    5	0	
    6	0	
    7	-1	
    8	0	
    9	-1	
   10	-1	
   11	-1	
   12	-1	
   13	-1	
   14	-1	
   15	-1	
   16	-1	
   17	0	
   18	-1	
   19	-1	
   20	-66	
   21	-53	
   22	-37	
   23	-33	
   24	-30	
   25	-28	
   26	-28	
   27	-27	
   28	-26	
   29	-25	
   30	-25	
   31	-24	
   32	1	
   33	0	
   34	0	
   35	-1	
   36	-1	
   37	-1	
   38	0	
   39	0	
   40	-1	
   41	0	
   42	-1	
   43	0	
   44	0	
   45	-1	
   46	-1	
   47	0	
   48	-1	
   49	-51	
   50	-104	
   51	-104	
   52	-106	
   53	-106	
   54	-107	
   55	-107	
   56	-108	
   57	-108	
   58	-109	
   59	-109	
   60	-109	
   61	-110	
   62	-110	
   63	-111	
   64	-111	
   65	-111	
   66	-111	
   67	-111	
   68	-112	
   69	-112	
   70	-112	
   71	-113	
   72	-113	
   73	-113	
   74	-112	
   75	-112	
   76	-113	
   77	-113	
   78	-113	
   79	-113	
   80	-113	
   81	-113	
   82	-113	
   83	-114	
   84	-114	
   85	-114	
   86	-115	
   87	-115	
   88	-115	
   89	-115	
   90	-115	
   91	-114	
   92	-115	
   93	-115	
   94	-115	
   95	-115	
   96	-115	
   97	-114	
   98	-114	
   99	-112	
  100	-112	
  101	-111	
  102	-109	
  103	-108	
  104	-108	
  105	-107	
  106	-107	
  107	-108	
  108	-107	
  109	-107	
  110	-107	
  111	-107	
  112	-107	
  113	-107	
  114	-107	
  115	-108	
  116	-108	
  117	-108	
  118	-107	
  119	-2	
  120	0	
  121	0	
  122	-1	
  123	0	
  124	0	
  125	0	
  126	0	
  127	-1	
