    1	-11	
    2	-12	
    3	-11	
    4	-12	
    5	-11	
    6	-11	
    7	-12	
    8	-12	
    9	-12	
   10	-12	
   11	-12	
   12	-12	
   13	-12	
   14	-12	
   15	-12	
   16	-12	
   17	-12	
   18	-12	
   19	-12	
   20	-12	
   21	809	
   22	934	
   23	814	
   24	721	
   25	652	
   26	587	
   27	547	
   28	518	
   29	488	
   30	469	
   31	450	
   32	436	
   33	424	
   34	48	
   35	-11	
   36	-11	
   37	-11	
   38	-11	
   39	-12	
   40	-11	
   41	-11	
   42	-11	
   43	-11	
   44	-12	
   45	-12	
   46	-12	
   47	-11	
   48	-12	
   49	-12	
   50	-12	
   51	626	
   52	844	
   53	901	
   54	923	
   55	934	
   56	942	
   57	947	
   58	953	
   59	956	
   60	956	
   61	948	
   62	949	
   63	945	
   64	942	
   65	941	
   66	933	
   67	933	
   68	928	
   69	926	
   70	927	
   71	921	
   72	919	
   73	923	
   74	926	
   75	925	
   76	924	
   77	928	
   78	922	
   79	920	
   80	924	
   81	921	
   82	920	
   83	919	
   84	923	
   85	920	
   86	922	
   87	922	
   88	922	
   89	921	
   90	918	
   91	919	
   92	918	
   93	919	
   94	917	
   95	918	
   96	922	
   97	922	
   98	925	
   99	927	
  100	929	
  101	934	
  102	941	
  103	967	
  104	983	
  105	985	
  106	983	
  107	977	
  108	975	
  109	968	
  110	966	
  111	964	
  112	965	
  113	963	
  114	959	
  115	957	
  116	958	
  117	956	
  118	958	
  119	952	
  120	950	
  121	948	
  122	950	
  123	950	
  124	-9	
  125	-11	
  126	-11	
  127	-11	
  128	-11	
  129	-12	
  130	-12	
  131	-11	
  132	-11	
