    1	2	
    2	2	
    3	2	
    4	2	
    5	2	
    6	1	
    7	2	
    8	2	
    9	2	
   10	2	
   11	2	
   12	1	
   13	2	
   14	1	
   15	1	
   16	2	
   17	1	
   18	2	
   19	2	
   20	2047	
   21	2047	
   22	2047	
   23	2047	
   24	2047	
   25	2047	
   26	2047	
   27	2047	
   28	2047	
   29	2047	
   30	2038	
   31	2012	
   32	1978	
   33	33	
   34	2	
   35	2	
   36	2	
   37	2	
   38	2	
   39	2	
   40	2	
   41	2	
   42	1	
   43	2	
   44	1	
   45	2	
   46	1	
   47	1	
   48	2	
   49	569	
   50	1025	
   51	1181	
   52	1178	
   53	1179	
   54	1182	
   55	1186	
   56	1189	
   57	1194	
   58	1199	
   59	1202	
   60	1203	
   61	1208	
   62	1210	
   63	1212	
   64	1216	
   65	1216	
   66	1221	
   67	1223	
   68	1226	
   69	1229	
   70	1231	
   71	1235	
   72	1239	
   73	1246	
   74	1246	
   75	1247	
   76	1247	
   77	1251	
   78	1251	
   79	1252	
   80	1253	
   81	1258	
   82	1260	
   83	1259	
   84	1260	
   85	1265	
   86	1268	
   87	1265	
   88	1267	
   89	1270	
   90	1267	
   91	1265	
   92	1265	
   93	1265	
   94	1268	
   95	1267	
   96	1268	
   97	1270	
   98	1268	
   99	1266	
  100	1260	
  101	1242	
  102	1199	
  103	1151	
  104	1114	
  105	1105	
  106	1099	
  107	1099	
  108	1099	
  109	1100	
  110	1097	
  111	1099	
  112	1099	
  113	1098	
  114	1096	
  115	1096	
  116	1096	
  117	1096	
  118	1096	
  119	1097	
  120	1098	
  121	1096	
  122	1098	
  123	2	
  124	2	
  125	2	
  126	2	
  127	2	
  128	2	
  129	2	
  130	2	
