    1	-1	
    2	0	
    3	0	
    4	0	
    5	0	
    6	0	
    7	0	
    8	-1	
    9	-1	
   10	-1	
   11	-1	
   12	-1	
   13	0	
   14	0	
   15	-1	
   16	0	
   17	0	
   18	0	
   19	-76	
   20	-53	
   21	-39	
   22	-33	
   23	-31	
   24	-30	
   25	-28	
   26	-27	
   27	-27	
   28	-26	
   29	-26	
   30	-25	
   31	-24	
   32	1	
   33	-1	
   34	-1	
   35	-1	
   36	-1	
   37	-1	
   38	-1	
   39	-1	
   40	0	
   41	0	
   42	-1	
   43	-1	
   44	-1	
   45	-1	
   46	0	
   47	-1	
   48	0	
   49	-1	
   50	-63	
   51	-101	
   52	-102	
   53	-108	
   54	-108	
   55	-109	
   56	-110	
   57	-111	
   58	-110	
   59	-110	
   60	-111	
   61	-111	
   62	-111	
   63	-112	
   64	-112	
   65	-112	
   66	-112	
   67	-112	
   68	-112	
   69	-113	
   70	-113	
   71	-113	
   72	-113	
   73	-113	
   74	-113	
   75	-113	
   76	-114	
   77	-114	
   78	-114	
   79	-114	
   80	-114	
   81	-114	
   82	-114	
   83	-114	
   84	-114	
   85	-114	
   86	-114	
   87	-114	
   88	-115	
   89	-115	
   90	-115	
   91	-115	
   92	-115	
   93	-115	
   94	-115	
   95	-115	
   96	-115	
   97	-115	
   98	-115	
   99	-115	
  100	-115	
  101	-115	
  102	-115	
  103	-114	
  104	-113	
  105	-111	
  106	-109	
  107	-108	
  108	-108	
  109	-108	
  110	-107	
  111	-108	
  112	-107	
  113	-107	
  114	-107	
  115	-107	
  116	-107	
  117	-107	
  118	-107	
  119	-107	
  120	-106	
  121	-106	
  122	-106	
  123	-106	
  124	-106	
  125	-1	
  126	0	
  127	-1	
  128	0	
  129	0	
  130	-1	
  131	0	
  132	0	
