    1	-12	
    2	-12	
    3	-11	
    4	-12	
    5	-12	
    6	-12	
    7	-12	
    8	-12	
    9	-11	
   10	-12	
   11	-12	
   12	-12	
   13	-12	
   14	-12	
   15	-12	
   16	-12	
   17	-12	
   18	-12	
   19	-12	
   20	757	
   21	886	
   22	789	
   23	704	
   24	619	
   25	574	
   26	538	
   27	504	
   28	482	
   29	460	
   30	444	
   31	432	
   32	418	
   33	-5	
   34	-11	
   35	-11	
   36	-11	
   37	-11	
   38	-12	
   39	-11	
   40	-11	
   41	-11	
   42	-12	
   43	-12	
   44	-12	
   45	-12	
   46	-12	
   47	-12	
   48	-12	
   49	581	
   50	709	
   51	898	
   52	912	
   53	929	
   54	938	
   55	944	
   56	953	
   57	957	
   58	958	
   59	954	
   60	951	
   61	948	
   62	943	
   63	943	
   64	941	
   65	938	
   66	935	
   67	934	
   68	932	
   69	931	
   70	927	
   71	925	
   72	925	
   73	922	
   74	920	
   75	921	
   76	919	
   77	921	
   78	912	
   79	911	
   80	910	
   81	910	
   82	911	
   83	913	
   84	914	
   85	912	
   86	910	
   87	912	
   88	913	
   89	914	
   90	914	
   91	916	
   92	915	
   93	916	
   94	916	
   95	917	
   96	917	
   97	920	
   98	918	
   99	920	
  100	925	
  101	924	
  102	944	
  103	952	
  104	962	
  105	964	
  106	963	
  107	960	
  108	954	
  109	953	
  110	953	
  111	950	
  112	951	
  113	948	
  114	943	
  115	946	
  116	944	
  117	944	
  118	943	
  119	942	
  120	944	
  121	940	
  122	942	
  123	-9	
  124	-11	
  125	-11	
  126	-11	
  127	-12	
  128	-12	
  129	-12	
  130	-11	
  131	-12	
