    1	-1	
    2	0	
    3	-1	
    4	0	
    5	-1	
    6	-1	
    7	-1	
    8	-1	
    9	-1	
   10	0	
   11	0	
   12	0	
   13	0	
   14	-1	
   15	0	
   16	-1	
   17	0	
   18	0	
   19	-1	
   20	-77	
   21	-55	
   22	-39	
   23	-35	
   24	-32	
   25	-30	
   26	-29	
   27	-28	
   28	-27	
   29	-26	
   30	-26	
   31	-25	
   32	-25	
   33	-24	
   34	0	
   35	-1	
   36	0	
   37	-1	
   38	-1	
   39	-1	
   40	-1	
   41	-1	
   42	0	
   43	-1	
   44	0	
   45	0	
   46	0	
   47	-2	
   48	-1	
   49	0	
   50	-96	
   51	-104	
   52	-106	
   53	-107	
   54	-108	
   55	-108	
   56	-109	
   57	-109	
   58	-110	
   59	-110	
   60	-110	
   61	-111	
   62	-111	
   63	-111	
   64	-112	
   65	-112	
   66	-112	
   67	-112	
   68	-113	
   69	-113	
   70	-114	
   71	-114	
   72	-114	
   73	-114	
   74	-114	
   75	-114	
   76	-114	
   77	-115	
   78	-115	
   79	-115	
   80	-115	
   81	-115	
   82	-116	
   83	-116	
   84	-116	
   85	-116	
   86	-116	
   87	-116	
   88	-116	
   89	-116	
   90	-116	
   91	-116	
   92	-116	
   93	-116	
   94	-116	
   95	-116	
   96	-116	
   97	-116	
   98	-116	
   99	-116	
  100	-114	
  101	-113	
  102	-112	
  103	-111	
  104	-109	
  105	-109	
  106	-109	
  107	-109	
  108	-110	
  109	-109	
  110	-109	
  111	-109	
  112	-109	
  113	-109	
  114	-109	
  115	-109	
  116	-109	
  117	-109	
  118	-109	
  119	-109	
  120	-108	
  121	0	
  122	-1	
  123	0	
  124	-1	
  125	0	
  126	0	
  127	-1	
  128	-1	
