    1	0	
    2	0	
    3	0	
    4	-1	
    5	0	
    6	0	
    7	0	
    8	0	
    9	0	
   10	0	
   11	-1	
   12	-1	
   13	0	
   14	0	
   15	-1	
   16	-1	
   17	0	
   18	0	
   19	-48	
   20	-37	
   21	-33	
   22	-31	
   23	-29	
   24	-28	
   25	-27	
   26	-26	
   27	-26	
   28	-25	
   29	-25	
   30	-24	
   31	-1	
   32	-1	
   33	0	
   34	-1	
   35	-1	
   36	0	
   37	0	
   38	0	
   39	0	
   40	0	
   41	0	
   42	0	
   43	0	
   44	0	
   45	-1	
   46	-1	
   47	12	
   48	-97	
   49	-104	
   50	-105	
   51	-106	
   52	-106	
   53	-107	
   54	-108	
   55	-108	
   56	-109	
   57	-109	
   58	-110	
   59	-111	
   60	-111	
   61	-111	
   62	-111	
   63	-112	
   64	-112	
   65	-112	
   66	-112	
   67	-113	
   68	-113	
   69	-113	
   70	-113	
   71	-113	
   72	-113	
   73	-113	
   74	-113	
   75	-114	
   76	-114	
   77	-114	
   78	-114	
   79	-114	
   80	-114	
   81	-114	
   82	-114	
   83	-115	
   84	-115	
   85	-115	
   86	-115	
   87	-115	
   88	-114	
   89	-115	
   90	-115	
   91	-115	
   92	-115	
   93	-115	
   94	-115	
   95	-115	
   96	-114	
   97	-114	
   98	-114	
   99	-113	
  100	-113	
  101	-112	
  102	-110	
  103	-109	
  104	-109	
  105	-109	
  106	-109	
  107	-109	
  108	-108	
  109	-108	
  110	-108	
  111	-108	
  112	-108	
  113	-108	
  114	-108	
  115	-108	
  116	-108	
  117	-108	
  118	-108	
  119	-2	
  120	0	
  121	-1	
  122	-1	
  123	0	
  124	-1	
  125	0	
  126	0	
  127	0	
