    1	0	
    2	-1	
    3	-1	
    4	-1	
    5	0	
    6	0	
    7	0	
    8	0	
    9	0	
   10	0	
   11	-1	
   12	-1	
   13	-2	
   14	-1	
   15	-1	
   16	-1	
   17	-1	
   18	-1	
   19	-78	
   20	-56	
   21	-39	
   22	-35	
   23	-32	
   24	-30	
   25	-29	
   26	-28	
   27	-27	
   28	-26	
   29	-26	
   30	-25	
   31	-25	
   32	1	
   33	-1	
   34	0	
   35	0	
   36	0	
   37	0	
   38	0	
   39	0	
   40	0	
   41	0	
   42	-1	
   43	-1	
   44	0	
   45	0	
   46	0	
   47	-1	
   48	-1	
   49	10	
   50	-72	
   51	-102	
   52	-104	
   53	-104	
   54	-108	
   55	-108	
   56	-108	
   57	-109	
   58	-110	
   59	-110	
   60	-111	
   61	-111	
   62	-111	
   63	-112	
   64	-112	
   65	-112	
   66	-112	
   67	-112	
   68	-113	
   69	-113	
   70	-113	
   71	-113	
   72	-113	
   73	-114	
   74	-114	
   75	-114	
   76	-114	
   77	-114	
   78	-114	
   79	-115	
   80	-115	
   81	-115	
   82	-115	
   83	-115	
   84	-115	
   85	-115	
   86	-115	
   87	-115	
   88	-115	
   89	-115	
   90	-115	
   91	-115	
   92	-115	
   93	-115	
   94	-115	
   95	-115	
   96	-115	
   97	-115	
   98	-115	
   99	-115	
  100	-115	
  101	-113	
  102	-112	
  103	-112	
  104	-110	
  105	-108	
  106	-108	
  107	-108	
  108	-108	
  109	-108	
  110	-108	
  111	-108	
  112	-108	
  113	-108	
  114	-108	
  115	-108	
  116	-108	
  117	-108	
  118	-108	
  119	-108	
  120	-108	
  121	-7	
  122	0	
  123	0	
  124	-1	
  125	-1	
  126	0	
  127	-1	
  128	0	
  129	0	
