    1	-1	
    2	-1	
    3	-1	
    4	0	
    5	0	
    6	0	
    7	0	
    8	-1	
    9	0	
   10	0	
   11	0	
   12	-1	
   13	-1	
   14	0	
   15	0	
   16	-1	
   17	-1	
   18	0	
   19	0	
   20	-1	
   21	-68	
   22	-52	
   23	-39	
   24	-34	
   25	-31	
   26	-29	
   27	-28	
   28	-27	
   29	-27	
   30	-26	
   31	-25	
   32	-25	
   33	-24	
   34	1	
   35	-1	
   36	-1	
   37	-1	
   38	-1	
   39	-1	
   40	-1	
   41	-1	
   42	-1	
   43	-1	
   44	0	
   45	-1	
   46	0	
   47	-1	
   48	-1	
   49	-1	
   50	-1	
   51	-1	
   52	0	
   53	-64	
   54	-101	
   55	-102	
   56	-109	
   57	-111	
   58	-111	
   59	-112	
   60	-112	
   61	-113	
   62	-113	
   63	-114	
   64	-114	
   65	-114	
   66	-114	
   67	-114	
   68	-115	
   69	-115	
   70	-114	
   71	-115	
   72	-115	
   73	-115	
   74	-115	
   75	-115	
   76	-116	
   77	-116	
   78	-116	
   79	-116	
   80	-116	
   81	-117	
   82	-117	
   83	-117	
   84	-118	
   85	-117	
   86	-116	
   87	-116	
   88	-116	
   89	-116	
   90	-116	
   91	-116	
   92	-116	
   93	-116	
   94	-116	
   95	-116	
   96	-116	
   97	-116	
   98	-116	
   99	-116	
  100	-116	
  101	-116	
  102	-116	
  103	-116	
  104	-116	
  105	-116	
  106	-114	
  107	-113	
  108	-111	
  109	-109	
  110	-109	
  111	-109	
  112	-108	
  113	-108	
  114	-108	
  115	-108	
  116	-108	
  117	-108	
  118	-108	
  119	-108	
  120	-108	
  121	-108	
  122	-107	
  123	-108	
  124	-108	
  125	-108	
  126	-108	
  127	-2	
  128	0	
  129	0	
  130	0	
  131	0	
  132	0	
  133	-1	
  134	0	
  135	0	
