    1	1	
    2	1	
    3	1	
    4	1	
    5	1	
    6	1	
    7	2	
    8	1	
    9	1	
   10	1	
   11	1	
   12	1	
   13	1	
   14	1	
   15	1	
   16	1	
   17	1	
   18	1	
   19	2047	
   20	2047	
   21	2047	
   22	2047	
   23	2047	
   24	2047	
   25	2047	
   26	2047	
   27	2047	
   28	2047	
   29	2047	
   30	2047	
   31	2014	
   32	1988	
   33	3	
   34	2	
   35	2	
   36	1	
   37	1	
   38	1	
   39	1	
   40	1	
   41	1	
   42	1	
   43	1	
   44	1	
   45	1	
   46	1	
   47	1	
   48	1	
   49	1	
   50	984	
   51	1172	
   52	1187	
   53	1193	
   54	1193	
   55	1198	
   56	1205	
   57	1211	
   58	1216	
   59	1216	
   60	1218	
   61	1223	
   62	1227	
   63	1230	
   64	1231	
   65	1233	
   66	1237	
   67	1240	
   68	1244	
   69	1246	
   70	1248	
   71	1250	
   72	1253	
   73	1256	
   74	1259	
   75	1260	
   76	1261	
   77	1264	
   78	1269	
   79	1269	
   80	1267	
   81	1267	
   82	1268	
   83	1270	
   84	1270	
   85	1272	
   86	1270	
   87	1273	
   88	1273	
   89	1273	
   90	1273	
   91	1272	
   92	1271	
   93	1272	
   94	1273	
   95	1274	
   96	1269	
   97	1274	
   98	1272	
   99	1272	
  100	1274	
  101	1269	
  102	1259	
  103	1216	
  104	1178	
  105	1149	
  106	1119	
  107	1110	
  108	1102	
  109	1100	
  110	1099	
  111	1098	
  112	1096	
  113	1096	
  114	1095	
  115	1096	
  116	1097	
  117	1097	
  118	1098	
  119	1098	
  120	1100	
  121	1100	
  122	1101	
  123	1101	
  124	161	
  125	2	
  126	2	
  127	2	
  128	2	
  129	1	
  130	2	
  131	1	
  132	1	
