    1	-12	
    2	-12	
    3	-11	
    4	-12	
    5	-11	
    6	-11	
    7	-11	
    8	-11	
    9	-11	
   10	-12	
   11	-12	
   12	-12	
   13	-12	
   14	-12	
   15	-12	
   16	-12	
   17	-12	
   18	-12	
   19	-12	
   20	-12	
   21	826	
   22	941	
   23	840	
   24	728	
   25	656	
   26	589	
   27	550	
   28	520	
   29	491	
   30	470	
   31	450	
   32	436	
   33	424	
   34	48	
   35	-11	
   36	-11	
   37	-11	
   38	-11	
   39	-11	
   40	-11	
   41	-11	
   42	-11	
   43	-12	
   44	-11	
   45	-11	
   46	-12	
   47	-12	
   48	-12	
   49	-12	
   50	-11	
   51	-12	
   52	-12	
   53	628	
   54	861	
   55	890	
   56	916	
   57	930	
   58	937	
   59	944	
   60	948	
   61	949	
   62	947	
   63	949	
   64	948	
   65	943	
   66	943	
   67	938	
   68	935	
   69	926	
   70	922	
   71	921	
   72	918	
   73	913	
   74	916	
   75	917	
   76	914	
   77	912	
   78	911	
   79	911	
   80	909	
   81	912	
   82	910	
   83	910	
   84	910	
   85	905	
   86	914	
   87	912	
   88	913	
   89	912	
   90	911	
   91	909	
   92	910	
   93	911	
   94	913	
   95	911	
   96	911	
   97	913	
   98	915	
   99	914	
  100	916	
  101	917	
  102	923	
  103	920	
  104	920	
  105	925	
  106	932	
  107	955	
  108	967	
  109	973	
  110	972	
  111	968	
  112	963	
  113	960	
  114	960	
  115	955	
  116	956	
  117	952	
  118	952	
  119	952	
  120	950	
  121	948	
  122	948	
  123	948	
  124	948	
  125	948	
  126	947	
  127	5	
  128	-11	
  129	-11	
  130	-11	
  131	-11	
  132	-12	
  133	-11	
  134	-11	
  135	-11	
