    1	-12	
    2	-12	
    3	-12	
    4	-12	
    5	-12	
    6	-12	
    7	-12	
    8	-12	
    9	-12	
   10	-12	
   11	-12	
   12	-12	
   13	-12	
   14	-12	
   15	-12	
   16	685	
   17	831	
   18	711	
   19	617	
   20	530	
   21	483	
   22	442	
   23	420	
   24	402	
   25	385	
   26	373	
   27	361	
   28	353	
   29	36	
   30	-11	
   31	-12	
   32	-11	
   33	-12	
   34	-12	
   35	-12	
   36	-12	
   37	-12	
   38	-12	
   39	-12	
   40	-12	
   41	-12	
   42	-12	
   43	-12	
   44	-12	
   45	-12	
   46	601	
   47	716	
   48	726	
   49	733	
   50	740	
   51	743	
   52	745	
   53	748	
   54	750	
   55	753	
   56	756	
   57	761	
   58	759	
   59	761	
   60	762	
   61	763	
   62	762	
   63	763	
   64	763	
   65	760	
   66	760	
   67	760	
   68	760	
   69	758	
   70	759	
   71	758	
   72	756	
   73	756	
   74	756	
   75	753	
   76	755	
   77	755	
   78	755	
   79	755	
   80	754	
   81	753	
   82	754	
   83	755	
   84	755	
   85	755	
   86	754	
   87	756	
   88	756	
   89	756	
   90	757	
   91	756	
   92	756	
   93	759	
   94	759	
   95	759	
   96	761	
   97	770	
   98	781	
   99	784	
  100	782	
  101	781	
  102	779	
  103	774	
  104	773	
  105	774	
  106	776	
  107	773	
  108	773	
  109	773	
  110	772	
  111	772	
  112	772	
  113	771	
  114	773	
  115	774	
  116	774	
  117	100	
  118	-11	
  119	-12	
  120	-12	
  121	-12	
  122	-12	
  123	-12	
  124	-12	
  125	-12	
