    1	0	
    2	-1	
    3	0	
    4	0	
    5	-1	
    6	0	
    7	0	
    8	-1	
    9	0	
   10	-1	
   11	0	
   12	0	
   13	0	
   14	0	
   15	-1	
   16	-1	
   17	-1	
   18	-1	
   19	-1	
   20	-79	
   21	-50	
   22	-33	
   23	-28	
   24	-25	
   25	-23	
   26	-22	
   27	-21	
   28	-20	
   29	-20	
   30	-19	
   31	-19	
   32	-19	
   33	1	
   34	-1	
   35	0	
   36	0	
   37	0	
   38	0	
   39	0	
   40	-1	
   41	-1	
   42	-1	
   43	-1	
   44	-1	
   45	0	
   46	0	
   47	0	
   48	0	
   49	0	
   50	-38	
   51	-80	
   52	-81	
   53	-79	
   54	-78	
   55	-78	
   56	-78	
   57	-78	
   58	-79	
   59	-79	
   60	-80	
   61	-80	
   62	-81	
   63	-80	
   64	-80	
   65	-81	
   66	-81	
   67	-81	
   68	-81	
   69	-81	
   70	-81	
   71	-81	
   72	-81	
   73	-81	
   74	-81	
   75	-81	
   76	-81	
   77	-81	
   78	-81	
   79	-81	
   80	-81	
   81	-81	
   82	-81	
   83	-81	
   84	-82	
   85	-81	
   86	-81	
   87	-80	
   88	-81	
   89	-81	
   90	-81	
   91	-81	
   92	-81	
   93	-81	
   94	-81	
   95	-81	
   96	-81	
   97	-81	
   98	-81	
   99	-81	
  100	-80	
  101	-80	
  102	-78	
  103	-77	
  104	-76	
  105	-76	
  106	-76	
  107	-75	
  108	-75	
  109	-75	
  110	-75	
  111	-75	
  112	-75	
  113	-75	
  114	-75	
  115	-75	
  116	-75	
  117	-75	
  118	-75	
  119	-75	
  120	-75	
  121	-75	
  122	-75	
  123	0	
  124	0	
  125	-1	
  126	0	
  127	-1	
  128	-1	
  129	-1	
  130	-1	
