    1	0	
    2	0	
    3	0	
    4	0	
    5	0	
    6	-1	
    7	-1	
    8	-1	
    9	-1	
   10	0	
   11	0	
   12	0	
   13	0	
   14	0	
   15	-1	
   16	0	
   17	0	
   18	0	
   19	0	
   20	-81	
   21	-51	
   22	-34	
   23	-27	
   24	-25	
   25	-24	
   26	-21	
   27	-21	
   28	-20	
   29	-20	
   30	-20	
   31	-19	
   32	-19	
   33	1	
   34	-1	
   35	-1	
   36	-1	
   37	0	
   38	-1	
   39	-1	
   40	0	
   41	-1	
   42	-1	
   43	-1	
   44	0	
   45	0	
   46	-1	
   47	-1	
   48	0	
   49	0	
   50	-40	
   51	-82	
   52	-82	
   53	-80	
   54	-79	
   55	-79	
   56	-79	
   57	-79	
   58	-79	
   59	-80	
   60	-80	
   61	-81	
   62	-81	
   63	-82	
   64	-81	
   65	-82	
   66	-82	
   67	-82	
   68	-82	
   69	-82	
   70	-82	
   71	-82	
   72	-82	
   73	-82	
   74	-82	
   75	-82	
   76	-82	
   77	-82	
   78	-82	
   79	-82	
   80	-83	
   81	-82	
   82	-83	
   83	-83	
   84	-82	
   85	-82	
   86	-82	
   87	-82	
   88	-82	
   89	-82	
   90	-82	
   91	-82	
   92	-82	
   93	-82	
   94	-82	
   95	-82	
   96	-82	
   97	-82	
   98	-82	
   99	-82	
  100	-82	
  101	-81	
  102	-80	
  103	-79	
  104	-78	
  105	-77	
  106	-78	
  107	-77	
  108	-77	
  109	-77	
  110	-76	
  111	-76	
  112	-76	
  113	-76	
  114	-76	
  115	-76	
  116	-76	
  117	-76	
  118	-76	
  119	-76	
  120	-76	
  121	-76	
  122	-76	
  123	0	
  124	0	
  125	0	
  126	0	
  127	0	
  128	-1	
  129	0	
  130	-1	
