    1	-11	
    2	-11	
    3	-11	
    4	-11	
    5	-11	
    6	-11	
    7	-11	
    8	-11	
    9	-11	
   10	-11	
   11	-11	
   12	-12	
   13	-12	
   14	-11	
   15	-11	
   16	-12	
   17	-11	
   18	-11	
   19	-12	
   20	687	
   21	785	
   22	688	
   23	582	
   24	519	
   25	473	
   26	432	
   27	409	
   28	383	
   29	369	
   30	359	
   31	347	
   32	339	
   33	38	
   34	-11	
   35	-11	
   36	-11	
   37	-11	
   38	-11	
   39	-11	
   40	-11	
   41	-11	
   42	-11	
   43	-11	
   44	-11	
   45	-11	
   46	-11	
   47	-11	
   48	-11	
   49	-12	
   50	574	
   51	705	
   52	742	
   53	758	
   54	765	
   55	768	
   56	777	
   57	781	
   58	785	
   59	788	
   60	788	
   61	788	
   62	789	
   63	788	
   64	785	
   65	782	
   66	780	
   67	780	
   68	779	
   69	777	
   70	774	
   71	772	
   72	773	
   73	770	
   74	768	
   75	767	
   76	766	
   77	767	
   78	766	
   79	769	
   80	768	
   81	765	
   82	762	
   83	761	
   84	762	
   85	762	
   86	761	
   87	760	
   88	761	
   89	764	
   90	762	
   91	765	
   92	763	
   93	763	
   94	762	
   95	763	
   96	765	
   97	763	
   98	761	
   99	762	
  100	764	
  101	765	
  102	767	
  103	771	
  104	781	
  105	787	
  106	794	
  107	789	
  108	783	
  109	783	
  110	781	
  111	780	
  112	779	
  113	780	
  114	778	
  115	780	
  116	778	
  117	778	
  118	780	
  119	781	
  120	779	
  121	775	
  122	777	
  123	776	
  124	778	
  125	778	
  126	2	
  127	-11	
  128	-11	
  129	-11	
  130	-11	
  131	-11	
  132	-12	
  133	-11	
  134	-11	
