    1	-1	
    2	-1	
    3	-1	
    4	-1	
    5	-1	
    6	-1	
    7	0	
    8	-1	
    9	0	
   10	-1	
   11	0	
   12	-1	
   13	-1	
   14	0	
   15	0	
   16	-1	
   17	0	
   18	0	
   19	-1	
   20	0	
   21	-70	
   22	-49	
   23	-31	
   24	-28	
   25	-26	
   26	-24	
   27	-23	
   28	-23	
   29	-22	
   30	-21	
   31	-21	
   32	-20	
   33	-20	
   34	-1	
   35	-1	
   36	-1	
   37	-1	
   38	-1	
   39	-1	
   40	0	
   41	-1	
   42	0	
   43	-1	
   44	0	
   45	0	
   46	-1	
   47	-1	
   48	-1	
   49	0	
   50	18	
   51	-69	
   52	-88	
   53	-97	
   54	-97	
   55	-97	
   56	-98	
   57	-99	
   58	-100	
   59	-100	
   60	-100	
   61	-100	
   62	-100	
   63	-100	
   64	-100	
   65	-101	
   66	-101	
   67	-101	
   68	-101	
   69	-101	
   70	-101	
   71	-101	
   72	-101	
   73	-101	
   74	-101	
   75	-101	
   76	-101	
   77	-101	
   78	-101	
   79	-101	
   80	-101	
   81	-101	
   82	-101	
   83	-101	
   84	-101	
   85	-101	
   86	-101	
   87	-101	
   88	-101	
   89	-101	
   90	-101	
   91	-101	
   92	-101	
   93	-101	
   94	-101	
   95	-101	
   96	-102	
   97	-101	
   98	-101	
   99	-101	
  100	-101	
  101	-101	
  102	-100	
  103	-99	
  104	-97	
  105	-95	
  106	-93	
  107	-93	
  108	-93	
  109	-93	
  110	-93	
  111	-93	
  112	-93	
  113	-93	
  114	-92	
  115	-92	
  116	-92	
  117	-92	
  118	-92	
  119	-92	
  120	-92	
  121	-92	
  122	-92	
  123	-92	
  124	-92	
  125	-92	
  126	0	
  127	-1	
  128	-1	
  129	-1	
  130	0	
  131	0	
  132	0	
  133	-1	
  134	0	
