    1	-1	
    2	-1	
    3	0	
    4	0	
    5	0	
    6	0	
    7	0	
    8	-1	
    9	0	
   10	0	
   11	-1	
   12	-1	
   13	-1	
   14	-1	
   15	0	
   16	0	
   17	-1	
   18	-1	
   19	0	
   20	0	
   21	-70	
   22	-48	
   23	-35	
   24	-29	
   25	-27	
   26	-24	
   27	-24	
   28	-23	
   29	-22	
   30	-22	
   31	-21	
   32	-21	
   33	-20	
   34	1	
   35	0	
   36	0	
   37	0	
   38	-1	
   39	0	
   40	0	
   41	-1	
   42	0	
   43	0	
   44	-1	
   45	0	
   46	-1	
   47	-1	
   48	-1	
   49	-1	
   50	-1	
   51	-1	
   52	-1	
   53	0	
   54	-70	
   55	-96	
   56	-95	
   57	-95	
   58	-95	
   59	-95	
   60	-96	
   61	-96	
   62	-97	
   63	-96	
   64	-96	
   65	-97	
   66	-96	
   67	-97	
   68	-97	
   69	-97	
   70	-97	
   71	-97	
   72	-97	
   73	-97	
   74	-98	
   75	-98	
   76	-98	
   77	-98	
   78	-98	
   79	-98	
   80	-98	
   81	-98	
   82	-98	
   83	-98	
   84	-98	
   85	-98	
   86	-98	
   87	-98	
   88	-98	
   89	-99	
   90	-98	
   91	-99	
   92	-99	
   93	-99	
   94	-99	
   95	-99	
   96	-99	
   97	-99	
   98	-99	
   99	-99	
  100	-99	
  101	-99	
  102	-99	
  103	-99	
  104	-98	
  105	-97	
  106	-94	
  107	-93	
  108	-92	
  109	-92	
  110	-92	
  111	-92	
  112	-92	
  113	-92	
  114	-92	
  115	-92	
  116	-92	
  117	-92	
  118	-92	
  119	-91	
  120	-92	
  121	-92	
  122	-92	
  123	-92	
  124	-92	
  125	-92	
  126	-91	
  127	-91	
  128	-91	
  129	-1	
  130	0	
  131	-1	
  132	0	
  133	0	
  134	0	
  135	0	
  136	0	
  137	-1	
