    1	1	
    2	1	
    3	1	
    4	1	
    5	1	
    6	1	
    7	1	
    8	1	
    9	1	
   10	1	
   11	1	
   12	1	
   13	1	
   14	1	
   15	1	
   16	1	
   17	1	
   18	1	
   19	1	
   20	1	
   21	2047	
   22	2047	
   23	2047	
   24	2047	
   25	2047	
   26	2047	
   27	2047	
   28	2047	
   29	2047	
   30	2047	
   31	2027	
   32	2004	
   33	1984	
   34	282	
   35	2	
   36	1	
   37	1	
   38	1	
   39	1	
   40	1	
   41	1	
   42	1	
   43	1	
   44	1	
   45	1	
   46	1	
   47	1	
   48	1	
   49	1	
   50	1	
   51	1	
   52	1	
   53	1	
   54	1041	
   55	1169	
   56	1171	
   57	1183	
   58	1188	
   59	1192	
   60	1198	
   61	1204	
   62	1208	
   63	1212	
   64	1212	
   65	1216	
   66	1218	
   67	1222	
   68	1226	
   69	1231	
   70	1233	
   71	1235	
   72	1237	
   73	1241	
   74	1244	
   75	1247	
   76	1249	
   77	1252	
   78	1256	
   79	1255	
   80	1256	
   81	1258	
   82	1258	
   83	1261	
   84	1264	
   85	1263	
   86	1266	
   87	1267	
   88	1268	
   89	1270	
   90	1271	
   91	1271	
   92	1274	
   93	1273	
   94	1275	
   95	1276	
   96	1278	
   97	1276	
   98	1279	
   99	1276	
  100	1275	
  101	1273	
  102	1274	
  103	1272	
  104	1263	
  105	1240	
  106	1183	
  107	1130	
  108	1089	
  109	1079	
  110	1073	
  111	1072	
  112	1073	
  113	1069	
  114	1069	
  115	1069	
  116	1068	
  117	1069	
  118	1068	
  119	1068	
  120	1069	
  121	1068	
  122	1069	
  123	1068	
  124	1069	
  125	1069	
  126	1068	
  127	1068	
  128	1066	
  129	4	
  130	1	
  131	1	
  132	1	
  133	1	
  134	1	
  135	1	
  136	1	
  137	1	
