    1	-11	
    2	-11	
    3	-11	
    4	-11	
    5	-11	
    6	-11	
    7	-11	
    8	-11	
    9	-11	
   10	-11	
   11	-11	
   12	-11	
   13	-11	
   14	-11	
   15	-11	
   16	-11	
   17	-11	
   18	-11	
   19	-11	
   20	-11	
   21	-11	
   22	-11	
   23	-11	
   24	934	
   25	976	
   26	811	
   27	707	
   28	628	
   29	562	
   30	525	
   31	490	
   32	469	
   33	453	
   34	436	
   35	424	
   36	412	
   37	-4	
   38	-11	
   39	-11	
   40	-11	
   41	-11	
   42	-11	
   43	-11	
   44	-11	
   45	-11	
   46	-11	
   47	-11	
   48	-11	
   49	-11	
   50	-11	
   51	-11	
   52	-11	
   53	-11	
   54	408	
   55	708	
   56	844	
   57	862	
   58	872	
   59	886	
   60	890	
   61	897	
   62	902	
   63	907	
   64	908	
   65	905	
   66	902	
   67	902	
   68	901	
   69	900	
   70	898	
   71	897	
   72	898	
   73	897	
   74	895	
   75	893	
   76	894	
   77	895	
   78	894	
   79	891	
   80	892	
   81	891	
   82	891	
   83	891	
   84	888	
   85	887	
   86	886	
   87	886	
   88	886	
   89	886	
   90	885	
   91	885	
   92	887	
   93	887	
   94	886	
   95	887	
   96	886	
   97	885	
   98	887	
   99	888	
  100	887	
  101	889	
  102	889	
  103	892	
  104	905	
  105	913	
  106	913	
  107	901	
  108	897	
  109	892	
  110	889	
  111	886	
  112	883	
  113	881	
  114	880	
  115	880	
  116	879	
  117	880	
  118	879	
  119	879	
  120	879	
  121	880	
  122	880	
  123	880	
  124	-11	
  125	-11	
  126	-11	
  127	-11	
  128	-11	
  129	-11	
  130	-11	
  131	-11	
