    1	1	
    2	1	
    3	1	
    4	1	
    5	1	
    6	1	
    7	1	
    8	1	
    9	1	
   10	1	
   11	1	
   12	1	
   13	1	
   14	1	
   15	1	
   16	1	
   17	1	
   18	1	
   19	1	
   20	1	
   21	1	
   22	1	
   23	1	
   24	2047	
   25	2047	
   26	2047	
   27	2047	
   28	2047	
   29	2047	
   30	2047	
   31	2047	
   32	2047	
   33	2047	
   34	2047	
   35	2047	
   36	2047	
   37	35	
   38	2	
   39	1	
   40	1	
   41	1	
   42	1	
   43	1	
   44	1	
   45	1	
   46	1	
   47	1	
   48	1	
   49	1	
   50	1	
   51	1	
   52	1	
   53	1	
   54	521	
   55	1025	
   56	1125	
   57	1153	
   58	1176	
   59	1194	
   60	1204	
   61	1216	
   62	1220	
   63	1227	
   64	1232	
   65	1235	
   66	1240	
   67	1244	
   68	1248	
   69	1252	
   70	1257	
   71	1263	
   72	1264	
   73	1267	
   74	1271	
   75	1275	
   76	1278	
   77	1281	
   78	1287	
   79	1290	
   80	1293	
   81	1297	
   82	1299	
   83	1299	
   84	1299	
   85	1302	
   86	1304	
   87	1305	
   88	1307	
   89	1309	
   90	1309	
   91	1311	
   92	1312	
   93	1313	
   94	1314	
   95	1313	
   96	1313	
   97	1313	
   98	1313	
   99	1313	
  100	1314	
  101	1315	
  102	1314	
  103	1313	
  104	1310	
  105	1300	
  106	1254	
  107	1193	
  108	1126	
  109	1107	
  110	1102	
  111	1099	
  112	1096	
  113	1093	
  114	1092	
  115	1093	
  116	1093	
  117	1092	
  118	1092	
  119	1093	
  120	1092	
  121	1095	
  122	1093	
  123	1093	
  124	1092	
  125	1092	
  126	19	
  127	1	
  128	1	
  129	1	
  130	1	
  131	1	
  132	1	
  133	1	
  134	1	
