    1	-11	
    2	-11	
    3	-11	
    4	-11	
    5	-11	
    6	-11	
    7	-11	
    8	-11	
    9	-11	
   10	-11	
   11	-11	
   12	-11	
   13	-11	
   14	-11	
   15	-11	
   16	-11	
   17	-11	
   18	-11	
   19	-11	
   20	-11	
   21	-11	
   22	-11	
   23	-11	
   24	931	
   25	988	
   26	826	
   27	721	
   28	624	
   29	570	
   30	531	
   31	495	
   32	473	
   33	452	
   34	438	
   35	426	
   36	413	
   37	-4	
   38	-11	
   39	-11	
   40	-11	
   41	-11	
   42	-11	
   43	-11	
   44	-11	
   45	-11	
   46	-11	
   47	-11	
   48	-11	
   49	-11	
   50	-11	
   51	-11	
   52	-11	
   53	-11	
   54	-11	
   55	392	
   56	748	
   57	845	
   58	861	
   59	872	
   60	882	
   61	889	
   62	895	
   63	902	
   64	905	
   65	909	
   66	910	
   67	906	
   68	903	
   69	901	
   70	900	
   71	898	
   72	896	
   73	895	
   74	893	
   75	894	
   76	891	
   77	889	
   78	889	
   79	887	
   80	888	
   81	888	
   82	887	
   83	887	
   84	886	
   85	888	
   86	887	
   87	888	
   88	889	
   89	888	
   90	887	
   91	889	
   92	888	
   93	888	
   94	888	
   95	887	
   96	888	
   97	888	
   98	888	
   99	889	
  100	890	
  101	891	
  102	893	
  103	897	
  104	910	
  105	930	
  106	937	
  107	919	
  108	905	
  109	900	
  110	896	
  111	893	
  112	891	
  113	889	
  114	887	
  115	885	
  116	884	
  117	884	
  118	883	
  119	884	
  120	883	
  121	884	
  122	884	
  123	884	
  124	4	
  125	-11	
  126	-11	
  127	-11	
  128	-11	
  129	-11	
  130	-11	
  131	-11	
  132	-11	
