    1	-11	
    2	-11	
    3	-11	
    4	-11	
    5	-11	
    6	-11	
    7	-11	
    8	-11	
    9	-11	
   10	-11	
   11	-11	
   12	-11	
   13	-11	
   14	-11	
   15	-11	
   16	-11	
   17	-11	
   18	-11	
   19	-11	
   20	-11	
   21	-11	
   22	-11	
   23	-11	
   24	909	
   25	961	
   26	809	
   27	703	
   28	629	
   29	555	
   30	520	
   31	484	
   32	463	
   33	447	
   34	431	
   35	420	
   36	408	
   37	-4	
   38	-11	
   39	-11	
   40	-11	
   41	-11	
   42	-11	
   43	-11	
   44	-11	
   45	-11	
   46	-11	
   47	-11	
   48	-11	
   49	-11	
   50	-11	
   51	-11	
   52	-11	
   53	-11	
   54	-11	
   55	410	
   56	751	
   57	843	
   58	858	
   59	866	
   60	873	
   61	880	
   62	886	
   63	891	
   64	894	
   65	898	
   66	900	
   67	901	
   68	900	
   69	900	
   70	898	
   71	896	
   72	892	
   73	892	
   74	891	
   75	889	
   76	889	
   77	890	
   78	889	
   79	887	
   80	887	
   81	888	
   82	886	
   83	885	
   84	886	
   85	882	
   86	882	
   87	883	
   88	883	
   89	882	
   90	883	
   91	882	
   92	884	
   93	884	
   94	885	
   95	885	
   96	887	
   97	885	
   98	885	
   99	887	
  100	888	
  101	890	
  102	890	
  103	892	
  104	910	
  105	926	
  106	928	
  107	912	
  108	900	
  109	892	
  110	888	
  111	885	
  112	884	
  113	882	
  114	881	
  115	881	
  116	879	
  117	881	
  118	880	
  119	879	
  120	880	
  121	880	
  122	880	
  123	881	
  124	881	
  125	115	
  126	-11	
  127	-11	
  128	-11	
  129	-11	
  130	-11	
  131	-11	
  132	-11	
  133	-11	
