    1	-11	
    2	-11	
    3	-11	
    4	-11	
    5	-12	
    6	-12	
    7	-12	
    8	-12	
    9	-12	
   10	-12	
   11	-11	
   12	-12	
   13	-12	
   14	-12	
   15	-12	
   16	-12	
   17	937	
   18	1071	
   19	872	
   20	746	
   21	656	
   22	580	
   23	537	
   24	500	
   25	476	
   26	454	
   27	437	
   28	426	
   29	413	
   30	-5	
   31	-11	
   32	-11	
   33	-12	
   34	-11	
   35	-11	
   36	-11	
   37	-12	
   38	-11	
   39	-12	
   40	-12	
   41	-12	
   42	-11	
   43	-11	
   44	-12	
   45	-12	
   46	-12	
   47	404	
   48	694	
   49	812	
   50	823	
   51	831	
   52	834	
   53	839	
   54	844	
   55	841	
   56	845	
   57	847	
   58	849	
   59	852	
   60	851	
   61	852	
   62	852	
   63	852	
   64	852	
   65	852	
   66	852	
   67	851	
   68	850	
   69	850	
   70	849	
   71	850	
   72	849	
   73	851	
   74	851	
   75	850	
   76	849	
   77	849	
   78	848	
   79	848	
   80	848	
   81	847	
   82	847	
   83	848	
   84	849	
   85	849	
   86	849	
   87	850	
   88	851	
   89	853	
   90	854	
   91	857	
   92	856	
   93	856	
   94	855	
   95	855	
   96	858	
   97	868	
   98	884	
   99	890	
  100	888	
  101	881	
  102	878	
  103	875	
  104	873	
  105	870	
  106	869	
  107	869	
  108	868	
  109	865	
  110	865	
  111	865	
  112	864	
  113	865	
  114	865	
  115	864	
  116	864	
  117	864	
  118	112	
  119	-11	
  120	-11	
  121	-12	
  122	-11	
  123	-11	
  124	-11	
  125	-11	
  126	-11	
