    1	-11	
    2	-11	
    3	-11	
    4	-11	
    5	-11	
    6	-11	
    7	-11	
    8	-11	
    9	-11	
   10	-11	
   11	-11	
   12	-11	
   13	-11	
   14	-11	
   15	-12	
   16	-11	
   17	-11	
   18	-12	
   19	-11	
   20	-12	
   21	-12	
   22	-11	
   23	-11	
   24	109	
   25	905	
   26	967	
   27	829	
   28	720	
   29	625	
   30	574	
   31	527	
   32	500	
   33	479	
   34	456	
   35	442	
   36	428	
   37	418	
   38	-5	
   39	-11	
   40	-11	
   41	-11	
   42	-11	
   43	-11	
   44	-11	
   45	-11	
   46	-11	
   47	-11	
   48	-11	
   49	-11	
   50	-11	
   51	-11	
   52	-11	
   53	-11	
   54	-11	
   55	389	
   56	717	
   57	814	
   58	820	
   59	828	
   60	830	
   61	835	
   62	838	
   63	840	
   64	845	
   65	849	
   66	854	
   67	856	
   68	857	
   69	858	
   70	859	
   71	859	
   72	860	
   73	860	
   74	860	
   75	859	
   76	852	
   77	852	
   78	851	
   79	849	
   80	849	
   81	849	
   82	848	
   83	848	
   84	848	
   85	848	
   86	848	
   87	848	
   88	848	
   89	849	
   90	848	
   91	849	
   92	849	
   93	849	
   94	849	
   95	849	
   96	850	
   97	850	
   98	851	
   99	850	
  100	850	
  101	850	
  102	851	
  103	853	
  104	855	
  105	860	
  106	872	
  107	881	
  108	887	
  109	885	
  110	881	
  111	877	
  112	875	
  113	873	
  114	872	
  115	869	
  116	869	
  117	868	
  118	869	
  119	870	
  120	870	
  121	869	
  122	869	
  123	869	
  124	869	
  125	869	
  126	869	
  127	3	
  128	-11	
  129	-11	
  130	-11	
  131	-11	
  132	-11	
  133	-11	
  134	-11	
  135	-11	
