    1	-1	
    2	0	
    3	-1	
    4	0	
    5	-1	
    6	-1	
    7	0	
    8	-1	
    9	0	
   10	0	
   11	0	
   12	0	
   13	0	
   14	-1	
   15	0	
   16	0	
   17	-1	
   18	0	
   19	0	
   20	0	
   21	0	
   22	0	
   23	-72	
   24	-49	
   25	-35	
   26	-29	
   27	-26	
   28	-24	
   29	-23	
   30	-23	
   31	-22	
   32	-21	
   33	-22	
   34	-20	
   35	-20	
   36	0	
   37	0	
   38	-1	
   39	-1	
   40	-1	
   41	0	
   42	-1	
   43	0	
   44	0	
   45	-1	
   46	-1	
   47	0	
   48	0	
   49	0	
   50	-2	
   51	-1	
   52	0	
   53	-1	
   54	-69	
   55	-94	
   56	-88	
   57	-89	
   58	-89	
   59	-90	
   60	-90	
   61	-91	
   62	-91	
   63	-91	
   64	-92	
   65	-92	
   66	-92	
   67	-92	
   68	-92	
   69	-92	
   70	-92	
   71	-92	
   72	-92	
   73	-93	
   74	-94	
   75	-94	
   76	-95	
   77	-95	
   78	-95	
   79	-95	
   80	-95	
   81	-95	
   82	-96	
   83	-96	
   84	-96	
   85	-96	
   86	-96	
   87	-96	
   88	-96	
   89	-96	
   90	-96	
   91	-97	
   92	-97	
   93	-96	
   94	-97	
   95	-97	
   96	-96	
   97	-97	
   98	-97	
   99	-97	
  100	-97	
  101	-97	
  102	-97	
  103	-95	
  104	-93	
  105	-92	
  106	-91	
  107	-90	
  108	-89	
  109	-89	
  110	-89	
  111	-89	
  112	-89	
  113	-89	
  114	-89	
  115	-88	
  116	-88	
  117	-88	
  118	-88	
  119	-88	
  120	-88	
  121	-88	
  122	-88	
  123	-88	
  124	-88	
  125	-5	
  126	-1	
  127	0	
  128	-1	
  129	-1	
  130	-1	
  131	-1	
  132	0	
  133	0	
