    1	-11	
    2	-11	
    3	-11	
    4	-11	
    5	-11	
    6	-11	
    7	-11	
    8	-11	
    9	-11	
   10	-11	
   11	-11	
   12	-11	
   13	-11	
   14	-11	
   15	741	
   16	1007	
   17	947	
   18	833	
   19	729	
   20	666	
   21	609	
   22	576	
   23	559	
   24	532	
   25	515	
   26	497	
   27	484	
   28	57	
   29	-11	
   30	-11	
   31	-11	
   32	-11	
   33	-11	
   34	-11	
   35	-11	
   36	-11	
   37	-11	
   38	-11	
   39	-11	
   40	-11	
   41	-11	
   42	-11	
   43	-11	
   44	-11	
   45	-11	
   46	621	
   47	751	
   48	774	
   49	797	
   50	811	
   51	820	
   52	828	
   53	832	
   54	836	
   55	838	
   56	840	
   57	844	
   58	844	
   59	857	
   60	852	
   61	850	
   62	849	
   63	848	
   64	847	
   65	846	
   66	845	
   67	843	
   68	842	
   69	840	
   70	839	
   71	839	
   72	839	
   73	839	
   74	838	
   75	838	
   76	839	
   77	839	
   78	839	
   79	840	
   80	841	
   81	841	
   82	840	
   83	840	
   84	840	
   85	840	
   86	838	
   87	839	
   88	838	
   89	840	
   90	840	
   91	841	
   92	842	
   93	843	
   94	845	
   95	846	
   96	851	
   97	858	
   98	872	
   99	876	
  100	874	
  101	871	
  102	866	
  103	866	
  104	865	
  105	864	
  106	863	
  107	863	
  108	862	
  109	860	
  110	859	
  111	860	
  112	860	
  113	860	
  114	860	
  115	860	
  116	860	
  117	114	
  118	-11	
  119	-11	
  120	-11	
  121	-11	
  122	-11	
  123	-11	
  124	-11	
  125	-11	
