    1	1	
    2	1	
    3	1	
    4	1	
    5	1	
    6	1	
    7	1	
    8	1	
    9	1	
   10	1	
   11	1	
   12	1	
   13	1	
   14	1	
   15	1	
   16	1	
   17	1	
   18	1	
   19	1	
   20	1	
   21	1	
   22	1	
   23	605	
   24	2047	
   25	2047	
   26	2047	
   27	2047	
   28	2047	
   29	2047	
   30	2047	
   31	2047	
   32	2047	
   33	2047	
   34	2047	
   35	2047	
   36	2047	
   37	34	
   38	2	
   39	1	
   40	1	
   41	1	
   42	1	
   43	1	
   44	1	
   45	1	
   46	1	
   47	1	
   48	1	
   49	1	
   50	1	
   51	1	
   52	1	
   53	1	
   54	1	
   55	558	
   56	1102	
   57	1212	
   58	1214	
   59	1218	
   60	1224	
   61	1227	
   62	1232	
   63	1235	
   64	1240	
   65	1243	
   66	1245	
   67	1249	
   68	1255	
   69	1254	
   70	1258	
   71	1260	
   72	1262	
   73	1265	
   74	1266	
   75	1270	
   76	1274	
   77	1277	
   78	1279	
   79	1280	
   80	1282	
   81	1283	
   82	1286	
   83	1291	
   84	1291	
   85	1293	
   86	1294	
   87	1296	
   88	1295	
   89	1296	
   90	1297	
   91	1301	
   92	1303	
   93	1304	
   94	1304	
   95	1304	
   96	1304	
   97	1305	
   98	1306	
   99	1308	
  100	1308	
  101	1309	
  102	1308	
  103	1308	
  104	1307	
  105	1307	
  106	1302	
  107	1306	
  108	1304	
  109	1297	
  110	1263	
  111	1231	
  112	1183	
  113	1157	
  114	1141	
  115	1135	
  116	1133	
  117	1132	
  118	1132	
  119	1132	
  120	1132	
  121	1131	
  122	1131	
  123	1132	
  124	1131	
  125	1132	
  126	1132	
  127	1132	
  128	1132	
  129	1132	
  130	1133	
  131	1132	
  132	1133	
  133	172	
  134	1	
  135	1	
  136	1	
  137	1	
  138	1	
  139	1	
  140	1	
  141	1	
