    1	1	
    2	1	
    3	1	
    4	1	
    5	1	
    6	1	
    7	1	
    8	1	
    9	1	
   10	1	
   11	1	
   12	1	
   13	1	
   14	1	
   15	1	
   16	1	
   17	1	
   18	1	
   19	1	
   20	1	
   21	1	
   22	2047	
   23	2047	
   24	2047	
   25	2047	
   26	2047	
   27	2047	
   28	2047	
   29	2047	
   30	2047	
   31	2047	
   32	2047	
   33	2047	
   34	2047	
   35	34	
   36	2	
   37	1	
   38	1	
   39	1	
   40	1	
   41	1	
   42	1	
   43	1	
   44	1	
   45	1	
   46	1	
   47	1	
   48	1	
   49	1	
   50	1	
   51	1	
   52	553	
   53	1053	
   54	1208	
   55	1212	
   56	1217	
   57	1224	
   58	1227	
   59	1231	
   60	1235	
   61	1240	
   62	1248	
   63	1253	
   64	1253	
   65	1256	
   66	1259	
   67	1263	
   68	1267	
   69	1269	
   70	1272	
   71	1275	
   72	1279	
   73	1281	
   74	1281	
   75	1282	
   76	1284	
   77	1286	
   78	1287	
   79	1289	
   80	1290	
   81	1292	
   82	1295	
   83	1296	
   84	1297	
   85	1299	
   86	1300	
   87	1301	
   88	1301	
   89	1303	
   90	1304	
   91	1305	
   92	1306	
   93	1306	
   94	1307	
   95	1307	
   96	1308	
   97	1308	
   98	1307	
   99	1307	
  100	1305	
  101	1306	
  102	1308	
  103	1308	
  104	1308	
  105	1307	
  106	1300	
  107	1286	
  108	1254	
  109	1216	
  110	1175	
  111	1154	
  112	1144	
  113	1138	
  114	1137	
  115	1137	
  116	1136	
  117	1136	
  118	1135	
  119	1136	
  120	1135	
  121	1135	
  122	1135	
  123	1135	
  124	1136	
  125	1135	
  126	1135	
  127	1135	
  128	1136	
  129	1136	
  130	1136	
  131	1	
  132	1	
  133	1	
  134	1	
  135	1	
  136	1	
  137	1	
  138	1	
