    1	-11	
    2	-11	
    3	-11	
    4	-11	
    5	-11	
    6	-11	
    7	-11	
    8	-11	
    9	-11	
   10	-11	
   11	-11	
   12	-11	
   13	-11	
   14	-11	
   15	-11	
   16	-11	
   17	-11	
   18	-11	
   19	-11	
   20	-11	
   21	-11	
   22	-11	
   23	-11	
   24	148	
   25	922	
   26	929	
   27	783	
   28	695	
   29	628	
   30	568	
   31	525	
   32	500	
   33	479	
   34	458	
   35	444	
   36	429	
   37	418	
   38	-10	
   39	-11	
   40	-11	
   41	-11	
   42	-11	
   43	-11	
   44	-11	
   45	-11	
   46	-11	
   47	-11	
   48	-12	
   49	-11	
   50	-11	
   51	-11	
   52	-11	
   53	-11	
   54	-11	
   55	-11	
   56	-12	
   57	-11	
   58	633	
   59	877	
   60	927	
   61	951	
   62	965	
   63	973	
   64	981	
   65	985	
   66	989	
   67	991	
   68	991	
   69	988	
   70	983	
   71	977	
   72	978	
   73	973	
   74	970	
   75	968	
   76	966	
   77	962	
   78	960	
   79	957	
   80	958	
   81	958	
   82	958	
   83	958	
   84	958	
   85	954	
   86	956	
   87	954	
   88	953	
   89	952	
   90	952	
   91	950	
   92	948	
   93	948	
   94	946	
   95	944	
   96	945	
   97	945	
   98	944	
   99	944	
  100	944	
  101	946	
  102	944	
  103	945	
  104	945	
  105	948	
  106	951	
  107	952	
  108	953	
  109	954	
  110	956	
  111	960	
  112	972	
  113	986	
  114	994	
  115	996	
  116	997	
  117	997	
  118	993	
  119	989	
  120	986	
  121	984	
  122	984	
  123	983	
  124	982	
  125	983	
  126	982	
  127	980	
  128	980	
  129	981	
  130	979	
  131	979	
  132	978	
  133	978	
  134	-9	
  135	-11	
  136	-11	
  137	-11	
  138	-11	
  139	-11	
  140	-11	
  141	-11	
  142	-11	
