    1	1	
    2	1	
    3	1	
    4	1	
    5	1	
    6	1	
    7	1	
    8	1	
    9	1	
   10	1	
   11	1	
   12	1	
   13	1	
   14	1	
   15	1	
   16	1	
   17	1	
   18	1	
   19	1	
   20	1	
   21	2047	
   22	2047	
   23	2047	
   24	2047	
   25	2047	
   26	2047	
   27	2047	
   28	2047	
   29	2047	
   30	2047	
   31	2047	
   32	2047	
   33	2047	
   34	35	
   35	1	
   36	1	
   37	1	
   38	1	
   39	1	
   40	1	
   41	1	
   42	1	
   43	1	
   44	1	
   45	1	
   46	1	
   47	1	
   48	1	
   49	1	
   50	1	
   51	1	
   52	1	
   53	859	
   54	1103	
   55	1213	
   56	1218	
   57	1227	
   58	1232	
   59	1237	
   60	1241	
   61	1245	
   62	1248	
   63	1250	
   64	1253	
   65	1254	
   66	1256	
   67	1260	
   68	1262	
   69	1265	
   70	1268	
   71	1269	
   72	1272	
   73	1273	
   74	1276	
   75	1274	
   76	1277	
   77	1279	
   78	1281	
   79	1285	
   80	1289	
   81	1293	
   82	1294	
   83	1295	
   84	1297	
   85	1298	
   86	1298	
   87	1300	
   88	1301	
   89	1303	
   90	1302	
   91	1303	
   92	1303	
   93	1304	
   94	1305	
   95	1309	
   96	1309	
   97	1311	
   98	1311	
   99	1310	
  100	1310	
  101	1310	
  102	1310	
  103	1310	
  104	1309	
  105	1309	
  106	1308	
  107	1304	
  108	1292	
  109	1257	
  110	1221	
  111	1182	
  112	1153	
  113	1141	
  114	1136	
  115	1135	
  116	1134	
  117	1135	
  118	1134	
  119	1133	
  120	1133	
  121	1135	
  122	1135	
  123	1135	
  124	1135	
  125	1136	
  126	1135	
  127	1136	
  128	1137	
  129	1136	
  130	1136	
  131	165	
  132	1	
  133	1	
  134	1	
  135	1	
  136	1	
  137	1	
  138	1	
  139	1	
