    1	1	
    2	1	
    3	1	
    4	1	
    5	1	
    6	1	
    7	1	
    8	1	
    9	1	
   10	1	
   11	1	
   12	1	
   13	1	
   14	1	
   15	1	
   16	1	
   17	1	
   18	1	
   19	1	
   20	1	
   21	1	
   22	1	
   23	752	
   24	2047	
   25	2047	
   26	2047	
   27	2047	
   28	2047	
   29	2047	
   30	2047	
   31	2047	
   32	2047	
   33	2047	
   34	2047	
   35	2037	
   36	2016	
   37	6	
   38	1	
   39	1	
   40	1	
   41	1	
   42	1	
   43	1	
   44	1	
   45	1	
   46	1	
   47	1	
   48	1	
   49	1	
   50	1	
   51	1	
   52	1	
   53	1	
   54	1	
   55	859	
   56	1144	
   57	1212	
   58	1216	
   59	1221	
   60	1224	
   61	1229	
   62	1234	
   63	1239	
   64	1243	
   65	1245	
   66	1250	
   67	1253	
   68	1256	
   69	1259	
   70	1261	
   71	1264	
   72	1265	
   73	1269	
   74	1272	
   75	1273	
   76	1276	
   77	1277	
   78	1281	
   79	1284	
   80	1286	
   81	1289	
   82	1290	
   83	1292	
   84	1294	
   85	1298	
   86	1299	
   87	1300	
   88	1300	
   89	1302	
   90	1303	
   91	1302	
   92	1304	
   93	1304	
   94	1306	
   95	1306	
   96	1306	
   97	1309	
   98	1311	
   99	1311	
  100	1309	
  101	1311	
  102	1310	
  103	1309	
  104	1309	
  105	1308	
  106	1308	
  107	1308	
  108	1308	
  109	1308	
  110	1305	
  111	1297	
  112	1281	
  113	1238	
  114	1202	
  115	1161	
  116	1145	
  117	1139	
  118	1137	
  119	1136	
  120	1137	
  121	1136	
  122	1136	
  123	1136	
  124	1136	
  125	1137	
  126	1136	
  127	1135	
  128	1135	
  129	1134	
  130	1133	
  131	1132	
  132	1133	
  133	1134	
  134	1134	
  135	4	
  136	1	
  137	1	
  138	1	
  139	1	
  140	1	
  141	1	
  142	1	
  143	1	
