    1	1	
    2	1	
    3	1	
    4	1	
    5	1	
    6	1	
    7	1	
    8	1	
    9	1	
   10	1	
   11	1	
   12	1	
   13	1	
   14	1	
   15	1	
   16	1	
   17	1	
   18	1	
   19	1	
   20	1	
   21	1	
   22	2047	
   23	2047	
   24	2047	
   25	2047	
   26	2047	
   27	2047	
   28	2047	
   29	2047	
   30	2047	
   31	2047	
   32	2047	
   33	2047	
   34	2047	
   35	288	
   36	2	
   37	1	
   38	1	
   39	1	
   40	1	
   41	1	
   42	1	
   43	1	
   44	1	
   45	1	
   46	1	
   47	1	
   48	1	
   49	1	
   50	1	
   51	1	
   52	1	
   53	1030	
   54	1208	
   55	1210	
   56	1216	
   57	1220	
   58	1223	
   59	1229	
   60	1232	
   61	1237	
   62	1241	
   63	1243	
   64	1250	
   65	1253	
   66	1257	
   67	1259	
   68	1263	
   69	1265	
   70	1270	
   71	1272	
   72	1275	
   73	1276	
   74	1278	
   75	1278	
   76	1279	
   77	1285	
   78	1286	
   79	1289	
   80	1289	
   81	1290	
   82	1291	
   83	1292	
   84	1294	
   85	1295	
   86	1297	
   87	1296	
   88	1298	
   89	1300	
   90	1301	
   91	1303	
   92	1305	
   93	1304	
   94	1305	
   95	1310	
   96	1310	
   97	1311	
   98	1310	
   99	1308	
  100	1307	
  101	1307	
  102	1307	
  103	1306	
  104	1307	
  105	1305	
  106	1304	
  107	1300	
  108	1284	
  109	1258	
  110	1223	
  111	1176	
  112	1148	
  113	1137	
  114	1135	
  115	1133	
  116	1132	
  117	1133	
  118	1133	
  119	1133	
  120	1134	
  121	1135	
  122	1135	
  123	1134	
  124	1136	
  125	1135	
  126	1136	
  127	1137	
  128	1137	
  129	1136	
  130	1136	
  131	1137	
  132	1	
  133	1	
  134	1	
  135	1	
  136	1	
  137	1	
  138	1	
  139	1	
