    1	-1	
    2	0	
    3	0	
    4	-1	
    5	-1	
    6	-2	
    7	-1	
    8	-1	
    9	0	
   10	-1	
   11	-1	
   12	0	
   13	-1	
   14	0	
   15	0	
   16	0	
   17	0	
   18	0	
   19	-1	
   20	-78	
   21	-47	
   22	-34	
   23	-29	
   24	-26	
   25	-24	
   26	-23	
   27	-23	
   28	-22	
   29	-21	
   30	-21	
   31	-20	
   32	-20	
   33	-20	
   34	-1	
   35	0	
   36	0	
   37	-1	
   38	0	
   39	0	
   40	0	
   41	-1	
   42	-1	
   43	-1	
   44	-1	
   45	0	
   46	-1	
   47	0	
   48	0	
   49	-1	
   50	-1	
   51	-64	
   52	-107	
   53	-108	
   54	-109	
   55	-110	
   56	-112	
   57	-112	
   58	-113	
   59	-113	
   60	-113	
   61	-113	
   62	-114	
   63	-114	
   64	-114	
   65	-115	
   66	-115	
   67	-115	
   68	-115	
   69	-115	
   70	-115	
   71	-115	
   72	-115	
   73	-115	
   74	-115	
   75	-115	
   76	-116	
   77	-116	
   78	-116	
   79	-116	
   80	-116	
   81	-116	
   82	-116	
   83	-116	
   84	-116	
   85	-116	
   86	-116	
   87	-116	
   88	-117	
   89	-116	
   90	-116	
   91	-116	
   92	-116	
   93	-117	
   94	-117	
   95	-117	
   96	-118	
   97	-117	
   98	-117	
   99	-117	
  100	-118	
  101	-118	
  102	-117	
  103	-117	
  104	-117	
  105	-117	
  106	-116	
  107	-116	
  108	-115	
  109	-113	
  110	-111	
  111	-110	
  112	-109	
  113	-109	
  114	-109	
  115	-109	
  116	-109	
  117	-109	
  118	-109	
  119	-109	
  120	-109	
  121	-109	
  122	-109	
  123	-109	
  124	-109	
  125	-109	
  126	-109	
  127	-109	
  128	-109	
  129	-7	
  130	-1	
  131	-1	
  132	-1	
  133	0	
  134	0	
  135	-1	
  136	-1	
  137	0	
