    1	0	
    2	0	
    3	-1	
    4	-1	
    5	-1	
    6	-1	
    7	0	
    8	0	
    9	0	
   10	0	
   11	0	
   12	0	
   13	0	
   14	-1	
   15	-2	
   16	-1	
   17	0	
   18	-1	
   19	0	
   20	-1	
   21	-31	
   22	-55	
   23	-40	
   24	-31	
   25	-27	
   26	-25	
   27	-23	
   28	-23	
   29	-22	
   30	-21	
   31	-21	
   32	-20	
   33	-20	
   34	-20	
   35	0	
   36	-1	
   37	-1	
   38	-1	
   39	-1	
   40	0	
   41	0	
   42	-1	
   43	-1	
   44	-1	
   45	-1	
   46	-1	
   47	-1	
   48	0	
   49	-1	
   50	0	
   51	0	
   52	0	
   53	0	
   54	-22	
   55	-94	
   56	-110	
   57	-111	
   58	-111	
   59	-112	
   60	-113	
   61	-113	
   62	-114	
   63	-114	
   64	-114	
   65	-115	
   66	-115	
   67	-115	
   68	-116	
   69	-116	
   70	-116	
   71	-116	
   72	-115	
   73	-116	
   74	-115	
   75	-115	
   76	-115	
   77	-115	
   78	-115	
   79	-115	
   80	-115	
   81	-115	
   82	-116	
   83	-116	
   84	-116	
   85	-116	
   86	-116	
   87	-116	
   88	-116	
   89	-116	
   90	-116	
   91	-116	
   92	-117	
   93	-117	
   94	-117	
   95	-117	
   96	-117	
   97	-117	
   98	-117	
   99	-117	
  100	-117	
  101	-117	
  102	-118	
  103	-118	
  104	-118	
  105	-118	
  106	-117	
  107	-118	
  108	-118	
  109	-118	
  110	-116	
  111	-114	
  112	-113	
  113	-112	
  114	-110	
  115	-109	
  116	-108	
  117	-108	
  118	-108	
  119	-108	
  120	-108	
  121	-108	
  122	-108	
  123	-108	
  124	-108	
  125	-108	
  126	-108	
  127	-108	
  128	-108	
  129	-108	
  130	-107	
  131	-108	
  132	-108	
  133	-1	
  134	-1	
  135	0	
  136	-1	
  137	-1	
  138	0	
  139	-1	
  140	-1	
  141	-1	
