    1	0	
    2	-1	
    3	0	
    4	0	
    5	-1	
    6	0	
    7	0	
    8	0	
    9	0	
   10	0	
   11	-1	
   12	0	
   13	-1	
   14	0	
   15	0	
   16	0	
   17	-91	
   18	-52	
   19	-36	
   20	-30	
   21	-26	
   22	-24	
   23	-23	
   24	-23	
   25	-22	
   26	-21	
   27	-21	
   28	-20	
   29	-20	
   30	-20	
   31	0	
   32	-1	
   33	0	
   34	-1	
   35	-1	
   36	0	
   37	-1	
   38	-1	
   39	0	
   40	0	
   41	-1	
   42	-1	
   43	-1	
   44	-1	
   45	0	
   46	0	
   47	0	
   48	-1	
   49	-50	
   50	-94	
   51	-109	
   52	-110	
   53	-111	
   54	-111	
   55	-113	
   56	-113	
   57	-113	
   58	-114	
   59	-114	
   60	-114	
   61	-115	
   62	-115	
   63	-115	
   64	-115	
   65	-115	
   66	-115	
   67	-115	
   68	-115	
   69	-115	
   70	-116	
   71	-116	
   72	-116	
   73	-116	
   74	-116	
   75	-116	
   76	-116	
   77	-116	
   78	-116	
   79	-116	
   80	-116	
   81	-117	
   82	-117	
   83	-117	
   84	-117	
   85	-116	
   86	-117	
   87	-117	
   88	-118	
   89	-118	
   90	-117	
   91	-118	
   92	-118	
   93	-118	
   94	-118	
   95	-118	
   96	-117	
   97	-117	
   98	-117	
   99	-117	
  100	-117	
  101	-117	
  102	-117	
  103	-117	
  104	-117	
  105	-116	
  106	-115	
  107	-113	
  108	-112	
  109	-110	
  110	-109	
  111	-109	
  112	-108	
  113	-109	
  114	-109	
  115	-109	
  116	-109	
  117	-109	
  118	-109	
  119	-109	
  120	-109	
  121	-109	
  122	-109	
  123	-108	
  124	-108	
  125	-109	
  126	-108	
  127	-108	
  128	-108	
  129	-1	
  130	0	
  131	0	
  132	0	
  133	-1	
  134	0	
  135	0	
  136	0	
  137	0	
