    1	1	
    2	1	
    3	1	
    4	1	
    5	1	
    6	1	
    7	1	
    8	1	
    9	1	
   10	1	
   11	1	
   12	1	
   13	1	
   14	1	
   15	1	
   16	1	
   17	1	
   18	1	
   19	581	
   20	2047	
   21	2047	
   22	2047	
   23	2047	
   24	2047	
   25	2047	
   26	2047	
   27	2047	
   28	2047	
   29	2047	
   30	2047	
   31	2047	
   32	2047	
   33	34	
   34	2	
   35	1	
   36	1	
   37	1	
   38	1	
   39	1	
   40	1	
   41	1	
   42	1	
   43	1	
   44	1	
   45	1	
   46	1	
   47	1	
   48	1	
   49	1	
   50	1	
   51	558	
   52	1101	
   53	1207	
   54	1211	
   55	1218	
   56	1224	
   57	1229	
   58	1233	
   59	1238	
   60	1240	
   61	1245	
   62	1247	
   63	1251	
   64	1253	
   65	1256	
   66	1258	
   67	1261	
   68	1264	
   69	1271	
   70	1273	
   71	1276	
   72	1279	
   73	1281	
   74	1282	
   75	1284	
   76	1285	
   77	1288	
   78	1290	
   79	1292	
   80	1292	
   81	1294	
   82	1295	
   83	1296	
   84	1297	
   85	1298	
   86	1299	
   87	1301	
   88	1302	
   89	1302	
   90	1304	
   91	1306	
   92	1307	
   93	1306	
   94	1305	
   95	1309	
   96	1309	
   97	1308	
   98	1307	
   99	1308	
  100	1308	
  101	1308	
  102	1307	
  103	1308	
  104	1307	
  105	1305	
  106	1302	
  107	1296	
  108	1277	
  109	1238	
  110	1200	
  111	1162	
  112	1148	
  113	1140	
  114	1138	
  115	1136	
  116	1133	
  117	1133	
  118	1133	
  119	1133	
  120	1133	
  121	1135	
  122	1135	
  123	1135	
  124	1135	
  125	1136	
  126	1135	
  127	1135	
  128	1134	
  129	1135	
  130	1136	
  131	20	
  132	1	
  133	1	
  134	1	
  135	1	
  136	1	
  137	1	
  138	1	
  139	1	
