    1	-1	
    2	0	
    3	-1	
    4	-1	
    5	0	
    6	0	
    7	-1	
    8	0	
    9	0	
   10	0	
   11	-1	
   12	-1	
   13	-1	
   14	-1	
   15	0	
   16	-1	
   17	-1	
   18	0	
   19	-1	
   20	0	
   21	-1	
   22	0	
   23	-91	
   24	-54	
   25	-36	
   26	-30	
   27	-26	
   28	-24	
   29	-23	
   30	-22	
   31	-21	
   32	-21	
   33	-21	
   34	-20	
   35	-20	
   36	-20	
   37	0	
   38	-1	
   39	-1	
   40	-1	
   41	-1	
   42	0	
   43	-1	
   44	-1	
   45	-1	
   46	-1	
   47	-1	
   48	-1	
   49	-2	
   50	-1	
   51	-1	
   52	0	
   53	-1	
   54	-1	
   55	-51	
   56	-94	
   57	-109	
   58	-110	
   59	-111	
   60	-112	
   61	-113	
   62	-113	
   63	-114	
   64	-115	
   65	-115	
   66	-115	
   67	-116	
   68	-116	
   69	-116	
   70	-116	
   71	-116	
   72	-116	
   73	-115	
   74	-114	
   75	-115	
   76	-115	
   77	-115	
   78	-115	
   79	-115	
   80	-115	
   81	-115	
   82	-115	
   83	-115	
   84	-115	
   85	-116	
   86	-116	
   87	-116	
   88	-116	
   89	-116	
   90	-116	
   91	-116	
   92	-116	
   93	-117	
   94	-116	
   95	-117	
   96	-117	
   97	-117	
   98	-117	
   99	-117	
  100	-117	
  101	-117	
  102	-117	
  103	-117	
  104	-117	
  105	-117	
  106	-117	
  107	-117	
  108	-117	
  109	-117	
  110	-116	
  111	-116	
  112	-114	
  113	-113	
  114	-111	
  115	-109	
  116	-108	
  117	-108	
  118	-108	
  119	-108	
  120	-108	
  121	-108	
  122	-108	
  123	-108	
  124	-108	
  125	-107	
  126	-107	
  127	-107	
  128	-108	
  129	-107	
  130	-107	
  131	-107	
  132	-107	
  133	-107	
  134	-1	
  135	-1	
  136	0	
  137	-1	
  138	-1	
  139	0	
  140	-1	
  141	-1	
  142	0	
