    1	-11	
    2	-11	
    3	-11	
    4	-11	
    5	-11	
    6	-11	
    7	-11	
    8	-11	
    9	-11	
   10	-11	
   11	-11	
   12	-11	
   13	-11	
   14	-11	
   15	-12	
   16	-11	
   17	-11	
   18	-11	
   19	-11	
   20	-11	
   21	182	
   22	891	
   23	923	
   24	813	
   25	702	
   26	635	
   27	574	
   28	539	
   29	509	
   30	482	
   31	464	
   32	446	
   33	433	
   34	422	
   35	-10	
   36	-11	
   37	-11	
   38	-11	
   39	-11	
   40	-11	
   41	-11	
   42	-11	
   43	-11	
   44	-11	
   45	-11	
   46	-11	
   47	-11	
   48	-11	
   49	-11	
   50	-12	
   51	-11	
   52	-11	
   53	-11	
   54	579	
   55	805	
   56	938	
   57	966	
   58	979	
   59	987	
   60	996	
   61	1002	
   62	1007	
   63	1008	
   64	1004	
   65	1001	
   66	998	
   67	994	
   68	990	
   69	987	
   70	984	
   71	981	
   72	982	
   73	975	
   74	975	
   75	973	
   76	970	
   77	969	
   78	966	
   79	964	
   80	961	
   81	961	
   82	960	
   83	960	
   84	960	
   85	959	
   86	958	
   87	956	
   88	954	
   89	953	
   90	956	
   91	955	
   92	956	
   93	957	
   94	955	
   95	956	
   96	955	
   97	956	
   98	955	
   99	954	
  100	954	
  101	957	
  102	962	
  103	962	
  104	964	
  105	965	
  106	966	
  107	966	
  108	968	
  109	970	
  110	971	
  111	982	
  112	988	
  113	992	
  114	995	
  115	992	
  116	991	
  117	986	
  118	983	
  119	982	
  120	980	
  121	977	
  122	977	
  123	977	
  124	977	
  125	976	
  126	975	
  127	974	
  128	974	
  129	975	
  130	976	
  131	977	
  132	977	
  133	-9	
  134	-11	
  135	-11	
  136	-11	
  137	-11	
  138	-11	
  139	-11	
  140	-11	
  141	-11	
