    1	-11	
    2	-11	
    3	-12	
    4	-11	
    5	-11	
    6	-11	
    7	-11	
    8	-11	
    9	-11	
   10	-11	
   11	-12	
   12	-12	
   13	-12	
   14	-12	
   15	-12	
   16	-12	
   17	-11	
   18	-12	
   19	-11	
   20	-12	
   21	-12	
   22	-12	
   23	874	
   24	960	
   25	808	
   26	713	
   27	640	
   28	575	
   29	539	
   30	505	
   31	483	
   32	461	
   33	448	
   34	435	
   35	422	
   36	-4	
   37	-11	
   38	-11	
   39	-11	
   40	-11	
   41	-11	
   42	-11	
   43	-11	
   44	-11	
   45	-11	
   46	-11	
   47	-11	
   48	-11	
   49	-12	
   50	-11	
   51	-11	
   52	-12	
   53	-11	
   54	-11	
   55	583	
   56	746	
   57	938	
   58	961	
   59	977	
   60	988	
   61	996	
   62	1003	
   63	1005	
   64	1005	
   65	1005	
   66	1001	
   67	996	
   68	991	
   69	988	
   70	983	
   71	979	
   72	976	
   73	976	
   74	974	
   75	974	
   76	975	
   77	972	
   78	973	
   79	978	
   80	976	
   81	974	
   82	972	
   83	968	
   84	968	
   85	967	
   86	964	
   87	963	
   88	963	
   89	966	
   90	966	
   91	965	
   92	964	
   93	965	
   94	963	
   95	961	
   96	962	
   97	962	
   98	963	
   99	964	
  100	966	
  101	968	
  102	970	
  103	969	
  104	971	
  105	970	
  106	969	
  107	972	
  108	971	
  109	970	
  110	972	
  111	974	
  112	984	
  113	993	
  114	1003	
  115	1003	
  116	998	
  117	994	
  118	990	
  119	990	
  120	989	
  121	987	
  122	987	
  123	985	
  124	984	
  125	983	
  126	981	
  127	981	
  128	981	
  129	980	
  130	979	
  131	978	
  132	980	
  133	979	
  134	979	
  135	5	
  136	-11	
  137	-11	
  138	-11	
  139	-11	
  140	-11	
  141	-11	
  142	-12	
  143	-11	
