    1	-1	
    2	-1	
    3	0	
    4	0	
    5	-1	
    6	-1	
    7	-1	
    8	-1	
    9	-1	
   10	-1	
   11	0	
   12	-1	
   13	0	
   14	-1	
   15	-60	
   16	-38	
   17	-29	
   18	-25	
   19	-23	
   20	-22	
   21	-21	
   22	-20	
   23	-20	
   24	-20	
   25	-19	
   26	-19	
   27	-19	
   28	-1	
   29	-1	
   30	-1	
   31	-1	
   32	-1	
   33	-1	
   34	0	
   35	0	
   36	0	
   37	0	
   38	-1	
   39	-1	
   40	-1	
   41	0	
   42	0	
   43	-1	
   44	-1	
   45	-54	
   46	-109	
   47	-112	
   48	-113	
   49	-114	
   50	-115	
   51	-116	
   52	-116	
   53	-116	
   54	-117	
   55	-118	
   56	-118	
   57	-118	
   58	-118	
   59	-118	
   60	-118	
   61	-116	
   62	-117	
   63	-117	
   64	-117	
   65	-117	
   66	-117	
   67	-118	
   68	-118	
   69	-118	
   70	-118	
   71	-118	
   72	-119	
   73	-118	
   74	-119	
   75	-118	
   76	-119	
   77	-119	
   78	-119	
   79	-119	
   80	-119	
   81	-119	
   82	-119	
   83	-119	
   84	-119	
   85	-119	
   86	-120	
   87	-120	
   88	-120	
   89	-120	
   90	-120	
   91	-120	
   92	-120	
   93	-120	
   94	-120	
   95	-119	
   96	-118	
   97	-118	
   98	-117	
   99	-116	
  100	-115	
  101	-113	
  102	-111	
  103	-110	
  104	-110	
  105	-110	
  106	-110	
  107	-110	
  108	-109	
  109	-109	
  110	-109	
  111	-109	
  112	-109	
  113	-109	
  114	-109	
  115	-109	
  116	-109	
  117	-109	
  118	-109	
  119	-7	
  120	0	
  121	0	
  122	0	
  123	0	
  124	-1	
  125	0	
  126	-1	
  127	-1	
