    1	1	
    2	1	
    3	1	
    4	1	
    5	1	
    6	1	
    7	1	
    8	1	
    9	1	
   10	1	
   11	1	
   12	1	
   13	1	
   14	1	
   15	1	
   16	1	
   17	1	
   18	1	
   19	1	
   20	1	
   21	1	
   22	1	
   23	552	
   24	2047	
   25	2047	
   26	2047	
   27	2047	
   28	2047	
   29	2047	
   30	2047	
   31	2047	
   32	2047	
   33	2047	
   34	2047	
   35	2047	
   36	2036	
   37	33	
   38	1	
   39	1	
   40	1	
   41	1	
   42	1	
   43	1	
   44	1	
   45	1	
   46	1	
   47	1	
   48	1	
   49	1	
   50	1	
   51	1	
   52	1	
   53	1	
   54	554	
   55	1100	
   56	1210	
   57	1212	
   58	1219	
   59	1223	
   60	1230	
   61	1236	
   62	1240	
   63	1246	
   64	1249	
   65	1251	
   66	1254	
   67	1257	
   68	1260	
   69	1264	
   70	1266	
   71	1269	
   72	1272	
   73	1272	
   74	1272	
   75	1273	
   76	1276	
   77	1279	
   78	1281	
   79	1283	
   80	1283	
   81	1284	
   82	1286	
   83	1288	
   84	1289	
   85	1291	
   86	1294	
   87	1295	
   88	1296	
   89	1298	
   90	1300	
   91	1300	
   92	1301	
   93	1303	
   94	1303	
   95	1304	
   96	1302	
   97	1304	
   98	1305	
   99	1305	
  100	1306	
  101	1304	
  102	1304	
  103	1305	
  104	1305	
  105	1304	
  106	1306	
  107	1305	
  108	1305	
  109	1303	
  110	1297	
  111	1280	
  112	1254	
  113	1214	
  114	1176	
  115	1150	
  116	1142	
  117	1140	
  118	1139	
  119	1140	
  120	1139	
  121	1138	
  122	1138	
  123	1138	
  124	1138	
  125	1137	
  126	1137	
  127	1137	
  128	1137	
  129	1138	
  130	1139	
  131	1138	
  132	1138	
  133	1138	
  134	19	
  135	1	
  136	1	
  137	1	
  138	1	
  139	1	
  140	1	
  141	1	
  142	1	
