    1	-11	
    2	-12	
    3	-12	
    4	-11	
    5	-11	
    6	-11	
    7	-11	
    8	-11	
    9	-11	
   10	-11	
   11	-11	
   12	-11	
   13	-11	
   14	-11	
   15	-12	
   16	-11	
   17	-11	
   18	-11	
   19	-11	
   20	-11	
   21	-12	
   22	-11	
   23	880	
   24	960	
   25	813	
   26	717	
   27	644	
   28	579	
   29	540	
   30	510	
   31	482	
   32	464	
   33	447	
   34	434	
   35	423	
   36	-4	
   37	-11	
   38	-11	
   39	-11	
   40	-11	
   41	-11	
   42	-11	
   43	-11	
   44	-11	
   45	-11	
   46	-11	
   47	-11	
   48	-11	
   49	-11	
   50	-11	
   51	-11	
   52	-12	
   53	-11	
   54	387	
   55	702	
   56	934	
   57	960	
   58	978	
   59	989	
   60	997	
   61	1006	
   62	1011	
   63	1013	
   64	1013	
   65	1009	
   66	1005	
   67	1002	
   68	997	
   69	993	
   70	988	
   71	985	
   72	983	
   73	982	
   74	979	
   75	975	
   76	972	
   77	968	
   78	964	
   79	965	
   80	962	
   81	961	
   82	960	
   83	960	
   84	958	
   85	958	
   86	958	
   87	955	
   88	957	
   89	956	
   90	954	
   91	953	
   92	954	
   93	954	
   94	954	
   95	954	
   96	953	
   97	953	
   98	956	
   99	954	
  100	953	
  101	960	
  102	958	
  103	960	
  104	960	
  105	960	
  106	962	
  107	962	
  108	961	
  109	965	
  110	968	
  111	974	
  112	985	
  113	993	
  114	989	
  115	991	
  116	989	
  117	989	
  118	987	
  119	985	
  120	983	
  121	983	
  122	981	
  123	981	
  124	982	
  125	980	
  126	981	
  127	981	
  128	979	
  129	980	
  130	980	
  131	980	
  132	980	
  133	981	
  134	5	
  135	-11	
  136	-11	
  137	-11	
  138	-11	
  139	-11	
  140	-11	
  141	-11	
  142	-11	
