    1	1	
    2	1	
    3	1	
    4	1	
    5	1	
    6	1	
    7	1	
    8	1	
    9	1	
   10	1	
   11	1	
   12	1	
   13	1	
   14	1	
   15	1	
   16	1	
   17	1	
   18	1	
   19	2047	
   20	2047	
   21	2047	
   22	2047	
   23	2047	
   24	2047	
   25	2047	
   26	2047	
   27	2047	
   28	2047	
   29	2047	
   30	2047	
   31	2047	
   32	295	
   33	2	
   34	1	
   35	1	
   36	1	
   37	1	
   38	1	
   39	1	
   40	1	
   41	1	
   42	1	
   43	1	
   44	1	
   45	1	
   46	1	
   47	1	
   48	1	
   49	1026	
   50	1182	
   51	1208	
   52	1213	
   53	1220	
   54	1224	
   55	1227	
   56	1232	
   57	1242	
   58	1249	
   59	1252	
   60	1256	
   61	1260	
   62	1260	
   63	1264	
   64	1266	
   65	1268	
   66	1271	
   67	1273	
   68	1276	
   69	1277	
   70	1279	
   71	1281	
   72	1282	
   73	1284	
   74	1286	
   75	1288	
   76	1288	
   77	1290	
   78	1292	
   79	1293	
   80	1294	
   81	1296	
   82	1296	
   83	1297	
   84	1297	
   85	1299	
   86	1300	
   87	1299	
   88	1300	
   89	1300	
   90	1302	
   91	1302	
   92	1303	
   93	1303	
   94	1303	
   95	1302	
   96	1303	
   97	1304	
   98	1304	
   99	1304	
  100	1304	
  101	1304	
  102	1302	
  103	1300	
  104	1292	
  105	1267	
  106	1234	
  107	1190	
  108	1157	
  109	1144	
  110	1139	
  111	1135	
  112	1134	
  113	1133	
  114	1133	
  115	1132	
  116	1132	
  117	1133	
  118	1133	
  119	1132	
  120	1132	
  121	1134	
  122	1133	
  123	1132	
  124	1134	
  125	1134	
  126	1135	
  127	1136	
  128	165	
  129	1	
  130	1	
  131	1	
  132	1	
  133	1	
  134	1	
  135	1	
  136	1	
