    1	0	
    2	-1	
    3	0	
    4	-1	
    5	-1	
    6	0	
    7	0	
    8	-1	
    9	-1	
   10	0	
   11	0	
   12	-1	
   13	-1	
   14	0	
   15	-1	
   16	-1	
   17	-1	
   18	0	
   19	-79	
   20	-52	
   21	-34	
   22	-29	
   23	-26	
   24	-24	
   25	-23	
   26	-21	
   27	-21	
   28	-20	
   29	-20	
   30	-20	
   31	-20	
   32	-19	
   33	-1	
   34	0	
   35	-1	
   36	0	
   37	0	
   38	-1	
   39	0	
   40	-1	
   41	-2	
   42	-1	
   43	-1	
   44	0	
   45	-1	
   46	-1	
   47	-1	
   48	-2	
   49	-1	
   50	-1	
   51	-64	
   52	-104	
   53	-106	
   54	-107	
   55	-108	
   56	-110	
   57	-110	
   58	-111	
   59	-111	
   60	-111	
   61	-112	
   62	-112	
   63	-112	
   64	-112	
   65	-113	
   66	-112	
   67	-112	
   68	-112	
   69	-113	
   70	-113	
   71	-113	
   72	-113	
   73	-113	
   74	-113	
   75	-113	
   76	-113	
   77	-113	
   78	-113	
   79	-113	
   80	-113	
   81	-113	
   82	-114	
   83	-114	
   84	-114	
   85	-113	
   86	-113	
   87	-113	
   88	-113	
   89	-113	
   90	-113	
   91	-113	
   92	-113	
   93	-113	
   94	-114	
   95	-114	
   96	-113	
   97	-114	
   98	-114	
   99	-114	
  100	-114	
  101	-113	
  102	-114	
  103	-114	
  104	-113	
  105	-110	
  106	-109	
  107	-107	
  108	-107	
  109	-106	
  110	-106	
  111	-106	
  112	-106	
  113	-106	
  114	-106	
  115	-106	
  116	-105	
  117	-106	
  118	-105	
  119	-105	
  120	-105	
  121	-105	
  122	-105	
  123	-105	
  124	-105	
  125	-6	
  126	0	
  127	-1	
  128	0	
  129	0	
  130	0	
  131	-1	
  132	-1	
  133	-1	
