    1	1	
    2	1	
    3	1	
    4	1	
    5	1	
    6	1	
    7	1	
    8	1	
    9	1	
   10	1	
   11	1	
   12	1	
   13	1	
   14	1	
   15	1	
   16	1	
   17	1	
   18	1	
   19	1	
   20	1	
   21	1	
   22	2047	
   23	2047	
   24	2047	
   25	2047	
   26	2047	
   27	2047	
   28	2047	
   29	2047	
   30	2047	
   31	2047	
   32	2047	
   33	2047	
   34	2042	
   35	273	
   36	1	
   37	1	
   38	1	
   39	1	
   40	1	
   41	1	
   42	1	
   43	1	
   44	1	
   45	1	
   46	1	
   47	1	
   48	1	
   49	1	
   50	1	
   51	1	
   52	1	
   53	1053	
   54	1214	
   55	1217	
   56	1224	
   57	1228	
   58	1235	
   59	1239	
   60	1243	
   61	1248	
   62	1253	
   63	1257	
   64	1260	
   65	1265	
   66	1268	
   67	1270	
   68	1274	
   69	1276	
   70	1277	
   71	1278	
   72	1280	
   73	1282	
   74	1284	
   75	1288	
   76	1287	
   77	1289	
   78	1289	
   79	1292	
   80	1293	
   81	1297	
   82	1299	
   83	1301	
   84	1303	
   85	1304	
   86	1306	
   87	1307	
   88	1307	
   89	1308	
   90	1309	
   91	1310	
   92	1311	
   93	1312	
   94	1312	
   95	1311	
   96	1311	
   97	1311	
   98	1311	
   99	1312	
  100	1311	
  101	1311	
  102	1311	
  103	1307	
  104	1308	
  105	1308	
  106	1302	
  107	1277	
  108	1226	
  109	1181	
  110	1156	
  111	1142	
  112	1137	
  113	1133	
  114	1132	
  115	1132	
  116	1131	
  117	1132	
  118	1132	
  119	1130	
  120	1132	
  121	1132	
  122	1132	
  123	1132	
  124	1133	
  125	1132	
  126	1134	
  127	1134	
  128	1133	
  129	1	
  130	1	
  131	1	
  132	1	
  133	1	
  134	1	
  135	1	
  136	1	
  137	1	
