    1	-1	
    2	-1	
    3	-1	
    4	-1	
    5	-1	
    6	0	
    7	0	
    8	0	
    9	-1	
   10	0	
   11	-1	
   12	-1	
   13	0	
   14	0	
   15	0	
   16	-1	
   17	-1	
   18	0	
   19	0	
   20	0	
   21	-65	
   22	-47	
   23	-32	
   24	-28	
   25	-25	
   26	-24	
   27	-23	
   28	-22	
   29	-21	
   30	-21	
   31	-20	
   32	-20	
   33	-20	
   34	1	
   35	-1	
   36	0	
   37	0	
   38	-1	
   39	0	
   40	-1	
   41	-1	
   42	0	
   43	0	
   44	0	
   45	-1	
   46	0	
   47	-1	
   48	-1	
   49	0	
   50	-1	
   51	-1	
   52	-1	
   53	24	
   54	-71	
   55	-106	
   56	-106	
   57	-107	
   58	-108	
   59	-109	
   60	-109	
   61	-110	
   62	-110	
   63	-110	
   64	-111	
   65	-111	
   66	-111	
   67	-112	
   68	-112	
   69	-112	
   70	-112	
   71	-112	
   72	-112	
   73	-112	
   74	-113	
   75	-113	
   76	-113	
   77	-113	
   78	-112	
   79	-113	
   80	-113	
   81	-113	
   82	-113	
   83	-113	
   84	-113	
   85	-113	
   86	-113	
   87	-114	
   88	-114	
   89	-114	
   90	-114	
   91	-114	
   92	-114	
   93	-114	
   94	-114	
   95	-114	
   96	-114	
   97	-114	
   98	-114	
   99	-114	
  100	-114	
  101	-114	
  102	-114	
  103	-114	
  104	-114	
  105	-114	
  106	-113	
  107	-113	
  108	-113	
  109	-112	
  110	-110	
  111	-108	
  112	-107	
  113	-106	
  114	-106	
  115	-106	
  116	-106	
  117	-106	
  118	-106	
  119	-106	
  120	-105	
  121	-106	
  122	-106	
  123	-106	
  124	-105	
  125	-105	
  126	-105	
  127	-105	
  128	-105	
  129	-105	
  130	-1	
  131	-1	
  132	0	
  133	0	
  134	0	
  135	0	
  136	-1	
  137	-1	
  138	-1	
