    1	-11	
    2	-11	
    3	-11	
    4	-11	
    5	-11	
    6	-11	
    7	-11	
    8	-11	
    9	-11	
   10	-11	
   11	-11	
   12	-12	
   13	-11	
   14	-11	
   15	-11	
   16	-11	
   17	-11	
   18	-12	
   19	-11	
   20	-12	
   21	-11	
   22	-11	
   23	874	
   24	980	
   25	851	
   26	722	
   27	649	
   28	593	
   29	543	
   30	512	
   31	484	
   32	467	
   33	452	
   34	436	
   35	425	
   36	-4	
   37	-11	
   38	-11	
   39	-11	
   40	-11	
   41	-11	
   42	-11	
   43	-11	
   44	-11	
   45	-12	
   46	-11	
   47	-11	
   48	-12	
   49	-12	
   50	-11	
   51	-11	
   52	-11	
   53	-12	
   54	386	
   55	696	
   56	895	
   57	914	
   58	924	
   59	936	
   60	945	
   61	955	
   62	961	
   63	966	
   64	968	
   65	969	
   66	969	
   67	966	
   68	965	
   69	963	
   70	964	
   71	964	
   72	964	
   73	965	
   74	962	
   75	963	
   76	961	
   77	961	
   78	961	
   79	960	
   80	957	
   81	957	
   82	957	
   83	958	
   84	956	
   85	957	
   86	957	
   87	956	
   88	956	
   89	957	
   90	956	
   91	957	
   92	956	
   93	956	
   94	958	
   95	956	
   96	956	
   97	955	
   98	956	
   99	956	
  100	956	
  101	956	
  102	956	
  103	959	
  104	960	
  105	961	
  106	962	
  107	965	
  108	975	
  109	996	
  110	999	
  111	991	
  112	984	
  113	976	
  114	971	
  115	964	
  116	960	
  117	960	
  118	960	
  119	957	
  120	956	
  121	954	
  122	954	
  123	953	
  124	954	
  125	953	
  126	954	
  127	954	
  128	954	
  129	954	
  130	-9	
  131	-11	
  132	-11	
  133	-11	
  134	-11	
  135	-11	
  136	-11	
  137	-11	
  138	-11	
