    1	0	
    2	-1	
    3	0	
    4	-1	
    5	-1	
    6	-1	
    7	-1	
    8	-1	
    9	0	
   10	0	
   11	0	
   12	0	
   13	0	
   14	0	
   15	0	
   16	-1	
   17	-1	
   18	-1	
   19	0	
   20	0	
   21	-1	
   22	-64	
   23	-47	
   24	-32	
   25	-28	
   26	-25	
   27	-24	
   28	-23	
   29	-22	
   30	-21	
   31	-21	
   32	-20	
   33	-20	
   34	-20	
   35	1	
   36	-1	
   37	-1	
   38	-1	
   39	0	
   40	0	
   41	-1	
   42	0	
   43	-1	
   44	0	
   45	0	
   46	-1	
   47	-1	
   48	-1	
   49	0	
   50	0	
   51	-1	
   52	0	
   53	0	
   54	-1	
   55	-1	
   56	-17	
   57	-82	
   58	-106	
   59	-107	
   60	-107	
   61	-109	
   62	-109	
   63	-110	
   64	-110	
   65	-110	
   66	-111	
   67	-111	
   68	-111	
   69	-111	
   70	-112	
   71	-112	
   72	-112	
   73	-113	
   74	-113	
   75	-113	
   76	-113	
   77	-113	
   78	-113	
   79	-113	
   80	-113	
   81	-113	
   82	-113	
   83	-113	
   84	-112	
   85	-113	
   86	-113	
   87	-113	
   88	-113	
   89	-113	
   90	-113	
   91	-113	
   92	-113	
   93	-113	
   94	-113	
   95	-114	
   96	-113	
   97	-113	
   98	-114	
   99	-113	
  100	-113	
  101	-113	
  102	-113	
  103	-113	
  104	-113	
  105	-113	
  106	-113	
  107	-113	
  108	-113	
  109	-113	
  110	-114	
  111	-110	
  112	-108	
  113	-107	
  114	-106	
  115	-106	
  116	-106	
  117	-106	
  118	-106	
  119	-106	
  120	-106	
  121	-105	
  122	-105	
  123	-105	
  124	-105	
  125	-105	
  126	-105	
  127	-105	
  128	-105	
  129	-105	
  130	-105	
  131	-105	
  132	-2	
  133	-1	
  134	0	
  135	0	
  136	0	
  137	-1	
  138	-1	
  139	-1	
