    1	-11	
    2	-12	
    3	-11	
    4	-11	
    5	-11	
    6	-11	
    7	-11	
    8	-11	
    9	-11	
   10	-11	
   11	-11	
   12	-12	
   13	-11	
   14	-12	
   15	-12	
   16	-12	
   17	-11	
   18	-11	
   19	-12	
   20	-11	
   21	-11	
   22	-12	
   23	169	
   24	866	
   25	951	
   26	802	
   27	705	
   28	617	
   29	567	
   30	530	
   31	496	
   32	476	
   33	454	
   34	441	
   35	428	
   36	415	
   37	-4	
   38	-11	
   39	-11	
   40	-11	
   41	-11	
   42	-11	
   43	-11	
   44	-11	
   45	-11	
   46	-11	
   47	-11	
   48	-12	
   49	-11	
   50	-11	
   51	-11	
   52	-11	
   53	400	
   54	746	
   55	914	
   56	930	
   57	946	
   58	956	
   59	965	
   60	974	
   61	979	
   62	984	
   63	986	
   64	985	
   65	983	
   66	983	
   67	982	
   68	980	
   69	976	
   70	973	
   71	968	
   72	965	
   73	962	
   74	960	
   75	960	
   76	959	
   77	958	
   78	958	
   79	957	
   80	955	
   81	955	
   82	955	
   83	955	
   84	957	
   85	956	
   86	956	
   87	956	
   88	955	
   89	955	
   90	953	
   91	953	
   92	953	
   93	953	
   94	953	
   95	953	
   96	954	
   97	954	
   98	953	
   99	953	
  100	953	
  101	954	
  102	955	
  103	957	
  104	958	
  105	960	
  106	967	
  107	976	
  108	1000	
  109	998	
  110	991	
  111	985	
  112	978	
  113	972	
  114	970	
  115	968	
  116	968	
  117	965	
  118	964	
  119	963	
  120	962	
  121	961	
  122	962	
  123	961	
  124	961	
  125	960	
  126	960	
  127	960	
  128	961	
  129	5	
  130	-11	
  131	-11	
  132	-11	
  133	-12	
  134	-11	
  135	-11	
  136	-11	
  137	-12	
