    1	-11	
    2	-11	
    3	-11	
    4	-11	
    5	-12	
    6	-11	
    7	-11	
    8	-11	
    9	-11	
   10	-11	
   11	-12	
   12	-12	
   13	-12	
   14	-12	
   15	-12	
   16	-12	
   17	-12	
   18	-11	
   19	-12	
   20	-11	
   21	-12	
   22	-12	
   23	688	
   24	927	
   25	895	
   26	775	
   27	683	
   28	600	
   29	554	
   30	511	
   31	488	
   32	469	
   33	448	
   34	434	
   35	420	
   36	411	
   37	-10	
   38	-11	
   39	-11	
   40	-11	
   41	-11	
   42	-11	
   43	-11	
   44	-11	
   45	-11	
   46	-12	
   47	-11	
   48	-12	
   49	-11	
   50	-12	
   51	-12	
   52	-12	
   53	-12	
   54	-12	
   55	647	
   56	789	
   57	910	
   58	932	
   59	945	
   60	958	
   61	965	
   62	972	
   63	980	
   64	984	
   65	983	
   66	978	
   67	978	
   68	975	
   69	973	
   70	971	
   71	967	
   72	965	
   73	962	
   74	963	
   75	961	
   76	958	
   77	956	
   78	955	
   79	956	
   80	954	
   81	953	
   82	952	
   83	952	
   84	952	
   85	951	
   86	951	
   87	949	
   88	950	
   89	948	
   90	946	
   91	947	
   92	948	
   93	948	
   94	946	
   95	947	
   96	948	
   97	949	
   98	949	
   99	948	
  100	948	
  101	949	
  102	949	
  103	951	
  104	953	
  105	954	
  106	954	
  107	953	
  108	954	
  109	959	
  110	969	
  111	982	
  112	984	
  113	980	
  114	976	
  115	971	
  116	967	
  117	964	
  118	962	
  119	960	
  120	958	
  121	958	
  122	957	
  123	957	
  124	958	
  125	960	
  126	959	
  127	957	
  128	958	
  129	957	
  130	957	
  131	127	
  132	-11	
  133	-11	
  134	-11	
  135	-11	
  136	-11	
  137	-11	
  138	-11	
  139	-12	
