    1	1	
    2	1	
    3	1	
    4	1	
    5	1	
    6	1	
    7	1	
    8	1	
    9	1	
   10	1	
   11	1	
   12	1	
   13	1	
   14	1	
   15	1	
   16	1	
   17	1	
   18	1	
   19	1	
   20	1	
   21	1	
   22	1	
   23	2047	
   24	2047	
   25	2047	
   26	2047	
   27	2047	
   28	2047	
   29	2047	
   30	2047	
   31	2047	
   32	2047	
   33	2047	
   34	2047	
   35	2047	
   36	33	
   37	2	
   38	1	
   39	1	
   40	1	
   41	1	
   42	1	
   43	1	
   44	1	
   45	1	
   46	1	
   47	1	
   48	1	
   49	1	
   50	1	
   51	1	
   52	1	
   53	1	
   54	1	
   55	855	
   56	1104	
   57	1216	
   58	1216	
   59	1223	
   60	1229	
   61	1234	
   62	1239	
   63	1244	
   64	1248	
   65	1254	
   66	1257	
   67	1258	
   68	1262	
   69	1264	
   70	1268	
   71	1271	
   72	1275	
   73	1278	
   74	1277	
   75	1280	
   76	1282	
   77	1285	
   78	1287	
   79	1289	
   80	1291	
   81	1293	
   82	1295	
   83	1297	
   84	1298	
   85	1300	
   86	1301	
   87	1304	
   88	1305	
   89	1307	
   90	1308	
   91	1308	
   92	1309	
   93	1311	
   94	1312	
   95	1313	
   96	1312	
   97	1313	
   98	1314	
   99	1314	
  100	1313	
  101	1313	
  102	1313	
  103	1313	
  104	1313	
  105	1312	
  106	1313	
  107	1312	
  108	1310	
  109	1302	
  110	1268	
  111	1228	
  112	1182	
  113	1152	
  114	1145	
  115	1139	
  116	1138	
  117	1138	
  118	1138	
  119	1139	
  120	1138	
  121	1138	
  122	1138	
  123	1138	
  124	1138	
  125	1138	
  126	1137	
  127	1137	
  128	1138	
  129	1138	
  130	1137	
  131	1138	
  132	2	
  133	1	
  134	1	
  135	1	
  136	1	
  137	1	
  138	1	
  139	1	
