    1	-12	
    2	-11	
    3	-11	
    4	-11	
    5	-11	
    6	-11	
    7	-11	
    8	-11	
    9	-11	
   10	-11	
   11	-12	
   12	-12	
   13	-12	
   14	-12	
   15	-12	
   16	-12	
   17	-12	
   18	-11	
   19	-12	
   20	-11	
   21	-12	
   22	855	
   23	969	
   24	847	
   25	744	
   26	650	
   27	596	
   28	545	
   29	516	
   30	492	
   31	469	
   32	454	
   33	437	
   34	426	
   35	47	
   36	-11	
   37	-11	
   38	-11	
   39	-11	
   40	-12	
   41	-11	
   42	-11	
   43	-11	
   44	-11	
   45	-12	
   46	-11	
   47	-12	
   48	-12	
   49	-12	
   50	-12	
   51	-12	
   52	-12	
   53	396	
   54	694	
   55	898	
   56	924	
   57	943	
   58	952	
   59	960	
   60	967	
   61	975	
   62	977	
   63	980	
   64	978	
   65	977	
   66	973	
   67	972	
   68	971	
   69	969	
   70	968	
   71	967	
   72	967	
   73	964	
   74	964	
   75	963	
   76	963	
   77	961	
   78	960	
   79	960	
   80	958	
   81	956	
   82	954	
   83	953	
   84	955	
   85	956	
   86	956	
   87	956	
   88	956	
   89	956	
   90	956	
   91	956	
   92	954	
   93	954	
   94	954	
   95	954	
   96	956	
   97	956	
   98	956	
   99	956	
  100	957	
  101	957	
  102	958	
  103	960	
  104	958	
  105	960	
  106	961	
  107	967	
  108	982	
  109	996	
  110	999	
  111	992	
  112	984	
  113	975	
  114	970	
  115	967	
  116	964	
  117	963	
  118	961	
  119	960	
  120	961	
  121	960	
  122	960	
  123	958	
  124	960	
  125	960	
  126	960	
  127	960	
  128	960	
  129	958	
  130	-9	
  131	-11	
  132	-11	
  133	-11	
  134	-12	
  135	-12	
  136	-12	
  137	-12	
  138	-11	
