    1	1	
    2	1	
    3	1	
    4	1	
    5	1	
    6	1	
    7	1	
    8	1	
    9	1	
   10	1	
   11	1	
   12	1	
   13	1	
   14	1	
   15	1	
   16	1	
   17	1	
   18	1	
   19	1	
   20	1	
   21	1	
   22	2047	
   23	2047	
   24	2047	
   25	2047	
   26	2047	
   27	2047	
   28	2047	
   29	2047	
   30	2047	
   31	2047	
   32	2047	
   33	2047	
   34	2042	
   35	288	
   36	2	
   37	1	
   38	1	
   39	1	
   40	1	
   41	1	
   42	1	
   43	1	
   44	1	
   45	1	
   46	1	
   47	1	
   48	1	
   49	1	
   50	1	
   51	1	
   52	1	
   53	1	
   54	1	
   55	1	
   56	857	
   57	1104	
   58	1213	
   59	1213	
   60	1222	
   61	1228	
   62	1232	
   63	1237	
   64	1241	
   65	1244	
   66	1248	
   67	1250	
   68	1254	
   69	1256	
   70	1261	
   71	1263	
   72	1267	
   73	1273	
   74	1275	
   75	1278	
   76	1280	
   77	1281	
   78	1283	
   79	1285	
   80	1289	
   81	1290	
   82	1291	
   83	1295	
   84	1297	
   85	1298	
   86	1297	
   87	1300	
   88	1301	
   89	1302	
   90	1303	
   91	1305	
   92	1306	
   93	1308	
   94	1309	
   95	1313	
   96	1314	
   97	1315	
   98	1315	
   99	1316	
  100	1317	
  101	1317	
  102	1317	
  103	1317	
  104	1317	
  105	1318	
  106	1318	
  107	1316	
  108	1316	
  109	1313	
  110	1308	
  111	1287	
  112	1248	
  113	1190	
  114	1162	
  115	1146	
  116	1141	
  117	1138	
  118	1137	
  119	1136	
  120	1135	
  121	1135	
  122	1134	
  123	1134	
  124	1135	
  125	1134	
  126	1134	
  127	1135	
  128	1135	
  129	1133	
  130	1134	
  131	1133	
  132	1134	
  133	1133	
  134	166	
  135	1	
  136	1	
  137	1	
  138	1	
  139	1	
  140	1	
  141	1	
  142	1	
