    1	-11	
    2	-11	
    3	-11	
    4	-11	
    5	-12	
    6	-11	
    7	-12	
    8	-11	
    9	-12	
   10	-11	
   11	-12	
   12	-12	
   13	-12	
   14	-12	
   15	-12	
   16	-12	
   17	-12	
   18	-11	
   19	805	
   20	934	
   21	854	
   22	747	
   23	647	
   24	591	
   25	549	
   26	510	
   27	486	
   28	463	
   29	448	
   30	435	
   31	421	
   32	411	
   33	-11	
   34	-11	
   35	-11	
   36	-11	
   37	-11	
   38	-11	
   39	-12	
   40	-11	
   41	-11	
   42	-12	
   43	-12	
   44	-11	
   45	-11	
   46	-12	
   47	-12	
   48	-12	
   49	-11	
   50	644	
   51	861	
   52	909	
   53	923	
   54	931	
   55	940	
   56	949	
   57	956	
   58	962	
   59	965	
   60	966	
   61	966	
   62	965	
   63	965	
   64	964	
   65	961	
   66	960	
   67	960	
   68	957	
   69	958	
   70	958	
   71	956	
   72	956	
   73	954	
   74	953	
   75	952	
   76	952	
   77	951	
   78	950	
   79	950	
   80	949	
   81	947	
   82	946	
   83	945	
   84	946	
   85	944	
   86	945	
   87	944	
   88	946	
   89	947	
   90	948	
   91	947	
   92	949	
   93	948	
   94	950	
   95	950	
   96	949	
   97	951	
   98	952	
   99	952	
  100	953	
  101	956	
  102	958	
  103	968	
  104	982	
  105	990	
  106	985	
  107	978	
  108	965	
  109	965	
  110	962	
  111	960	
  112	957	
  113	954	
  114	953	
  115	952	
  116	949	
  117	949	
  118	948	
  119	948	
  120	948	
  121	947	
  122	946	
  123	946	
  124	948	
  125	121	
  126	-11	
  127	-12	
  128	-11	
  129	-11	
  130	-12	
  131	-12	
  132	-12	
  133	-12	
