    1	-11	
    2	-11	
    3	-11	
    4	-11	
    5	-12	
    6	-12	
    7	-12	
    8	-11	
    9	-11	
   10	-11	
   11	-12	
   12	-12	
   13	-12	
   14	-12	
   15	-12	
   16	-12	
   17	-12	
   18	-12	
   19	-12	
   20	-11	
   21	-12	
   22	-12	
   23	855	
   24	969	
   25	844	
   26	715	
   27	639	
   28	574	
   29	536	
   30	508	
   31	480	
   32	462	
   33	445	
   34	433	
   35	422	
   36	-5	
   37	-11	
   38	-12	
   39	-12	
   40	-11	
   41	-11	
   42	-11	
   43	-12	
   44	-11	
   45	-11	
   46	-12	
   47	-12	
   48	-12	
   49	-11	
   50	-12	
   51	-11	
   52	-12	
   53	386	
   54	698	
   55	890	
   56	920	
   57	932	
   58	943	
   59	951	
   60	958	
   61	964	
   62	966	
   63	969	
   64	970	
   65	967	
   66	968	
   67	966	
   68	963	
   69	964	
   70	962	
   71	960	
   72	958	
   73	957	
   74	960	
   75	958	
   76	953	
   77	953	
   78	952	
   79	953	
   80	953	
   81	952	
   82	950	
   83	952	
   84	951	
   85	951	
   86	952	
   87	951	
   88	953	
   89	950	
   90	949	
   91	948	
   92	947	
   93	949	
   94	948	
   95	949	
   96	950	
   97	951	
   98	951	
   99	951	
  100	950	
  101	947	
  102	945	
  103	948	
  104	950	
  105	953	
  106	961	
  107	975	
  108	988	
  109	988	
  110	981	
  111	972	
  112	967	
  113	961	
  114	958	
  115	956	
  116	953	
  117	952	
  118	952	
  119	950	
  120	949	
  121	952	
  122	952	
  123	951	
  124	951	
  125	952	
  126	951	
  127	951	
  128	950	
  129	-9	
  130	-11	
  131	-12	
  132	-12	
  133	-12	
  134	-12	
  135	-12	
  136	-12	
  137	-12	
