    1	0	
    2	0	
    3	0	
    4	0	
    5	-1	
    6	0	
    7	0	
    8	0	
    9	0	
   10	-1	
   11	-1	
   12	0	
   13	0	
   14	0	
   15	-1	
   16	0	
   17	-1	
   18	0	
   19	0	
   20	-1	
   21	-1	
   22	-64	
   23	-46	
   24	-32	
   25	-27	
   26	-25	
   27	-23	
   28	-23	
   29	-22	
   30	-21	
   31	-21	
   32	-20	
   33	-20	
   34	-20	
   35	1	
   36	0	
   37	-2	
   38	-1	
   39	-1	
   40	-1	
   41	-1	
   42	-2	
   43	-1	
   44	0	
   45	-1	
   46	0	
   47	-1	
   48	-1	
   49	-1	
   50	-2	
   51	-1	
   52	-62	
   53	-106	
   54	-106	
   55	-106	
   56	-107	
   57	-108	
   58	-109	
   59	-109	
   60	-109	
   61	-109	
   62	-110	
   63	-110	
   64	-111	
   65	-111	
   66	-111	
   67	-111	
   68	-111	
   69	-112	
   70	-112	
   71	-112	
   72	-112	
   73	-112	
   74	-112	
   75	-112	
   76	-112	
   77	-112	
   78	-112	
   79	-112	
   80	-112	
   81	-112	
   82	-112	
   83	-112	
   84	-112	
   85	-112	
   86	-112	
   87	-112	
   88	-112	
   89	-112	
   90	-112	
   91	-112	
   92	-113	
   93	-112	
   94	-112	
   95	-113	
   96	-113	
   97	-113	
   98	-113	
   99	-113	
  100	-113	
  101	-112	
  102	-112	
  103	-112	
  104	-112	
  105	-113	
  106	-109	
  107	-107	
  108	-106	
  109	-105	
  110	-105	
  111	-105	
  112	-104	
  113	-104	
  114	-104	
  115	-104	
  116	-104	
  117	-104	
  118	-104	
  119	-104	
  120	-104	
  121	-104	
  122	-104	
  123	-104	
  124	-104	
  125	-104	
  126	-104	
  127	-2	
  128	0	
  129	0	
  130	-1	
  131	0	
  132	0	
  133	0	
  134	0	
  135	0	
