    1	1	
    2	1	
    3	1	
    4	1	
    5	1	
    6	1	
    7	1	
    8	1	
    9	1	
   10	1	
   11	1	
   12	1	
   13	1	
   14	1	
   15	1	
   16	1	
   17	1	
   18	1	
   19	1	
   20	2047	
   21	2047	
   22	2047	
   23	2047	
   24	2047	
   25	2047	
   26	2047	
   27	2047	
   28	2047	
   29	2047	
   30	2047	
   31	2047	
   32	2045	
   33	291	
   34	2	
   35	1	
   36	1	
   37	1	
   38	1	
   39	1	
   40	1	
   41	1	
   42	1	
   43	1	
   44	1	
   45	1	
   46	1	
   47	1	
   48	1	
   49	1	
   50	1	
   51	1	
   52	1025	
   53	1216	
   54	1216	
   55	1220	
   56	1227	
   57	1234	
   58	1241	
   59	1245	
   60	1249	
   61	1254	
   62	1258	
   63	1263	
   64	1264	
   65	1268	
   66	1270	
   67	1272	
   68	1275	
   69	1277	
   70	1277	
   71	1280	
   72	1284	
   73	1286	
   74	1287	
   75	1290	
   76	1292	
   77	1294	
   78	1295	
   79	1297	
   80	1298	
   81	1299	
   82	1301	
   83	1303	
   84	1305	
   85	1306	
   86	1308	
   87	1310	
   88	1309	
   89	1311	
   90	1312	
   91	1313	
   92	1314	
   93	1315	
   94	1314	
   95	1313	
   96	1312	
   97	1313	
   98	1312	
   99	1313	
  100	1313	
  101	1314	
  102	1314	
  103	1312	
  104	1303	
  105	1277	
  106	1227	
  107	1180	
  108	1153	
  109	1144	
  110	1141	
  111	1140	
  112	1139	
  113	1138	
  114	1138	
  115	1138	
  116	1137	
  117	1137	
  118	1137	
  119	1138	
  120	1137	
  121	1140	
  122	1139	
  123	1140	
  124	1138	
  125	1139	
  126	1139	
  127	19	
  128	1	
  129	1	
  130	1	
  131	1	
  132	1	
  133	1	
  134	1	
  135	1	
