    1	-1	
    2	0	
    3	0	
    4	0	
    5	0	
    6	0	
    7	0	
    8	-1	
    9	-1	
   10	-1	
   11	0	
   12	0	
   13	-1	
   14	-2	
   15	-1	
   16	0	
   17	0	
   18	0	
   19	-1	
   20	-78	
   21	-46	
   22	-33	
   23	-28	
   24	-25	
   25	-24	
   26	-22	
   27	-22	
   28	-21	
   29	-20	
   30	-20	
   31	-20	
   32	-20	
   33	-19	
   34	-1	
   35	-1	
   36	-1	
   37	-1	
   38	-1	
   39	-1	
   40	-1	
   41	-1	
   42	0	
   43	-1	
   44	0	
   45	0	
   46	-1	
   47	0	
   48	0	
   49	-1	
   50	-48	
   51	-104	
   52	-105	
   53	-106	
   54	-107	
   55	-108	
   56	-108	
   57	-109	
   58	-109	
   59	-109	
   60	-110	
   61	-110	
   62	-110	
   63	-110	
   64	-111	
   65	-111	
   66	-111	
   67	-112	
   68	-112	
   69	-112	
   70	-112	
   71	-112	
   72	-112	
   73	-112	
   74	-112	
   75	-112	
   76	-112	
   77	-112	
   78	-112	
   79	-112	
   80	-112	
   81	-112	
   82	-112	
   83	-112	
   84	-112	
   85	-112	
   86	-112	
   87	-113	
   88	-112	
   89	-112	
   90	-112	
   91	-112	
   92	-112	
   93	-112	
   94	-112	
   95	-112	
   96	-112	
   97	-112	
   98	-112	
   99	-112	
  100	-112	
  101	-112	
  102	-112	
  103	-112	
  104	-111	
  105	-109	
  106	-107	
  107	-106	
  108	-106	
  109	-106	
  110	-106	
  111	-106	
  112	-105	
  113	-105	
  114	-105	
  115	-104	
  116	-104	
  117	-104	
  118	-104	
  119	-104	
  120	-104	
  121	-104	
  122	-104	
  123	-104	
  124	-104	
  125	-6	
  126	-1	
  127	0	
  128	0	
  129	0	
  130	-1	
  131	-1	
  132	-1	
  133	-1	
