    1	1	
    2	1	
    3	1	
    4	1	
    5	1	
    6	1	
    7	1	
    8	1	
    9	1	
   10	1	
   11	1	
   12	1	
   13	1	
   14	1	
   15	1	
   16	1	
   17	1	
   18	1	
   19	1	
   20	2047	
   21	2047	
   22	2047	
   23	2047	
   24	2047	
   25	2047	
   26	2047	
   27	2047	
   28	2047	
   29	2047	
   30	2047	
   31	2047	
   32	2047	
   33	287	
   34	2	
   35	1	
   36	1	
   37	1	
   38	1	
   39	1	
   40	1	
   41	1	
   42	1	
   43	1	
   44	1	
   45	1	
   46	1	
   47	1	
   48	1	
   49	1	
   50	1	
   51	1	
   52	1015	
   53	1202	
   54	1201	
   55	1209	
   56	1218	
   57	1223	
   58	1229	
   59	1233	
   60	1236	
   61	1239	
   62	1242	
   63	1245	
   64	1247	
   65	1251	
   66	1255	
   67	1257	
   68	1261	
   69	1263	
   70	1264	
   71	1267	
   72	1271	
   73	1272	
   74	1277	
   75	1279	
   76	1281	
   77	1282	
   78	1286	
   79	1288	
   80	1289	
   81	1290	
   82	1291	
   83	1293	
   84	1292	
   85	1293	
   86	1295	
   87	1296	
   88	1299	
   89	1300	
   90	1302	
   91	1301	
   92	1302	
   93	1303	
   94	1301	
   95	1302	
   96	1302	
   97	1301	
   98	1300	
   99	1300	
  100	1300	
  101	1300	
  102	1299	
  103	1298	
  104	1298	
  105	1297	
  106	1293	
  107	1277	
  108	1235	
  109	1189	
  110	1159	
  111	1138	
  112	1133	
  113	1128	
  114	1128	
  115	1126	
  116	1127	
  117	1128	
  118	1129	
  119	1129	
  120	1128	
  121	1129	
  122	1127	
  123	1126	
  124	1126	
  125	1125	
  126	1125	
  127	1124	
  128	1125	
  129	1125	
  130	4	
  131	1	
  132	1	
  133	1	
  134	1	
  135	1	
  136	1	
  137	1	
  138	1	
