    1	-1	
    2	-1	
    3	0	
    4	-1	
    5	-1	
    6	0	
    7	0	
    8	-1	
    9	-1	
   10	-1	
   11	0	
   12	0	
   13	0	
   14	-1	
   15	0	
   16	-1	
   17	-1	
   18	-1	
   19	-1	
   20	0	
   21	-1	
   22	-63	
   23	-44	
   24	-32	
   25	-27	
   26	-24	
   27	-23	
   28	-22	
   29	-21	
   30	-21	
   31	-20	
   32	-20	
   33	-19	
   34	-19	
   35	1	
   36	-1	
   37	-1	
   38	-1	
   39	0	
   40	0	
   41	0	
   42	0	
   43	-1	
   44	-1	
   45	0	
   46	-2	
   47	-1	
   48	-1	
   49	-1	
   50	0	
   51	-1	
   52	-1	
   53	25	
   54	-69	
   55	-105	
   56	-105	
   57	-106	
   58	-107	
   59	-108	
   60	-108	
   61	-109	
   62	-110	
   63	-111	
   64	-111	
   65	-111	
   66	-111	
   67	-112	
   68	-112	
   69	-112	
   70	-111	
   71	-112	
   72	-112	
   73	-112	
   74	-112	
   75	-112	
   76	-112	
   77	-112	
   78	-112	
   79	-112	
   80	-112	
   81	-112	
   82	-112	
   83	-111	
   84	-112	
   85	-112	
   86	-112	
   87	-112	
   88	-112	
   89	-112	
   90	-112	
   91	-112	
   92	-112	
   93	-112	
   94	-112	
   95	-112	
   96	-112	
   97	-112	
   98	-112	
   99	-112	
  100	-112	
  101	-112	
  102	-113	
  103	-113	
  104	-112	
  105	-112	
  106	-113	
  107	-113	
  108	-112	
  109	-110	
  110	-109	
  111	-108	
  112	-107	
  113	-106	
  114	-106	
  115	-105	
  116	-106	
  117	-105	
  118	-105	
  119	-105	
  120	-104	
  121	-105	
  122	-104	
  123	-104	
  124	-104	
  125	-104	
  126	-104	
  127	-104	
  128	-104	
  129	-104	
  130	-1	
  131	0	
  132	0	
  133	-1	
  134	0	
  135	-1	
  136	0	
  137	-1	
  138	-1	
