    1	0	
    2	0	
    3	0	
    4	-1	
    5	-1	
    6	0	
    7	0	
    8	0	
    9	0	
   10	0	
   11	-1	
   12	0	
   13	0	
   14	0	
   15	0	
   16	0	
   17	0	
   18	-1	
   19	0	
   20	-1	
   21	-64	
   22	-46	
   23	-33	
   24	-27	
   25	-25	
   26	-23	
   27	-22	
   28	-22	
   29	-21	
   30	-20	
   31	-20	
   32	-20	
   33	-20	
   34	1	
   35	-1	
   36	-1	
   37	-1	
   38	0	
   39	-1	
   40	-1	
   41	-1	
   42	-1	
   43	0	
   44	0	
   45	0	
   46	0	
   47	0	
   48	0	
   49	-1	
   50	-1	
   51	0	
   52	0	
   53	-63	
   54	-104	
   55	-105	
   56	-106	
   57	-107	
   58	-108	
   59	-108	
   60	-109	
   61	-109	
   62	-110	
   63	-110	
   64	-111	
   65	-111	
   66	-111	
   67	-111	
   68	-112	
   69	-112	
   70	-112	
   71	-112	
   72	-112	
   73	-112	
   74	-112	
   75	-112	
   76	-112	
   77	-112	
   78	-112	
   79	-112	
   80	-112	
   81	-112	
   82	-112	
   83	-112	
   84	-112	
   85	-112	
   86	-112	
   87	-112	
   88	-112	
   89	-112	
   90	-113	
   91	-113	
   92	-113	
   93	-113	
   94	-113	
   95	-113	
   96	-113	
   97	-113	
   98	-113	
   99	-113	
  100	-113	
  101	-113	
  102	-112	
  103	-113	
  104	-113	
  105	-113	
  106	-113	
  107	-112	
  108	-112	
  109	-110	
  110	-108	
  111	-107	
  112	-106	
  113	-106	
  114	-105	
  115	-106	
  116	-105	
  117	-105	
  118	-105	
  119	-105	
  120	-106	
  121	-106	
  122	-105	
  123	-105	
  124	-105	
  125	-105	
  126	-104	
  127	-104	
  128	-104	
  129	-104	
  130	-104	
  131	0	
  132	0	
  133	0	
  134	-1	
  135	0	
  136	-1	
  137	-1	
  138	-1	
  139	-1	
