    1	-11	
    2	-11	
    3	-11	
    4	-11	
    5	-11	
    6	-11	
    7	-11	
    8	-11	
    9	-11	
   10	-11	
   11	-12	
   12	-12	
   13	-12	
   14	-12	
   15	-11	
   16	-12	
   17	-12	
   18	-12	
   19	-12	
   20	-11	
   21	-12	
   22	848	
   23	962	
   24	836	
   25	731	
   26	635	
   27	580	
   28	540	
   29	502	
   30	480	
   31	458	
   32	443	
   33	429	
   34	415	
   35	47	
   36	-11	
   37	-11	
   38	-11	
   39	-11	
   40	-11	
   41	-11	
   42	-11	
   43	-11	
   44	-11	
   45	-12	
   46	-11	
   47	-11	
   48	-11	
   49	-12	
   50	-11	
   51	-11	
   52	-12	
   53	-12	
   54	690	
   55	894	
   56	920	
   57	929	
   58	941	
   59	949	
   60	956	
   61	964	
   62	968	
   63	970	
   64	966	
   65	964	
   66	961	
   67	960	
   68	959	
   69	956	
   70	955	
   71	956	
   72	953	
   73	954	
   74	953	
   75	952	
   76	953	
   77	949	
   78	948	
   79	947	
   80	946	
   81	943	
   82	944	
   83	945	
   84	943	
   85	944	
   86	943	
   87	944	
   88	946	
   89	944	
   90	944	
   91	944	
   92	944	
   93	944	
   94	943	
   95	944	
   96	943	
   97	941	
   98	942	
   99	943	
  100	943	
  101	944	
  102	945	
  103	944	
  104	944	
  105	945	
  106	945	
  107	947	
  108	951	
  109	963	
  110	976	
  111	985	
  112	980	
  113	973	
  114	964	
  115	960	
  116	956	
  117	954	
  118	952	
  119	950	
  120	948	
  121	948	
  122	946	
  123	947	
  124	946	
  125	946	
  126	947	
  127	946	
  128	945	
  129	945	
  130	947	
  131	947	
  132	948	
  133	-11	
  134	-11	
  135	-12	
  136	-11	
  137	-12	
  138	-11	
  139	-12	
  140	-12	
