    1	-11	
    2	-11	
    3	-12	
    4	-12	
    5	-11	
    6	-12	
    7	-11	
    8	-11	
    9	-12	
   10	-11	
   11	-12	
   12	-12	
   13	-12	
   14	-12	
   15	-12	
   16	-12	
   17	-12	
   18	-12	
   19	-11	
   20	-12	
   21	-12	
   22	-11	
   23	93	
   24	891	
   25	965	
   26	809	
   27	710	
   28	620	
   29	567	
   30	530	
   31	495	
   32	473	
   33	451	
   34	437	
   35	425	
   36	413	
   37	-5	
   38	-11	
   39	-11	
   40	-11	
   41	-11	
   42	-11	
   43	-11	
   44	-11	
   45	-11	
   46	-11	
   47	-12	
   48	-11	
   49	-12	
   50	-12	
   51	-12	
   52	-12	
   53	-12	
   54	396	
   55	688	
   56	901	
   57	920	
   58	934	
   59	942	
   60	949	
   61	957	
   62	960	
   63	966	
   64	966	
   65	965	
   66	964	
   67	963	
   68	963	
   69	960	
   70	957	
   71	958	
   72	956	
   73	951	
   74	949	
   75	947	
   76	946	
   77	945	
   78	945	
   79	944	
   80	944	
   81	941	
   82	940	
   83	940	
   84	939	
   85	938	
   86	940	
   87	941	
   88	940	
   89	938	
   90	937	
   91	937	
   92	937	
   93	936	
   94	936	
   95	937	
   96	938	
   97	938	
   98	939	
   99	938	
  100	944	
  101	943	
  102	943	
  103	945	
  104	944	
  105	943	
  106	944	
  107	945	
  108	949	
  109	961	
  110	976	
  111	989	
  112	982	
  113	975	
  114	968	
  115	963	
  116	960	
  117	957	
  118	955	
  119	951	
  120	952	
  121	952	
  122	951	
  123	950	
  124	950	
  125	950	
  126	948	
  127	948	
  128	946	
  129	947	
  130	945	
  131	946	
  132	946	
  133	-11	
  134	-11	
  135	-12	
  136	-11	
  137	-12	
  138	-11	
  139	-12	
  140	-12	
