    1	-11	
    2	-12	
    3	-11	
    4	-11	
    5	-11	
    6	-11	
    7	-11	
    8	-11	
    9	-11	
   10	-11	
   11	-11	
   12	-12	
   13	-11	
   14	-12	
   15	-12	
   16	-12	
   17	-12	
   18	-12	
   19	-12	
   20	-11	
   21	-12	
   22	853	
   23	969	
   24	838	
   25	733	
   26	637	
   27	582	
   28	532	
   29	503	
   30	480	
   31	457	
   32	442	
   33	426	
   34	415	
   35	46	
   36	-11	
   37	-11	
   38	-11	
   39	-11	
   40	-11	
   41	-11	
   42	-11	
   43	-11	
   44	-11	
   45	-12	
   46	-11	
   47	-12	
   48	-11	
   49	-11	
   50	-12	
   51	-12	
   52	-12	
   53	391	
   54	682	
   55	890	
   56	911	
   57	926	
   58	937	
   59	946	
   60	952	
   61	960	
   62	965	
   63	969	
   64	968	
   65	967	
   66	965	
   67	963	
   68	961	
   69	956	
   70	954	
   71	952	
   72	950	
   73	950	
   74	948	
   75	947	
   76	946	
   77	944	
   78	943	
   79	943	
   80	942	
   81	941	
   82	940	
   83	939	
   84	939	
   85	939	
   86	939	
   87	937	
   88	936	
   89	935	
   90	937	
   91	937	
   92	937	
   93	938	
   94	940	
   95	940	
   96	941	
   97	938	
   98	938	
   99	938	
  100	939	
  101	941	
  102	943	
  103	944	
  104	944	
  105	946	
  106	955	
  107	965	
  108	988	
  109	1005	
  110	998	
  111	989	
  112	980	
  113	971	
  114	966	
  115	964	
  116	963	
  117	960	
  118	957	
  119	956	
  120	955	
  121	954	
  122	954	
  123	953	
  124	952	
  125	954	
  126	952	
  127	952	
  128	954	
  129	953	
  130	-9	
  131	-11	
  132	-11	
  133	-11	
  134	-12	
  135	-12	
  136	-12	
  137	-12	
  138	-12	
