    1	-11	
    2	-11	
    3	-11	
    4	-11	
    5	-11	
    6	-11	
    7	-11	
    8	-11	
    9	-11	
   10	-11	
   11	-11	
   12	-11	
   13	-12	
   14	-12	
   15	-12	
   16	-11	
   17	-12	
   18	-11	
   19	-12	
   20	-11	
   21	-12	
   22	-12	
   23	851	
   24	960	
   25	833	
   26	710	
   27	637	
   28	583	
   29	534	
   30	505	
   31	478	
   32	459	
   33	444	
   34	428	
   35	416	
   36	-5	
   37	-11	
   38	-11	
   39	-11	
   40	-11	
   41	-11	
   42	-11	
   43	-11	
   44	-11	
   45	-11	
   46	-11	
   47	-12	
   48	-12	
   49	-12	
   50	-12	
   51	-11	
   52	-12	
   53	-11	
   54	392	
   55	685	
   56	897	
   57	915	
   58	923	
   59	934	
   60	945	
   61	955	
   62	959	
   63	963	
   64	967	
   65	966	
   66	964	
   67	964	
   68	960	
   69	959	
   70	954	
   71	956	
   72	953	
   73	953	
   74	950	
   75	947	
   76	946	
   77	945	
   78	944	
   79	946	
   80	946	
   81	947	
   82	945	
   83	945	
   84	944	
   85	945	
   86	944	
   87	944	
   88	944	
   89	943	
   90	941	
   91	945	
   92	944	
   93	944	
   94	944	
   95	943	
   96	944	
   97	944	
   98	944	
   99	943	
  100	943	
  101	944	
  102	944	
  103	945	
  104	947	
  105	945	
  106	945	
  107	945	
  108	946	
  109	954	
  110	969	
  111	985	
  112	987	
  113	981	
  114	971	
  115	964	
  116	957	
  117	954	
  118	952	
  119	950	
  120	949	
  121	947	
  122	946	
  123	945	
  124	944	
  125	943	
  126	943	
  127	944	
  128	944	
  129	942	
  130	942	
  131	942	
  132	942	
  133	-11	
  134	-11	
  135	-11	
  136	-11	
  137	-11	
  138	-12	
  139	-12	
  140	-11	
