    1	1	
    2	1	
    3	1	
    4	1	
    5	1	
    6	1	
    7	1	
    8	1	
    9	1	
   10	1	
   11	1	
   12	1	
   13	1	
   14	1	
   15	1	
   16	1	
   17	1	
   18	1	
   19	1	
   20	1	
   21	1	
   22	2047	
   23	2047	
   24	2047	
   25	2047	
   26	2047	
   27	2047	
   28	2047	
   29	2047	
   30	2047	
   31	2047	
   32	2047	
   33	2047	
   34	2029	
   35	289	
   36	1	
   37	1	
   38	1	
   39	1	
   40	1	
   41	1	
   42	1	
   43	1	
   44	1	
   45	1	
   46	1	
   47	1	
   48	1	
   49	1	
   50	1	
   51	1	
   52	1	
   53	1	
   54	548	
   55	1044	
   56	1212	
   57	1213	
   58	1219	
   59	1228	
   60	1232	
   61	1237	
   62	1242	
   63	1245	
   64	1247	
   65	1250	
   66	1254	
   67	1257	
   68	1260	
   69	1261	
   70	1264	
   71	1265	
   72	1267	
   73	1269	
   74	1274	
   75	1275	
   76	1277	
   77	1277	
   78	1280	
   79	1280	
   80	1282	
   81	1284	
   82	1285	
   83	1288	
   84	1290	
   85	1291	
   86	1290	
   87	1292	
   88	1294	
   89	1294	
   90	1296	
   91	1296	
   92	1299	
   93	1299	
   94	1299	
   95	1301	
   96	1302	
   97	1303	
   98	1303	
   99	1302	
  100	1302	
  101	1302	
  102	1302	
  103	1303	
  104	1303	
  105	1302	
  106	1301	
  107	1300	
  108	1300	
  109	1295	
  110	1271	
  111	1232	
  112	1186	
  113	1155	
  114	1143	
  115	1137	
  116	1135	
  117	1133	
  118	1133	
  119	1133	
  120	1133	
  121	1132	
  122	1133	
  123	1134	
  124	1134	
  125	1134	
  126	1133	
  127	1132	
  128	1132	
  129	1132	
  130	1133	
  131	1133	
  132	1133	
  133	166	
  134	1	
  135	1	
  136	1	
  137	1	
  138	1	
  139	1	
  140	1	
  141	1	
