    1	1	
    2	1	
    3	1	
    4	1	
    5	1	
    6	1	
    7	1	
    8	1	
    9	1	
   10	1	
   11	1	
   12	1	
   13	1	
   14	1	
   15	1	
   16	1	
   17	1	
   18	1	
   19	2047	
   20	2047	
   21	2047	
   22	2047	
   23	2047	
   24	2047	
   25	2047	
   26	2047	
   27	2047	
   28	2047	
   29	2047	
   30	2047	
   31	2031	
   32	2011	
   33	2	
   34	1	
   35	1	
   36	1	
   37	1	
   38	1	
   39	1	
   40	1	
   41	1	
   42	1	
   43	1	
   44	1	
   45	1	
   46	1	
   47	1	
   48	1	
   49	1	
   50	1	
   51	1018	
   52	1180	
   53	1211	
   54	1217	
   55	1221	
   56	1227	
   57	1231	
   58	1236	
   59	1240	
   60	1244	
   61	1249	
   62	1251	
   63	1254	
   64	1258	
   65	1258	
   66	1262	
   67	1264	
   68	1267	
   69	1268	
   70	1270	
   71	1273	
   72	1275	
   73	1278	
   74	1280	
   75	1282	
   76	1284	
   77	1286	
   78	1288	
   79	1290	
   80	1292	
   81	1294	
   82	1296	
   83	1296	
   84	1298	
   85	1300	
   86	1302	
   87	1304	
   88	1305	
   89	1308	
   90	1308	
   91	1309	
   92	1309	
   93	1308	
   94	1309	
   95	1308	
   96	1309	
   97	1308	
   98	1307	
   99	1306	
  100	1307	
  101	1306	
  102	1305	
  103	1305	
  104	1305	
  105	1295	
  106	1252	
  107	1210	
  108	1174	
  109	1153	
  110	1144	
  111	1139	
  112	1138	
  113	1136	
  114	1135	
  115	1134	
  116	1133	
  117	1133	
  118	1134	
  119	1134	
  120	1134	
  121	1134	
  122	1133	
  123	1132	
  124	1132	
  125	1133	
  126	1132	
  127	1132	
  128	1132	
  129	4	
  130	1	
  131	1	
  132	1	
  133	1	
  134	1	
  135	1	
  136	1	
  137	1	
