    1	1	
    2	1	
    3	1	
    4	1	
    5	1	
    6	1	
    7	1	
    8	1	
    9	1	
   10	1	
   11	1	
   12	1	
   13	1	
   14	1	
   15	1	
   16	1	
   17	1	
   18	1	
   19	1	
   20	1	
   21	1	
   22	1	
   23	2047	
   24	2047	
   25	2047	
   26	2047	
   27	2047	
   28	2047	
   29	2047	
   30	2047	
   31	2047	
   32	2047	
   33	2047	
   34	2035	
   35	2020	
   36	33	
   37	1	
   38	1	
   39	1	
   40	1	
   41	1	
   42	1	
   43	1	
   44	1	
   45	1	
   46	1	
   47	1	
   48	1	
   49	1	
   50	1	
   51	1	
   52	1	
   53	1	
   54	546	
   55	1042	
   56	1212	
   57	1211	
   58	1218	
   59	1222	
   60	1228	
   61	1233	
   62	1237	
   63	1243	
   64	1246	
   65	1249	
   66	1250	
   67	1252	
   68	1255	
   69	1257	
   70	1260	
   71	1261	
   72	1265	
   73	1267	
   74	1268	
   75	1270	
   76	1273	
   77	1276	
   78	1276	
   79	1278	
   80	1279	
   81	1281	
   82	1282	
   83	1284	
   84	1286	
   85	1288	
   86	1291	
   87	1291	
   88	1292	
   89	1294	
   90	1295	
   91	1296	
   92	1296	
   93	1298	
   94	1299	
   95	1300	
   96	1301	
   97	1302	
   98	1302	
   99	1304	
  100	1303	
  101	1304	
  102	1304	
  103	1304	
  104	1302	
  105	1302	
  106	1301	
  107	1301	
  108	1296	
  109	1277	
  110	1237	
  111	1189	
  112	1160	
  113	1144	
  114	1139	
  115	1137	
  116	1136	
  117	1135	
  118	1135	
  119	1131	
  120	1135	
  121	1133	
  122	1133	
  123	1133	
  124	1134	
  125	1133	
  126	1133	
  127	1132	
  128	1132	
  129	1131	
  130	1132	
  131	1131	
  132	1131	
  133	1	
  134	1	
  135	1	
  136	1	
  137	1	
  138	1	
  139	1	
  140	1	
