    1	-11	
    2	-11	
    3	-11	
    4	-11	
    5	-11	
    6	-11	
    7	-11	
    8	-12	
    9	-11	
   10	-11	
   11	-11	
   12	-11	
   13	-12	
   14	-11	
   15	-11	
   16	-12	
   17	-11	
   18	-12	
   19	-12	
   20	-11	
   21	-12	
   22	-11	
   23	-12	
   24	165	
   25	852	
   26	915	
   27	801	
   28	707	
   29	620	
   30	570	
   31	526	
   32	498	
   33	473	
   34	452	
   35	439	
   36	425	
   37	412	
   38	-5	
   39	-11	
   40	-12	
   41	-11	
   42	-11	
   43	-11	
   44	-11	
   45	-11	
   46	-11	
   47	-11	
   48	-12	
   49	-11	
   50	-11	
   51	-11	
   52	-11	
   53	-12	
   54	393	
   55	687	
   56	891	
   57	905	
   58	920	
   59	932	
   60	943	
   61	952	
   62	960	
   63	965	
   64	966	
   65	969	
   66	970	
   67	970	
   68	967	
   69	964	
   70	961	
   71	958	
   72	956	
   73	952	
   74	954	
   75	953	
   76	950	
   77	949	
   78	945	
   79	948	
   80	947	
   81	946	
   82	944	
   83	945	
   84	946	
   85	945	
   86	946	
   87	945	
   88	946	
   89	945	
   90	943	
   91	944	
   92	944	
   93	944	
   94	945	
   95	944	
   96	945	
   97	943	
   98	944	
   99	944	
  100	945	
  101	945	
  102	946	
  103	944	
  104	943	
  105	943	
  106	944	
  107	945	
  108	953	
  109	968	
  110	988	
  111	988	
  112	981	
  113	970	
  114	963	
  115	955	
  116	953	
  117	951	
  118	949	
  119	945	
  120	945	
  121	944	
  122	945	
  123	944	
  124	944	
  125	944	
  126	944	
  127	943	
  128	943	
  129	944	
  130	944	
  131	-11	
  132	-11	
  133	-11	
  134	-12	
  135	-11	
  136	-11	
  137	-11	
  138	-11	
