    1	-11	
    2	-11	
    3	-11	
    4	-11	
    5	-11	
    6	-11	
    7	-11	
    8	-11	
    9	-11	
   10	-11	
   11	-11	
   12	-12	
   13	-12	
   14	-11	
   15	-12	
   16	-12	
   17	-12	
   18	-12	
   19	-11	
   20	823	
   21	970	
   22	877	
   23	765	
   24	661	
   25	603	
   26	550	
   27	518	
   28	493	
   29	469	
   30	453	
   31	436	
   32	425	
   33	415	
   34	-11	
   35	-11	
   36	-11	
   37	-11	
   38	-11	
   39	-11	
   40	-11	
   41	-11	
   42	-11	
   43	-11	
   44	-11	
   45	-12	
   46	-11	
   47	-11	
   48	-11	
   49	-11	
   50	-11	
   51	-12	
   52	-12	
   53	-11	
   54	694	
   55	894	
   56	919	
   57	931	
   58	939	
   59	948	
   60	954	
   61	963	
   62	967	
   63	968	
   64	972	
   65	969	
   66	968	
   67	964	
   68	963	
   69	957	
   70	953	
   71	952	
   72	949	
   73	945	
   74	944	
   75	940	
   76	940	
   77	939	
   78	938	
   79	937	
   80	936	
   81	936	
   82	936	
   83	935	
   84	935	
   85	934	
   86	935	
   87	934	
   88	933	
   89	935	
   90	933	
   91	932	
   92	932	
   93	932	
   94	933	
   95	934	
   96	934	
   97	934	
   98	935	
   99	935	
  100	936	
  101	938	
  102	938	
  103	940	
  104	941	
  105	940	
  106	944	
  107	951	
  108	969	
  109	990	
  110	987	
  111	981	
  112	973	
  113	966	
  114	963	
  115	959	
  116	958	
  117	956	
  118	955	
  119	953	
  120	952	
  121	952	
  122	951	
  123	951	
  124	951	
  125	950	
  126	949	
  127	950	
  128	950	
  129	949	
  130	-9	
  131	-11	
  132	-11	
  133	-11	
  134	-11	
  135	-11	
  136	-11	
  137	-12	
  138	-11	
