    1	-11	
    2	-11	
    3	-11	
    4	-11	
    5	-12	
    6	-12	
    7	-12	
    8	-11	
    9	-12	
   10	-12	
   11	-11	
   12	907	
   13	690	
   14	615	
   15	548	
   16	510	
   17	476	
   18	455	
   19	431	
   20	418	
   21	407	
   22	396	
   23	-11	
   24	-11	
   25	-11	
   26	-11	
   27	-11	
   28	-11	
   29	-11	
   30	-11	
   31	-11	
   32	-11	
   33	-11	
   34	-11	
   35	-11	
   36	-12	
   37	-11	
   38	-11	
   39	-12	
   40	-12	
   41	579	
   42	734	
   43	897	
   44	909	
   45	918	
   46	927	
   47	933	
   48	938	
   49	943	
   50	947	
   51	949	
   52	951	
   53	949	
   54	947	
   55	947	
   56	944	
   57	945	
   58	942	
   59	940	
   60	940	
   61	938	
   62	938	
   63	940	
   64	939	
   65	939	
   66	937	
   67	936	
   68	937	
   69	938	
   70	938	
   71	936	
   72	936	
   73	937	
   74	937	
   75	936	
   76	934	
   77	934	
   78	931	
   79	932	
   80	931	
   81	931	
   82	931	
   83	930	
   84	931	
   85	930	
   86	932	
   87	932	
   88	934	
   89	933	
   90	933	
   91	936	
   92	936	
   93	937	
   94	938	
   95	941	
   96	953	
   97	969	
   98	986	
   99	981	
  100	976	
  101	967	
  102	960	
  103	955	
  104	953	
  105	950	
  106	947	
  107	944	
  108	945	
  109	944	
  110	944	
  111	944	
  112	944	
  113	944	
  114	943	
  115	942	
  116	941	
  117	941	
  118	942	
  119	125	
  120	-11	
  121	-11	
  122	-11	
  123	-11	
  124	-11	
  125	-11	
  126	-11	
  127	-11	
