    1	1	
    2	1	
    3	1	
    4	1	
    5	1	
    6	1	
    7	1	
    8	1	
    9	1	
   10	1	
   11	1	
   12	1	
   13	1	
   14	1	
   15	1	
   16	1	
   17	1	
   18	1	
   19	1	
   20	1	
   21	2047	
   22	2047	
   23	2047	
   24	2047	
   25	2047	
   26	2047	
   27	2047	
   28	2047	
   29	2047	
   30	2047	
   31	2047	
   32	2042	
   33	2014	
   34	284	
   35	2	
   36	1	
   37	1	
   38	1	
   39	1	
   40	1	
   41	1	
   42	1	
   43	1	
   44	1	
   45	1	
   46	1	
   47	1	
   48	1	
   49	1	
   50	1	
   51	1	
   52	1	
   53	1	
   54	1	
   55	846	
   56	1096	
   57	1211	
   58	1212	
   59	1220	
   60	1225	
   61	1229	
   62	1234	
   63	1242	
   64	1245	
   65	1245	
   66	1247	
   67	1251	
   68	1255	
   69	1258	
   70	1261	
   71	1263	
   72	1265	
   73	1267	
   74	1270	
   75	1272	
   76	1274	
   77	1277	
   78	1278	
   79	1280	
   80	1281	
   81	1284	
   82	1286	
   83	1289	
   84	1291	
   85	1292	
   86	1292	
   87	1294	
   88	1295	
   89	1297	
   90	1298	
   91	1301	
   92	1302	
   93	1302	
   94	1302	
   95	1302	
   96	1304	
   97	1304	
   98	1303	
   99	1302	
  100	1302	
  101	1302	
  102	1300	
  103	1300	
  104	1299	
  105	1298	
  106	1298	
  107	1297	
  108	1296	
  109	1290	
  110	1270	
  111	1231	
  112	1175	
  113	1155	
  114	1143	
  115	1138	
  116	1136	
  117	1135	
  118	1135	
  119	1134	
  120	1133	
  121	1132	
  122	1132	
  123	1131	
  124	1131	
  125	1130	
  126	1130	
  127	1129	
  128	1129	
  129	1130	
  130	1129	
  131	1129	
  132	1	
  133	1	
  134	1	
  135	1	
  136	1	
  137	1	
  138	1	
  139	1	
