    1	1	
    2	1	
    3	1	
    4	1	
    5	1	
    6	1	
    7	1	
    8	1	
    9	1	
   10	1	
   11	1	
   12	1	
   13	1	
   14	1	
   15	1	
   16	1	
   17	1	
   18	1	
   19	2047	
   20	2047	
   21	2047	
   22	2047	
   23	2047	
   24	2047	
   25	2047	
   26	2047	
   27	2047	
   28	2047	
   29	2047	
   30	2047	
   31	2021	
   32	2003	
   33	2	
   34	1	
   35	1	
   36	1	
   37	1	
   38	1	
   39	1	
   40	1	
   41	1	
   42	1	
   43	1	
   44	1	
   45	1	
   46	1	
   47	1	
   48	1	
   49	1	
   50	1	
   51	1020	
   52	1189	
   53	1206	
   54	1212	
   55	1220	
   56	1225	
   57	1227	
   58	1231	
   59	1236	
   60	1239	
   61	1243	
   62	1245	
   63	1250	
   64	1251	
   65	1253	
   66	1258	
   67	1261	
   68	1264	
   69	1266	
   70	1268	
   71	1271	
   72	1271	
   73	1272	
   74	1274	
   75	1277	
   76	1280	
   77	1281	
   78	1283	
   79	1286	
   80	1288	
   81	1289	
   82	1291	
   83	1293	
   84	1295	
   85	1296	
   86	1297	
   87	1298	
   88	1299	
   89	1301	
   90	1302	
   91	1301	
   92	1301	
   93	1303	
   94	1303	
   95	1304	
   96	1304	
   97	1302	
   98	1302	
   99	1302	
  100	1301	
  101	1301	
  102	1301	
  103	1300	
  104	1295	
  105	1274	
  106	1225	
  107	1180	
  108	1156	
  109	1141	
  110	1134	
  111	1130	
  112	1129	
  113	1128	
  114	1127	
  115	1127	
  116	1126	
  117	1126	
  118	1126	
  119	1126	
  120	1127	
  121	1127	
  122	1126	
  123	1126	
  124	1127	
  125	1126	
  126	1126	
  127	19	
  128	1	
  129	1	
  130	1	
  131	1	
  132	1	
  133	1	
  134	1	
  135	1	
