    1	-11	
    2	-11	
    3	-11	
    4	-11	
    5	-11	
    6	-11	
    7	-12	
    8	-11	
    9	-11	
   10	-11	
   11	-12	
   12	-12	
   13	-12	
   14	-11	
   15	-12	
   16	-11	
   17	-12	
   18	-11	
   19	-11	
   20	-12	
   21	-11	
   22	-11	
   23	-12	
   24	907	
   25	973	
   26	812	
   27	713	
   28	638	
   29	571	
   30	534	
   31	500	
   32	480	
   33	462	
   34	444	
   35	431	
   36	417	
   37	-5	
   38	-11	
   39	-11	
   40	-11	
   41	-11	
   42	-11	
   43	-11	
   44	-11	
   45	-11	
   46	-11	
   47	-11	
   48	-11	
   49	-11	
   50	-11	
   51	-12	
   52	-11	
   53	-12	
   54	-11	
   55	410	
   56	754	
   57	909	
   58	924	
   59	937	
   60	944	
   61	953	
   62	968	
   63	975	
   64	979	
   65	980	
   66	983	
   67	981	
   68	980	
   69	976	
   70	975	
   71	972	
   72	970	
   73	967	
   74	967	
   75	962	
   76	962	
   77	962	
   78	961	
   79	960	
   80	960	
   81	960	
   82	957	
   83	957	
   84	957	
   85	956	
   86	956	
   87	954	
   88	952	
   89	952	
   90	952	
   91	952	
   92	952	
   93	952	
   94	952	
   95	951	
   96	950	
   97	952	
   98	953	
   99	954	
  100	955	
  101	955	
  102	956	
  103	956	
  104	958	
  105	958	
  106	960	
  107	969	
  108	990	
  109	998	
  110	1000	
  111	991	
  112	981	
  113	970	
  114	964	
  115	960	
  116	960	
  117	958	
  118	957	
  119	956	
  120	954	
  121	953	
  122	953	
  123	952	
  124	952	
  125	951	
  126	951	
  127	951	
  128	952	
  129	952	
  130	-9	
  131	-11	
  132	-12	
  133	-11	
  134	-12	
  135	-11	
  136	-11	
  137	-12	
  138	-11	
