    1	-11	
    2	-11	
    3	-11	
    4	-12	
    5	-11	
    6	-11	
    7	-11	
    8	-11	
    9	-11	
   10	-11	
   11	-11	
   12	-11	
   13	-11	
   14	-11	
   15	-11	
   16	-11	
   17	-12	
   18	-11	
   19	-12	
   20	-11	
   21	-12	
   22	-11	
   23	98	
   24	874	
   25	953	
   26	798	
   27	701	
   28	612	
   29	562	
   30	526	
   31	492	
   32	471	
   33	449	
   34	435	
   35	423	
   36	409	
   37	-5	
   38	-11	
   39	-11	
   40	-11	
   41	-11	
   42	-11	
   43	-11	
   44	-11	
   45	-11	
   46	-11	
   47	-12	
   48	-12	
   49	-11	
   50	-12	
   51	-12	
   52	-11	
   53	-11	
   54	-11	
   55	386	
   56	736	
   57	894	
   58	916	
   59	927	
   60	935	
   61	944	
   62	950	
   63	957	
   64	960	
   65	960	
   66	961	
   67	960	
   68	957	
   69	955	
   70	953	
   71	950	
   72	950	
   73	948	
   74	947	
   75	945	
   76	944	
   77	945	
   78	942	
   79	943	
   80	942	
   81	942	
   82	942	
   83	941	
   84	940	
   85	940	
   86	939	
   87	938	
   88	938	
   89	938	
   90	938	
   91	939	
   92	939	
   93	938	
   94	938	
   95	939	
   96	939	
   97	940	
   98	941	
   99	941	
  100	941	
  101	942	
  102	943	
  103	943	
  104	943	
  105	945	
  106	945	
  107	947	
  108	957	
  109	967	
  110	990	
  111	986	
  112	978	
  113	971	
  114	964	
  115	961	
  116	957	
  117	955	
  118	953	
  119	954	
  120	952	
  121	951	
  122	951	
  123	950	
  124	950	
  125	950	
  126	948	
  127	947	
  128	947	
  129	946	
  130	947	
  131	-11	
  132	-11	
  133	-11	
  134	-11	
  135	-11	
  136	-11	
  137	-11	
  138	-12	
  139	-11	
