    1	-1	
    2	0	
    3	-1	
    4	-1	
    5	-1	
    6	-1	
    7	-1	
    8	-1	
    9	-1	
   10	-1	
   11	-1	
   12	-1	
   13	-1	
   14	-1	
   15	-1	
   16	-1	
   17	-1	
   18	0	
   19	-1	
   20	0	
   21	-1	
   22	-66	
   23	-43	
   24	-32	
   25	-27	
   26	-25	
   27	-23	
   28	-22	
   29	-22	
   30	-21	
   31	-20	
   32	-20	
   33	-20	
   34	-19	
   35	1	
   36	0	
   37	0	
   38	-1	
   39	0	
   40	0	
   41	0	
   42	-1	
   43	0	
   44	0	
   45	0	
   46	0	
   47	0	
   48	0	
   49	0	
   50	-1	
   51	-1	
   52	-1	
   53	23	
   54	-74	
   55	-104	
   56	-106	
   57	-107	
   58	-108	
   59	-108	
   60	-109	
   61	-110	
   62	-110	
   63	-111	
   64	-111	
   65	-111	
   66	-112	
   67	-112	
   68	-112	
   69	-112	
   70	-112	
   71	-112	
   72	-113	
   73	-112	
   74	-113	
   75	-113	
   76	-113	
   77	-113	
   78	-113	
   79	-113	
   80	-113	
   81	-113	
   82	-113	
   83	-113	
   84	-113	
   85	-113	
   86	-113	
   87	-113	
   88	-113	
   89	-114	
   90	-114	
   91	-114	
   92	-114	
   93	-114	
   94	-114	
   95	-114	
   96	-114	
   97	-114	
   98	-114	
   99	-114	
  100	-115	
  101	-115	
  102	-115	
  103	-115	
  104	-115	
  105	-114	
  106	-114	
  107	-113	
  108	-112	
  109	-111	
  110	-109	
  111	-108	
  112	-107	
  113	-107	
  114	-108	
  115	-107	
  116	-107	
  117	-107	
  118	-107	
  119	-107	
  120	-107	
  121	-106	
  122	-107	
  123	-107	
  124	-106	
  125	-106	
  126	-106	
  127	-106	
  128	0	
  129	0	
  130	-1	
  131	-1	
  132	0	
  133	0	
  134	-1	
  135	0	
  136	-1	
