    1	-1	
    2	0	
    3	0	
    4	-1	
    5	-1	
    6	-1	
    7	-1	
    8	-1	
    9	-1	
   10	-1	
   11	-1	
   12	-1	
   13	-1	
   14	-1	
   15	-1	
   16	-1	
   17	-1	
   18	-1	
   19	-78	
   20	-51	
   21	-33	
   22	-28	
   23	-26	
   24	-24	
   25	-23	
   26	-22	
   27	-21	
   28	-21	
   29	-20	
   30	-20	
   31	-20	
   32	-19	
   33	0	
   34	-1	
   35	0	
   36	-1	
   37	0	
   38	0	
   39	0	
   40	-1	
   41	0	
   42	0	
   43	-1	
   44	-1	
   45	0	
   46	0	
   47	0	
   48	0	
   49	-48	
   50	-93	
   51	-105	
   52	-106	
   53	-107	
   54	-107	
   55	-108	
   56	-110	
   57	-110	
   58	-111	
   59	-112	
   60	-112	
   61	-113	
   62	-113	
   63	-113	
   64	-114	
   65	-114	
   66	-114	
   67	-114	
   68	-114	
   69	-114	
   70	-114	
   71	-114	
   72	-114	
   73	-114	
   74	-114	
   75	-114	
   76	-114	
   77	-114	
   78	-115	
   79	-115	
   80	-115	
   81	-115	
   82	-115	
   83	-115	
   84	-115	
   85	-115	
   86	-115	
   87	-115	
   88	-115	
   89	-115	
   90	-115	
   91	-115	
   92	-115	
   93	-115	
   94	-115	
   95	-115	
   96	-115	
   97	-115	
   98	-115	
   99	-116	
  100	-115	
  101	-115	
  102	-115	
  103	-113	
  104	-110	
  105	-109	
  106	-108	
  107	-108	
  108	-108	
  109	-108	
  110	-108	
  111	-108	
  112	-108	
  113	-108	
  114	-107	
  115	-107	
  116	-107	
  117	-107	
  118	-107	
  119	-107	
  120	-107	
  121	-107	
  122	-107	
  123	-107	
  124	-6	
  125	0	
  126	-1	
  127	-1	
  128	-1	
  129	0	
  130	0	
  131	0	
  132	0	
