    1	0	
    2	0	
    3	-1	
    4	-1	
    5	0	
    6	-1	
    7	0	
    8	0	
    9	0	
   10	0	
   11	0	
   12	-1	
   13	0	
   14	0	
   15	-1	
   16	0	
   17	0	
   18	-1	
   19	0	
   20	0	
   21	0	
   22	-66	
   23	-44	
   24	-32	
   25	-28	
   26	-25	
   27	-24	
   28	-23	
   29	-22	
   30	-22	
   31	-21	
   32	-21	
   33	-20	
   34	-20	
   35	1	
   36	0	
   37	0	
   38	-1	
   39	-1	
   40	-1	
   41	-1	
   42	-1	
   43	0	
   44	0	
   45	0	
   46	-1	
   47	0	
   48	-1	
   49	-1	
   50	-1	
   51	0	
   52	-1	
   53	-73	
   54	-107	
   55	-105	
   56	-106	
   57	-107	
   58	-108	
   59	-108	
   60	-109	
   61	-109	
   62	-110	
   63	-110	
   64	-110	
   65	-111	
   66	-111	
   67	-111	
   68	-111	
   69	-111	
   70	-112	
   71	-112	
   72	-112	
   73	-112	
   74	-112	
   75	-112	
   76	-113	
   77	-113	
   78	-112	
   79	-113	
   80	-113	
   81	-113	
   82	-113	
   83	-113	
   84	-113	
   85	-114	
   86	-113	
   87	-114	
   88	-114	
   89	-114	
   90	-114	
   91	-114	
   92	-114	
   93	-114	
   94	-114	
   95	-113	
   96	-114	
   97	-114	
   98	-114	
   99	-114	
  100	-114	
  101	-114	
  102	-114	
  103	-114	
  104	-114	
  105	-113	
  106	-112	
  107	-111	
  108	-109	
  109	-108	
  110	-107	
  111	-107	
  112	-107	
  113	-107	
  114	-106	
  115	-106	
  116	-106	
  117	-106	
  118	-106	
  119	-106	
  120	-106	
  121	-106	
  122	-106	
  123	-106	
  124	-106	
  125	-106	
  126	-106	
  127	-2	
  128	-1	
  129	0	
  130	-1	
  131	-1	
  132	0	
  133	0	
  134	0	
  135	0	
