    1	-11	
    2	-11	
    3	-11	
    4	-11	
    5	-11	
    6	-11	
    7	-11	
    8	-11	
    9	-11	
   10	-11	
   11	-12	
   12	-11	
   13	-11	
   14	-11	
   15	-12	
   16	-12	
   17	-12	
   18	-11	
   19	810	
   20	937	
   21	866	
   22	759	
   23	675	
   24	600	
   25	557	
   26	518	
   27	495	
   28	474	
   29	454	
   30	439	
   31	424	
   32	413	
   33	-11	
   34	-11	
   35	-11	
   36	-11	
   37	-11	
   38	-11	
   39	-11	
   40	-11	
   41	-11	
   42	-12	
   43	-11	
   44	-11	
   45	-12	
   46	-11	
   47	-11	
   48	-11	
   49	-11	
   50	-12	
   51	639	
   52	858	
   53	908	
   54	927	
   55	939	
   56	948	
   57	956	
   58	962	
   59	967	
   60	971	
   61	969	
   62	969	
   63	968	
   64	966	
   65	965	
   66	963	
   67	960	
   68	957	
   69	956	
   70	956	
   71	952	
   72	951	
   73	950	
   74	949	
   75	950	
   76	949	
   77	947	
   78	947	
   79	947	
   80	947	
   81	947	
   82	947	
   83	946	
   84	945	
   85	944	
   86	944	
   87	944	
   88	944	
   89	944	
   90	940	
   91	944	
   92	943	
   93	943	
   94	943	
   95	944	
   96	945	
   97	945	
   98	947	
   99	948	
  100	948	
  101	949	
  102	951	
  103	956	
  104	972	
  105	984	
  106	990	
  107	983	
  108	974	
  109	966	
  110	962	
  111	958	
  112	957	
  113	955	
  114	951	
  115	950	
  116	949	
  117	949	
  118	948	
  119	947	
  120	947	
  121	948	
  122	950	
  123	949	
  124	949	
  125	949	
  126	5	
  127	-11	
  128	-11	
  129	-11	
  130	-11	
  131	-12	
  132	-11	
  133	-11	
  134	-12	
