    1	-1	
    2	0	
    3	-1	
    4	-1	
    5	0	
    6	0	
    7	-1	
    8	0	
    9	0	
   10	0	
   11	0	
   12	0	
   13	-1	
   14	-1	
   15	0	
   16	0	
   17	-1	
   18	-1	
   19	-1	
   20	0	
   21	-1	
   22	-1	
   23	-58	
   24	-43	
   25	-32	
   26	-27	
   27	-25	
   28	-23	
   29	-22	
   30	-22	
   31	-21	
   32	-21	
   33	-20	
   34	-20	
   35	-19	
   36	-1	
   37	0	
   38	0	
   39	0	
   40	-1	
   41	0	
   42	-1	
   43	-1	
   44	-1	
   45	-1	
   46	0	
   47	0	
   48	-1	
   49	-1	
   50	-1	
   51	0	
   52	0	
   53	24	
   54	-73	
   55	-107	
   56	-106	
   57	-107	
   58	-108	
   59	-108	
   60	-109	
   61	-109	
   62	-110	
   63	-110	
   64	-110	
   65	-111	
   66	-111	
   67	-111	
   68	-111	
   69	-112	
   70	-112	
   71	-112	
   72	-112	
   73	-112	
   74	-112	
   75	-113	
   76	-113	
   77	-112	
   78	-113	
   79	-112	
   80	-113	
   81	-113	
   82	-113	
   83	-113	
   84	-113	
   85	-114	
   86	-114	
   87	-113	
   88	-114	
   89	-114	
   90	-114	
   91	-114	
   92	-114	
   93	-114	
   94	-114	
   95	-114	
   96	-114	
   97	-114	
   98	-114	
   99	-114	
  100	-114	
  101	-114	
  102	-114	
  103	-114	
  104	-114	
  105	-114	
  106	-113	
  107	-112	
  108	-110	
  109	-109	
  110	-109	
  111	-108	
  112	-107	
  113	-107	
  114	-107	
  115	-106	
  116	-107	
  117	-106	
  118	-106	
  119	-106	
  120	-106	
  121	-106	
  122	-106	
  123	-106	
  124	-106	
  125	-106	
  126	-106	
  127	-106	
  128	-1	
  129	-1	
  130	-1	
  131	0	
  132	-1	
  133	-1	
  134	-1	
  135	-1	
  136	0	
