    1	-12	
    2	-11	
    3	-11	
    4	-11	
    5	-11	
    6	-11	
    7	-12	
    8	-11	
    9	-11	
   10	-12	
   11	-12	
   12	-11	
   13	-11	
   14	-12	
   15	-11	
   16	-12	
   17	-11	
   18	835	
   19	926	
   20	777	
   21	678	
   22	588	
   23	538	
   24	501	
   25	464	
   26	444	
   27	424	
   28	411	
   29	401	
   30	389	
   31	-5	
   32	-11	
   33	-11	
   34	-11	
   35	-11	
   36	-11	
   37	-11	
   38	-11	
   39	-11	
   40	-12	
   41	-12	
   42	-11	
   43	-12	
   44	-11	
   45	-11	
   46	-12	
   47	-11	
   48	-12	
   49	396	
   50	736	
   51	890	
   52	907	
   53	919	
   54	925	
   55	931	
   56	937	
   57	943	
   58	945	
   59	948	
   60	949	
   61	949	
   62	948	
   63	947	
   64	945	
   65	943	
   66	942	
   67	942	
   68	941	
   69	941	
   70	941	
   71	940	
   72	940	
   73	940	
   74	939	
   75	940	
   76	940	
   77	938	
   78	935	
   79	934	
   80	933	
   81	933	
   82	933	
   83	932	
   84	932	
   85	932	
   86	933	
   87	932	
   88	933	
   89	934	
   90	936	
   91	936	
   92	937	
   93	938	
   94	938	
   95	939	
   96	938	
   97	937	
   98	938	
   99	938	
  100	941	
  101	944	
  102	958	
  103	977	
  104	990	
  105	982	
  106	977	
  107	968	
  108	963	
  109	960	
  110	958	
  111	955	
  112	952	
  113	951	
  114	949	
  115	948	
  116	948	
  117	946	
  118	946	
  119	946	
  120	947	
  121	946	
  122	946	
  123	945	
  124	-9	
  125	-11	
  126	-11	
  127	-11	
  128	-11	
  129	-11	
  130	-11	
  131	-11	
  132	-11	
