    1	-12	
    2	-11	
    3	-11	
    4	-11	
    5	-11	
    6	-11	
    7	-11	
    8	-11	
    9	-11	
   10	-11	
   11	-12	
   12	-12	
   13	-12	
   14	-11	
   15	-12	
   16	-12	
   17	-12	
   18	-12	
   19	-12	
   20	-11	
   21	-12	
   22	-12	
   23	-12	
   24	901	
   25	982	
   26	823	
   27	722	
   28	646	
   29	579	
   30	541	
   31	505	
   32	483	
   33	463	
   34	445	
   35	432	
   36	418	
   37	-4	
   38	-11	
   39	-11	
   40	-11	
   41	-11	
   42	-11	
   43	-11	
   44	-11	
   45	-11	
   46	-11	
   47	-11	
   48	-11	
   49	-11	
   50	-11	
   51	-11	
   52	-11	
   53	-12	
   54	402	
   55	701	
   56	907	
   57	930	
   58	938	
   59	949	
   60	958	
   61	966	
   62	972	
   63	974	
   64	975	
   65	976	
   66	975	
   67	973	
   68	970	
   69	967	
   70	965	
   71	964	
   72	964	
   73	963	
   74	963	
   75	962	
   76	961	
   77	961	
   78	960	
   79	960	
   80	958	
   81	957	
   82	960	
   83	957	
   84	957	
   85	957	
   86	957	
   87	956	
   88	956	
   89	956	
   90	956	
   91	954	
   92	953	
   93	954	
   94	954	
   95	954	
   96	953	
   97	956	
   98	956	
   99	957	
  100	957	
  101	958	
  102	957	
  103	960	
  104	960	
  105	960	
  106	967	
  107	980	
  108	993	
  109	1005	
  110	1003	
  111	992	
  112	981	
  113	974	
  114	969	
  115	967	
  116	963	
  117	962	
  118	960	
  119	958	
  120	956	
  121	957	
  122	957	
  123	956	
  124	957	
  125	956	
  126	956	
  127	956	
  128	956	
  129	-9	
  130	-11	
  131	-11	
  132	-11	
  133	-11	
  134	-11	
  135	-12	
  136	-11	
  137	-12	
