    1	-1	
    2	-1	
    3	-1	
    4	0	
    5	-1	
    6	-1	
    7	-1	
    8	-1	
    9	-1	
   10	-1	
   11	-1	
   12	-1	
   13	-1	
   14	-1	
   15	-1	
   16	0	
   17	0	
   18	0	
   19	0	
   20	-1	
   21	-66	
   22	-47	
   23	-32	
   24	-28	
   25	-26	
   26	-24	
   27	-23	
   28	-22	
   29	-21	
   30	-21	
   31	-20	
   32	-20	
   33	-20	
   34	1	
   35	-1	
   36	0	
   37	-1	
   38	-1	
   39	0	
   40	0	
   41	0	
   42	-1	
   43	0	
   44	0	
   45	0	
   46	-1	
   47	-1	
   48	-2	
   49	-2	
   50	0	
   51	-1	
   52	-1	
   53	-1	
   54	-1	
   55	-83	
   56	-105	
   57	-106	
   58	-107	
   59	-108	
   60	-108	
   61	-109	
   62	-109	
   63	-110	
   64	-110	
   65	-110	
   66	-111	
   67	-111	
   68	-111	
   69	-111	
   70	-111	
   71	-111	
   72	-111	
   73	-112	
   74	-112	
   75	-112	
   76	-112	
   77	-112	
   78	-112	
   79	-112	
   80	-112	
   81	-113	
   82	-113	
   83	-113	
   84	-113	
   85	-113	
   86	-113	
   87	-113	
   88	-113	
   89	-114	
   90	-114	
   91	-114	
   92	-114	
   93	-114	
   94	-114	
   95	-113	
   96	-114	
   97	-114	
   98	-114	
   99	-114	
  100	-114	
  101	-114	
  102	-114	
  103	-114	
  104	-114	
  105	-113	
  106	-114	
  107	-114	
  108	-113	
  109	-111	
  110	-109	
  111	-108	
  112	-108	
  113	-107	
  114	-107	
  115	-106	
  116	-106	
  117	-106	
  118	-106	
  119	-106	
  120	-106	
  121	-106	
  122	-106	
  123	-106	
  124	-106	
  125	-105	
  126	-106	
  127	-105	
  128	-105	
  129	-2	
  130	-1	
  131	-1	
  132	0	
  133	-1	
  134	-1	
  135	-1	
  136	-1	
  137	0	
