    1	-1	
    2	0	
    3	-1	
    4	-1	
    5	0	
    6	0	
    7	0	
    8	0	
    9	-1	
   10	0	
   11	-1	
   12	-1	
   13	-2	
   14	-1	
   15	0	
   16	-1	
   17	-1	
   18	-1	
   19	-1	
   20	-1	
   21	0	
   22	0	
   23	0	
   24	-27	
   25	-57	
   26	-40	
   27	-30	
   28	-26	
   29	-24	
   30	-23	
   31	-22	
   32	-21	
   33	-21	
   34	-20	
   35	-20	
   36	-20	
   37	-19	
   38	0	
   39	0	
   40	-1	
   41	-1	
   42	0	
   43	-1	
   44	-1	
   45	0	
   46	-1	
   47	0	
   48	0	
   49	0	
   50	0	
   51	0	
   52	0	
   53	-1	
   54	24	
   55	-73	
   56	-104	
   57	-105	
   58	-107	
   59	-107	
   60	-108	
   61	-108	
   62	-109	
   63	-109	
   64	-110	
   65	-110	
   66	-111	
   67	-111	
   68	-111	
   69	-112	
   70	-112	
   71	-112	
   72	-112	
   73	-112	
   74	-112	
   75	-112	
   76	-112	
   77	-112	
   78	-112	
   79	-112	
   80	-113	
   81	-113	
   82	-113	
   83	-113	
   84	-113	
   85	-113	
   86	-113	
   87	-113	
   88	-113	
   89	-113	
   90	-113	
   91	-113	
   92	-113	
   93	-113	
   94	-113	
   95	-114	
   96	-113	
   97	-113	
   98	-113	
   99	-114	
  100	-114	
  101	-114	
  102	-114	
  103	-114	
  104	-114	
  105	-114	
  106	-113	
  107	-113	
  108	-113	
  109	-111	
  110	-110	
  111	-109	
  112	-108	
  113	-107	
  114	-107	
  115	-107	
  116	-107	
  117	-106	
  118	-106	
  119	-106	
  120	-107	
  121	-106	
  122	-106	
  123	-106	
  124	-106	
  125	-106	
  126	-106	
  127	-105	
  128	-105	
  129	-105	
  130	-1	
  131	0	
  132	-1	
  133	-1	
  134	0	
  135	-1	
  136	0	
  137	-1	
  138	0	
