    1	1	
    2	1	
    3	1	
    4	1	
    5	1	
    6	1	
    7	1	
    8	1	
    9	1	
   10	1	
   11	1	
   12	1	
   13	1	
   14	1	
   15	1	
   16	1	
   17	1	
   18	1	
   19	2047	
   20	2047	
   21	2047	
   22	2047	
   23	2047	
   24	2047	
   25	2047	
   26	2047	
   27	2047	
   28	2047	
   29	2047	
   30	2047	
   31	2047	
   32	2047	
   33	3	
   34	1	
   35	1	
   36	1	
   37	1	
   38	1	
   39	1	
   40	1	
   41	1	
   42	1	
   43	1	
   44	1	
   45	1	
   46	1	
   47	1	
   48	1	
   49	1	
   50	991	
   51	1204	
   52	1230	
   53	1237	
   54	1241	
   55	1249	
   56	1256	
   57	1261	
   58	1265	
   59	1268	
   60	1270	
   61	1274	
   62	1277	
   63	1280	
   64	1284	
   65	1286	
   66	1288	
   67	1292	
   68	1296	
   69	1299	
   70	1301	
   71	1304	
   72	1305	
   73	1308	
   74	1309	
   75	1310	
   76	1312	
   77	1313	
   78	1315	
   79	1317	
   80	1318	
   81	1320	
   82	1322	
   83	1323	
   84	1325	
   85	1326	
   86	1327	
   87	1328	
   88	1330	
   89	1332	
   90	1333	
   91	1333	
   92	1333	
   93	1331	
   94	1332	
   95	1333	
   96	1333	
   97	1331	
   98	1331	
   99	1330	
  100	1330	
  101	1326	
  102	1317	
  103	1281	
  104	1235	
  105	1199	
  106	1169	
  107	1154	
  108	1141	
  109	1137	
  110	1135	
  111	1133	
  112	1134	
  113	1133	
  114	1132	
  115	1132	
  116	1134	
  117	1134	
  118	1135	
  119	1136	
  120	1135	
  121	1135	
  122	1136	
  123	1135	
  124	166	
  125	1	
  126	1	
  127	1	
  128	1	
  129	1	
  130	1	
  131	1	
  132	1	
