    1	1	
    2	1	
    3	1	
    4	1	
    5	1	
    6	1	
    7	1	
    8	1	
    9	1	
   10	1	
   11	1	
   12	1	
   13	1	
   14	1	
   15	1	
   16	1	
   17	1	
   18	1	
   19	1	
   20	1	
   21	1	
   22	1	
   23	1	
   24	657	
   25	2047	
   26	2047	
   27	2047	
   28	2047	
   29	2047	
   30	2047	
   31	2047	
   32	2047	
   33	2047	
   34	2047	
   35	2047	
   36	2047	
   37	2027	
   38	6	
   39	1	
   40	1	
   41	1	
   42	1	
   43	1	
   44	1	
   45	1	
   46	1	
   47	1	
   48	1	
   49	1	
   50	1	
   51	1	
   52	1	
   53	1	
   54	564	
   55	1066	
   56	1228	
   57	1233	
   58	1241	
   59	1245	
   60	1250	
   61	1257	
   62	1262	
   63	1267	
   64	1272	
   65	1274	
   66	1281	
   67	1285	
   68	1288	
   69	1289	
   70	1291	
   71	1293	
   72	1294	
   73	1296	
   74	1298	
   75	1301	
   76	1304	
   77	1304	
   78	1306	
   79	1308	
   80	1310	
   81	1312	
   82	1314	
   83	1316	
   84	1317	
   85	1318	
   86	1321	
   87	1322	
   88	1324	
   89	1325	
   90	1326	
   91	1328	
   92	1329	
   93	1329	
   94	1329	
   95	1329	
   96	1330	
   97	1329	
   98	1330	
   99	1332	
  100	1332	
  101	1332	
  102	1331	
  103	1330	
  104	1330	
  105	1330	
  106	1325	
  107	1313	
  108	1272	
  109	1230	
  110	1196	
  111	1169	
  112	1155	
  113	1145	
  114	1141	
  115	1139	
  116	1137	
  117	1136	
  118	1136	
  119	1135	
  120	1136	
  121	1136	
  122	1135	
  123	1134	
  124	1135	
  125	1134	
  126	1134	
  127	1134	
  128	1135	
  129	1134	
  130	4	
  131	1	
  132	1	
  133	1	
  134	1	
  135	1	
  136	1	
  137	1	
  138	1	
