    1	-11	
    2	-11	
    3	-11	
    4	-12	
    5	-11	
    6	-11	
    7	-11	
    8	-11	
    9	-11	
   10	-11	
   11	-12	
   12	-12	
   13	-12	
   14	-12	
   15	-12	
   16	-12	
   17	-12	
   18	-12	
   19	-12	
   20	-12	
   21	882	
   22	1001	
   23	857	
   24	751	
   25	670	
   26	597	
   27	555	
   28	515	
   29	491	
   30	471	
   31	452	
   32	438	
   33	424	
   34	48	
   35	-11	
   36	-11	
   37	-11	
   38	-12	
   39	-11	
   40	-11	
   41	-11	
   42	-11	
   43	-12	
   44	-11	
   45	-12	
   46	-11	
   47	-11	
   48	-11	
   49	-11	
   50	-12	
   51	-12	
   52	-12	
   53	-11	
   54	-12	
   55	755	
   56	916	
   57	935	
   58	945	
   59	957	
   60	964	
   61	970	
   62	977	
   63	980	
   64	981	
   65	979	
   66	979	
   67	977	
   68	976	
   69	973	
   70	972	
   71	968	
   72	965	
   73	963	
   74	961	
   75	960	
   76	960	
   77	960	
   78	960	
   79	956	
   80	956	
   81	957	
   82	958	
   83	958	
   84	958	
   85	957	
   86	957	
   87	955	
   88	955	
   89	955	
   90	956	
   91	955	
   92	956	
   93	954	
   94	956	
   95	954	
   96	954	
   97	954	
   98	955	
   99	957	
  100	958	
  101	960	
  102	960	
  103	961	
  104	961	
  105	963	
  106	968	
  107	978	
  108	994	
  109	1005	
  110	1001	
  111	989	
  112	978	
  113	969	
  114	963	
  115	960	
  116	958	
  117	957	
  118	955	
  119	954	
  120	952	
  121	952	
  122	952	
  123	952	
  124	951	
  125	950	
  126	951	
  127	952	
  128	951	
  129	5	
  130	-11	
  131	-11	
  132	-11	
  133	-11	
  134	-11	
  135	-11	
  136	-11	
  137	-12	
