    1	0	
    2	0	
    3	-1	
    4	-1	
    5	0	
    6	0	
    7	0	
    8	-1	
    9	-1	
   10	0	
   11	0	
   12	0	
   13	0	
   14	0	
   15	-1	
   16	-1	
   17	-1	
   18	-1	
   19	-1	
   20	-1	
   21	-1	
   22	-66	
   23	-48	
   24	-32	
   25	-28	
   26	-25	
   27	-24	
   28	-23	
   29	-22	
   30	-21	
   31	-21	
   32	-20	
   33	-20	
   34	-20	
   35	2	
   36	0	
   37	0	
   38	0	
   39	-1	
   40	-1	
   41	-1	
   42	-1	
   43	0	
   44	0	
   45	0	
   46	0	
   47	0	
   48	-2	
   49	0	
   50	-1	
   51	0	
   52	-1	
   53	0	
   54	-72	
   55	-107	
   56	-105	
   57	-106	
   58	-107	
   59	-108	
   60	-109	
   61	-109	
   62	-110	
   63	-110	
   64	-110	
   65	-111	
   66	-111	
   67	-111	
   68	-111	
   69	-112	
   70	-112	
   71	-112	
   72	-112	
   73	-112	
   74	-112	
   75	-112	
   76	-112	
   77	-112	
   78	-113	
   79	-112	
   80	-112	
   81	-111	
   82	-112	
   83	-112	
   84	-112	
   85	-113	
   86	-113	
   87	-113	
   88	-113	
   89	-113	
   90	-113	
   91	-113	
   92	-113	
   93	-113	
   94	-114	
   95	-114	
   96	-114	
   97	-114	
   98	-114	
   99	-114	
  100	-114	
  101	-114	
  102	-114	
  103	-114	
  104	-114	
  105	-114	
  106	-113	
  107	-113	
  108	-111	
  109	-110	
  110	-109	
  111	-108	
  112	-107	
  113	-107	
  114	-107	
  115	-107	
  116	-107	
  117	-107	
  118	-106	
  119	-107	
  120	-107	
  121	-106	
  122	-106	
  123	-106	
  124	-106	
  125	-106	
  126	-106	
  127	-106	
  128	-106	
  129	-1	
  130	0	
  131	0	
  132	-1	
  133	0	
  134	0	
  135	0	
  136	-1	
  137	0	
