    1	-1	
    2	0	
    3	-1	
    4	0	
    5	0	
    6	0	
    7	0	
    8	-1	
    9	-1	
   10	0	
   11	0	
   12	0	
   13	0	
   14	-1	
   15	-1	
   16	0	
   17	0	
   18	-1	
   19	-1	
   20	-1	
   21	-66	
   22	-48	
   23	-32	
   24	-28	
   25	-26	
   26	-24	
   27	-23	
   28	-22	
   29	-21	
   30	-21	
   31	-20	
   32	-20	
   33	-20	
   34	1	
   35	-1	
   36	-1	
   37	-1	
   38	-1	
   39	-1	
   40	0	
   41	-1	
   42	-2	
   43	-1	
   44	-1	
   45	0	
   46	-1	
   47	-2	
   48	-2	
   49	-2	
   50	0	
   51	-1	
   52	-1	
   53	23	
   54	-72	
   55	-107	
   56	-106	
   57	-107	
   58	-108	
   59	-108	
   60	-109	
   61	-109	
   62	-109	
   63	-110	
   64	-110	
   65	-110	
   66	-111	
   67	-111	
   68	-111	
   69	-111	
   70	-112	
   71	-112	
   72	-112	
   73	-112	
   74	-112	
   75	-112	
   76	-113	
   77	-113	
   78	-113	
   79	-113	
   80	-113	
   81	-113	
   82	-113	
   83	-113	
   84	-113	
   85	-113	
   86	-113	
   87	-113	
   88	-113	
   89	-114	
   90	-113	
   91	-114	
   92	-114	
   93	-114	
   94	-114	
   95	-114	
   96	-114	
   97	-114	
   98	-114	
   99	-114	
  100	-114	
  101	-114	
  102	-114	
  103	-113	
  104	-113	
  105	-114	
  106	-113	
  107	-113	
  108	-111	
  109	-109	
  110	-109	
  111	-107	
  112	-107	
  113	-106	
  114	-106	
  115	-106	
  116	-106	
  117	-106	
  118	-106	
  119	-106	
  120	-106	
  121	-106	
  122	-106	
  123	-106	
  124	-106	
  125	-106	
  126	-106	
  127	-106	
  128	-106	
  129	-2	
  130	-1	
  131	-1	
  132	0	
  133	0	
  134	0	
  135	0	
  136	-1	
  137	0	
