    1	1	
    2	1	
    3	1	
    4	1	
    5	1	
    6	1	
    7	1	
    8	1	
    9	1	
   10	1	
   11	1	
   12	1	
   13	1	
   14	1	
   15	1	
   16	1	
   17	1	
   18	1	
   19	1	
   20	1	
   21	1	
   22	1	
   23	2047	
   24	2047	
   25	2047	
   26	2047	
   27	2047	
   28	2047	
   29	2047	
   30	2047	
   31	2047	
   32	2047	
   33	2047	
   34	2047	
   35	2047	
   36	33	
   37	2	
   38	1	
   39	1	
   40	1	
   41	1	
   42	1	
   43	1	
   44	1	
   45	1	
   46	1	
   47	1	
   48	1	
   49	1	
   50	1	
   51	1	
   52	1	
   53	558	
   54	1068	
   55	1224	
   56	1236	
   57	1242	
   58	1248	
   59	1254	
   60	1259	
   61	1266	
   62	1269	
   63	1274	
   64	1277	
   65	1279	
   66	1283	
   67	1286	
   68	1290	
   69	1292	
   70	1294	
   71	1297	
   72	1298	
   73	1301	
   74	1302	
   75	1304	
   76	1306	
   77	1309	
   78	1310	
   79	1311	
   80	1312	
   81	1315	
   82	1316	
   83	1317	
   84	1320	
   85	1322	
   86	1324	
   87	1325	
   88	1325	
   89	1325	
   90	1326	
   91	1327	
   92	1328	
   93	1329	
   94	1328	
   95	1329	
   96	1328	
   97	1329	
   98	1329	
   99	1329	
  100	1329	
  101	1328	
  102	1328	
  103	1328	
  104	1327	
  105	1325	
  106	1313	
  107	1285	
  108	1236	
  109	1200	
  110	1175	
  111	1152	
  112	1145	
  113	1136	
  114	1135	
  115	1134	
  116	1134	
  117	1133	
  118	1132	
  119	1133	
  120	1133	
  121	1132	
  122	1132	
  123	1132	
  124	1132	
  125	1133	
  126	1133	
  127	1134	
  128	1134	
  129	4	
  130	1	
  131	1	
  132	1	
  133	1	
  134	1	
  135	1	
  136	1	
  137	1	
