    1	0	
    2	0	
    3	-1	
    4	0	
    5	-1	
    6	-1	
    7	-1	
    8	-1	
    9	-1	
   10	-1	
   11	-1	
   12	-1	
   13	-1	
   14	0	
   15	-1	
   16	0	
   17	-1	
   18	-1	
   19	-1	
   20	-1	
   21	-1	
   22	-1	
   23	-58	
   24	-44	
   25	-31	
   26	-27	
   27	-25	
   28	-24	
   29	-23	
   30	-22	
   31	-22	
   32	-21	
   33	-21	
   34	-20	
   35	-20	
   36	0	
   37	-1	
   38	-1	
   39	0	
   40	-1	
   41	-1	
   42	-1	
   43	-1	
   44	-1	
   45	-1	
   46	-1	
   47	-1	
   48	-1	
   49	-1	
   50	-1	
   51	0	
   52	-1	
   53	25	
   54	-72	
   55	-104	
   56	-106	
   57	-107	
   58	-108	
   59	-108	
   60	-108	
   61	-109	
   62	-109	
   63	-110	
   64	-111	
   65	-111	
   66	-111	
   67	-111	
   68	-111	
   69	-111	
   70	-111	
   71	-112	
   72	-112	
   73	-112	
   74	-112	
   75	-112	
   76	-112	
   77	-112	
   78	-112	
   79	-112	
   80	-112	
   81	-112	
   82	-112	
   83	-112	
   84	-112	
   85	-112	
   86	-113	
   87	-113	
   88	-113	
   89	-113	
   90	-113	
   91	-113	
   92	-113	
   93	-113	
   94	-113	
   95	-113	
   96	-113	
   97	-113	
   98	-113	
   99	-113	
  100	-113	
  101	-113	
  102	-113	
  103	-113	
  104	-113	
  105	-113	
  106	-113	
  107	-112	
  108	-111	
  109	-110	
  110	-108	
  111	-108	
  112	-107	
  113	-106	
  114	-106	
  115	-106	
  116	-106	
  117	-106	
  118	-106	
  119	-106	
  120	-106	
  121	-106	
  122	-106	
  123	-106	
  124	-106	
  125	-105	
  126	-105	
  127	-105	
  128	-106	
  129	-1	
  130	-1	
  131	-1	
  132	0	
  133	-1	
  134	-1	
  135	0	
  136	0	
  137	0	
