    1	-11	
    2	-11	
    3	-12	
    4	-11	
    5	-11	
    6	-11	
    7	-11	
    8	-11	
    9	-11	
   10	-11	
   11	-11	
   12	-11	
   13	-12	
   14	-12	
   15	-12	
   16	-11	
   17	-12	
   18	-11	
   19	-12	
   20	-12	
   21	-11	
   22	-12	
   23	89	
   24	986	
   25	983	
   26	817	
   27	717	
   28	629	
   29	580	
   30	541	
   31	504	
   32	483	
   33	462	
   34	447	
   35	434	
   36	422	
   37	-10	
   38	-11	
   39	-11	
   40	-11	
   41	-11	
   42	-11	
   43	-11	
   44	-11	
   45	-11	
   46	-11	
   47	-11	
   48	-11	
   49	-12	
   50	-12	
   51	-11	
   52	-11	
   53	-12	
   54	589	
   55	751	
   56	896	
   57	935	
   58	948	
   59	954	
   60	963	
   61	970	
   62	977	
   63	976	
   64	975	
   65	975	
   66	973	
   67	973	
   68	971	
   69	972	
   70	969	
   71	969	
   72	966	
   73	965	
   74	965	
   75	964	
   76	962	
   77	960	
   78	960	
   79	957	
   80	956	
   81	956	
   82	957	
   83	954	
   84	953	
   85	953	
   86	953	
   87	953	
   88	952	
   89	953	
   90	952	
   91	951	
   92	951	
   93	951	
   94	952	
   95	952	
   96	952	
   97	952	
   98	953	
   99	954	
  100	957	
  101	958	
  102	958	
  103	958	
  104	960	
  105	960	
  106	961	
  107	974	
  108	985	
  109	996	
  110	994	
  111	985	
  112	977	
  113	971	
  114	969	
  115	965	
  116	961	
  117	960	
  118	958	
  119	958	
  120	957	
  121	956	
  122	956	
  123	956	
  124	956	
  125	955	
  126	955	
  127	955	
  128	955	
  129	127	
  130	-11	
  131	-11	
  132	-11	
  133	-12	
  134	-11	
  135	-11	
  136	-12	
  137	-11	
