    1	1	
    2	1	
    3	1	
    4	1	
    5	1	
    6	1	
    7	1	
    8	1	
    9	1	
   10	1	
   11	1	
   12	1	
   13	1	
   14	1	
   15	1	
   16	1	
   17	1	
   18	1	
   19	1	
   20	1	
   21	2047	
   22	2047	
   23	2047	
   24	2047	
   25	2047	
   26	2047	
   27	2047	
   28	2047	
   29	2047	
   30	2047	
   31	2047	
   32	2047	
   33	2045	
   34	33	
   35	2	
   36	1	
   37	1	
   38	1	
   39	1	
   40	1	
   41	1	
   42	1	
   43	1	
   44	1	
   45	1	
   46	1	
   47	1	
   48	1	
   49	1	
   50	1	
   51	1	
   52	560	
   53	1064	
   54	1223	
   55	1232	
   56	1238	
   57	1245	
   58	1251	
   59	1256	
   60	1259	
   61	1262	
   62	1267	
   63	1269	
   64	1273	
   65	1277	
   66	1281	
   67	1283	
   68	1285	
   69	1288	
   70	1289	
   71	1291	
   72	1293	
   73	1296	
   74	1297	
   75	1301	
   76	1304	
   77	1307	
   78	1308	
   79	1309	
   80	1312	
   81	1314	
   82	1316	
   83	1318	
   84	1320	
   85	1321	
   86	1318	
   87	1320	
   88	1321	
   89	1321	
   90	1323	
   91	1324	
   92	1324	
   93	1325	
   94	1326	
   95	1326	
   96	1326	
   97	1326	
   98	1326	
   99	1327	
  100	1325	
  101	1325	
  102	1325	
  103	1325	
  104	1321	
  105	1314	
  106	1295	
  107	1251	
  108	1211	
  109	1178	
  110	1159	
  111	1146	
  112	1141	
  113	1140	
  114	1137	
  115	1137	
  116	1135	
  117	1135	
  118	1134	
  119	1134	
  120	1133	
  121	1132	
  122	1132	
  123	1133	
  124	1132	
  125	1133	
  126	1131	
  127	1130	
  128	1	
  129	1	
  130	1	
  131	1	
  132	1	
  133	1	
  134	1	
  135	1	
