    1	-11	
    2	-11	
    3	-12	
    4	-11	
    5	-11	
    6	-11	
    7	-11	
    8	-11	
    9	-11	
   10	-11	
   11	-12	
   12	-12	
   13	-12	
   14	-12	
   15	-12	
   16	-11	
   17	-12	
   18	-11	
   19	-12	
   20	-12	
   21	-11	
   22	169	
   23	939	
   24	1006	
   25	834	
   26	728	
   27	632	
   28	578	
   29	540	
   30	504	
   31	480	
   32	457	
   33	442	
   34	426	
   35	416	
   36	-5	
   37	-11	
   38	-11	
   39	-11	
   40	-11	
   41	-11	
   42	-11	
   43	-11	
   44	-11	
   45	-12	
   46	-12	
   47	-12	
   48	-12	
   49	-12	
   50	-12	
   51	-12	
   52	-11	
   53	402	
   54	700	
   55	906	
   56	924	
   57	938	
   58	948	
   59	956	
   60	961	
   61	966	
   62	969	
   63	970	
   64	969	
   65	966	
   66	965	
   67	963	
   68	962	
   69	960	
   70	959	
   71	956	
   72	956	
   73	955	
   74	954	
   75	953	
   76	952	
   77	951	
   78	949	
   79	949	
   80	950	
   81	949	
   82	948	
   83	947	
   84	947	
   85	946	
   86	945	
   87	944	
   88	943	
   89	944	
   90	946	
   91	947	
   92	948	
   93	946	
   94	947	
   95	948	
   96	948	
   97	948	
   98	948	
   99	948	
  100	948	
  101	949	
  102	949	
  103	950	
  104	952	
  105	958	
  106	972	
  107	985	
  108	996	
  109	991	
  110	986	
  111	976	
  112	967	
  113	963	
  114	959	
  115	956	
  116	953	
  117	952	
  118	950	
  119	948	
  120	948	
  121	946	
  122	947	
  123	946	
  124	946	
  125	947	
  126	949	
  127	948	
  128	951	
  129	-11	
  130	-11	
  131	-11	
  132	-12	
  133	-12	
  134	-12	
  135	-12	
  136	-11	
