    1	1	
    2	1	
    3	1	
    4	1	
    5	1	
    6	1	
    7	1	
    8	1	
    9	1	
   10	1	
   11	1	
   12	1	
   13	1	
   14	1	
   15	1	
   16	1	
   17	1	
   18	1	
   19	2047	
   20	2047	
   21	2047	
   22	2047	
   23	2047	
   24	2047	
   25	2047	
   26	2047	
   27	2047	
   28	2047	
   29	2047	
   30	2047	
   31	2047	
   32	312	
   33	2	
   34	1	
   35	1	
   36	1	
   37	1	
   38	1	
   39	1	
   40	1	
   41	1	
   42	1	
   43	1	
   44	1	
   45	1	
   46	1	
   47	1	
   48	1	
   49	1	
   50	1	
   51	1035	
   52	1222	
   53	1230	
   54	1233	
   55	1239	
   56	1244	
   57	1248	
   58	1253	
   59	1257	
   60	1259	
   61	1263	
   62	1268	
   63	1272	
   64	1277	
   65	1279	
   66	1281	
   67	1283	
   68	1285	
   69	1289	
   70	1290	
   71	1293	
   72	1298	
   73	1301	
   74	1304	
   75	1306	
   76	1308	
   77	1310	
   78	1312	
   79	1313	
   80	1314	
   81	1316	
   82	1317	
   83	1320	
   84	1320	
   85	1320	
   86	1323	
   87	1324	
   88	1325	
   89	1327	
   90	1328	
   91	1328	
   92	1329	
   93	1329	
   94	1329	
   95	1328	
   96	1326	
   97	1326	
   98	1328	
   99	1326	
  100	1326	
  101	1327	
  102	1325	
  103	1319	
  104	1292	
  105	1247	
  106	1209	
  107	1178	
  108	1160	
  109	1148	
  110	1142	
  111	1140	
  112	1138	
  113	1138	
  114	1136	
  115	1136	
  116	1136	
  117	1135	
  118	1137	
  119	1138	
  120	1138	
  121	1137	
  122	1135	
  123	1135	
  124	1136	
  125	1135	
  126	4	
  127	1	
  128	1	
  129	1	
  130	1	
  131	1	
  132	1	
  133	1	
  134	1	
