    1	1	
    2	1	
    3	1	
    4	1	
    5	1	
    6	1	
    7	1	
    8	1	
    9	1	
   10	1	
   11	1	
   12	1	
   13	1	
   14	1	
   15	1	
   16	1	
   17	1	
   18	1	
   19	1	
   20	1	
   21	1	
   22	1	
   23	380	
   24	2047	
   25	2047	
   26	2047	
   27	2047	
   28	2047	
   29	2047	
   30	2047	
   31	2047	
   32	2047	
   33	2047	
   34	2047	
   35	2047	
   36	2037	
   37	6	
   38	1	
   39	1	
   40	1	
   41	1	
   42	1	
   43	1	
   44	1	
   45	1	
   46	1	
   47	1	
   48	1	
   49	1	
   50	1	
   51	1	
   52	1	
   53	1	
   54	858	
   55	1115	
   56	1215	
   57	1236	
   58	1244	
   59	1247	
   60	1252	
   61	1258	
   62	1265	
   63	1266	
   64	1268	
   65	1272	
   66	1275	
   67	1280	
   68	1282	
   69	1287	
   70	1290	
   71	1293	
   72	1295	
   73	1297	
   74	1301	
   75	1304	
   76	1305	
   77	1306	
   78	1308	
   79	1309	
   80	1310	
   81	1312	
   82	1315	
   83	1316	
   84	1317	
   85	1319	
   86	1320	
   87	1321	
   88	1322	
   89	1324	
   90	1325	
   91	1324	
   92	1326	
   93	1327	
   94	1328	
   95	1329	
   96	1328	
   97	1328	
   98	1329	
   99	1329	
  100	1332	
  101	1332	
  102	1331	
  103	1331	
  104	1331	
  105	1329	
  106	1325	
  107	1308	
  108	1272	
  109	1221	
  110	1189	
  111	1164	
  112	1152	
  113	1145	
  114	1144	
  115	1142	
  116	1140	
  117	1139	
  118	1139	
  119	1139	
  120	1139	
  121	1139	
  122	1139	
  123	1139	
  124	1139	
  125	1138	
  126	1139	
  127	1139	
  128	1139	
  129	167	
  130	1	
  131	1	
  132	1	
  133	1	
  134	1	
  135	1	
  136	1	
  137	1	
