    1	1	
    2	1	
    3	1	
    4	1	
    5	1	
    6	1	
    7	1	
    8	1	
    9	1	
   10	1	
   11	1	
   12	1	
   13	1	
   14	1	
   15	1	
   16	1	
   17	1	
   18	1	
   19	1	
   20	1	
   21	2047	
   22	2047	
   23	2047	
   24	2047	
   25	2047	
   26	2047	
   27	2047	
   28	2047	
   29	2047	
   30	2047	
   31	2047	
   32	2047	
   33	2042	
   34	34	
   35	2	
   36	1	
   37	1	
   38	1	
   39	1	
   40	1	
   41	1	
   42	1	
   43	1	
   44	1	
   45	1	
   46	1	
   47	1	
   48	1	
   49	1	
   50	1	
   51	1	
   52	1	
   53	561	
   54	1063	
   55	1221	
   56	1228	
   57	1237	
   58	1242	
   59	1249	
   60	1254	
   61	1260	
   62	1265	
   63	1268	
   64	1272	
   65	1273	
   66	1276	
   67	1281	
   68	1282	
   69	1284	
   70	1286	
   71	1287	
   72	1290	
   73	1292	
   74	1296	
   75	1297	
   76	1300	
   77	1303	
   78	1305	
   79	1308	
   80	1306	
   81	1308	
   82	1310	
   83	1311	
   84	1311	
   85	1312	
   86	1313	
   87	1314	
   88	1315	
   89	1316	
   90	1317	
   91	1319	
   92	1322	
   93	1323	
   94	1323	
   95	1323	
   96	1324	
   97	1325	
   98	1324	
   99	1325	
  100	1325	
  101	1326	
  102	1325	
  103	1324	
  104	1323	
  105	1321	
  106	1316	
  107	1299	
  108	1264	
  109	1217	
  110	1180	
  111	1160	
  112	1144	
  113	1140	
  114	1136	
  115	1136	
  116	1135	
  117	1135	
  118	1136	
  119	1134	
  120	1136	
  121	1136	
  122	1136	
  123	1136	
  124	1137	
  125	1136	
  126	1136	
  127	1136	
  128	1136	
  129	166	
  130	1	
  131	1	
  132	1	
  133	1	
  134	1	
  135	1	
  136	1	
  137	1	
