    1	1	
    2	1	
    3	1	
    4	1	
    5	1	
    6	1	
    7	1	
    8	1	
    9	1	
   10	1	
   11	1	
   12	1	
   13	1	
   14	1	
   15	1	
   16	1	
   17	1	
   18	1	
   19	1	
   20	1	
   21	1	
   22	1	
   23	591	
   24	2047	
   25	2047	
   26	2047	
   27	2047	
   28	2047	
   29	2047	
   30	2047	
   31	2047	
   32	2047	
   33	2047	
   34	2047	
   35	2041	
   36	2022	
   37	6	
   38	1	
   39	1	
   40	1	
   41	1	
   42	1	
   43	1	
   44	1	
   45	1	
   46	1	
   47	1	
   48	1	
   49	1	
   50	1	
   51	1	
   52	1	
   53	1	
   54	861	
   55	1112	
   56	1232	
   57	1236	
   58	1244	
   59	1249	
   60	1256	
   61	1262	
   62	1266	
   63	1267	
   64	1271	
   65	1273	
   66	1275	
   67	1279	
   68	1280	
   69	1283	
   70	1285	
   71	1288	
   72	1291	
   73	1294	
   74	1296	
   75	1300	
   76	1302	
   77	1305	
   78	1307	
   79	1309	
   80	1310	
   81	1308	
   82	1309	
   83	1311	
   84	1312	
   85	1313	
   86	1315	
   87	1317	
   88	1320	
   89	1320	
   90	1321	
   91	1322	
   92	1324	
   93	1325	
   94	1326	
   95	1328	
   96	1328	
   97	1328	
   98	1327	
   99	1328	
  100	1330	
  101	1330	
  102	1328	
  103	1328	
  104	1328	
  105	1327	
  106	1322	
  107	1311	
  108	1286	
  109	1234	
  110	1192	
  111	1166	
  112	1153	
  113	1140	
  114	1136	
  115	1133	
  116	1133	
  117	1129	
  118	1131	
  119	1129	
  120	1128	
  121	1129	
  122	1128	
  123	1128	
  124	1129	
  125	1128	
  126	1129	
  127	1128	
  128	1128	
  129	1128	
  130	1	
  131	1	
  132	1	
  133	1	
  134	1	
  135	1	
  136	1	
  137	1	
