    1	-1	
    2	0	
    3	-1	
    4	-1	
    5	-1	
    6	-1	
    7	-1	
    8	-1	
    9	-1	
   10	0	
   11	0	
   12	0	
   13	-1	
   14	0	
   15	-1	
   16	-1	
   17	-1	
   18	-1	
   19	-1	
   20	-1	
   21	-1	
   22	-21	
   23	-60	
   24	-43	
   25	-31	
   26	-27	
   27	-24	
   28	-23	
   29	-22	
   30	-22	
   31	-21	
   32	-21	
   33	-20	
   34	-20	
   35	-20	
   36	-1	
   37	-1	
   38	-1	
   39	-1	
   40	-1	
   41	-1	
   42	-1	
   43	-1	
   44	-1	
   45	0	
   46	0	
   47	-1	
   48	0	
   49	0	
   50	0	
   51	0	
   52	0	
   53	24	
   54	-82	
   55	-104	
   56	-105	
   57	-106	
   58	-107	
   59	-108	
   60	-109	
   61	-109	
   62	-109	
   63	-110	
   64	-110	
   65	-110	
   66	-111	
   67	-111	
   68	-111	
   69	-111	
   70	-111	
   71	-111	
   72	-111	
   73	-111	
   74	-111	
   75	-111	
   76	-112	
   77	-111	
   78	-112	
   79	-112	
   80	-112	
   81	-112	
   82	-112	
   83	-112	
   84	-112	
   85	-112	
   86	-113	
   87	-113	
   88	-112	
   89	-113	
   90	-113	
   91	-113	
   92	-113	
   93	-113	
   94	-113	
   95	-113	
   96	-113	
   97	-113	
   98	-113	
   99	-113	
  100	-113	
  101	-113	
  102	-113	
  103	-113	
  104	-113	
  105	-113	
  106	-112	
  107	-112	
  108	-111	
  109	-109	
  110	-108	
  111	-108	
  112	-107	
  113	-107	
  114	-106	
  115	-106	
  116	-106	
  117	-105	
  118	-105	
  119	-105	
  120	-105	
  121	-105	
  122	-105	
  123	-105	
  124	-104	
  125	-104	
  126	-105	
  127	-105	
  128	-104	
  129	0	
  130	0	
  131	0	
  132	0	
  133	0	
  134	0	
  135	-1	
  136	-1	
