    1	1	
    2	1	
    3	1	
    4	1	
    5	1	
    6	1	
    7	1	
    8	1	
    9	1	
   10	1	
   11	1	
   12	1	
   13	1	
   14	1	
   15	1	
   16	1	
   17	1	
   18	1	
   19	1	
   20	1	
   21	2047	
   22	2047	
   23	2047	
   24	2047	
   25	2047	
   26	2047	
   27	2047	
   28	2047	
   29	2047	
   30	2047	
   31	2047	
   32	2047	
   33	2037	
   34	33	
   35	1	
   36	1	
   37	1	
   38	1	
   39	1	
   40	1	
   41	1	
   42	1	
   43	1	
   44	1	
   45	1	
   46	1	
   47	1	
   48	1	
   49	1	
   50	1	
   51	560	
   52	1064	
   53	1226	
   54	1233	
   55	1239	
   56	1248	
   57	1252	
   58	1256	
   59	1260	
   60	1265	
   61	1269	
   62	1272	
   63	1278	
   64	1280	
   65	1283	
   66	1286	
   67	1288	
   68	1290	
   69	1293	
   70	1295	
   71	1298	
   72	1299	
   73	1303	
   74	1305	
   75	1307	
   76	1311	
   77	1313	
   78	1313	
   79	1316	
   80	1317	
   81	1318	
   82	1320	
   83	1321	
   84	1322	
   85	1324	
   86	1326	
   87	1328	
   88	1328	
   89	1327	
   90	1328	
   91	1329	
   92	1329	
   93	1329	
   94	1330	
   95	1329	
   96	1329	
   97	1329	
   98	1329	
   99	1329	
  100	1328	
  101	1327	
  102	1319	
  103	1283	
  104	1233	
  105	1186	
  106	1167	
  107	1151	
  108	1136	
  109	1133	
  110	1132	
  111	1130	
  112	1131	
  113	1131	
  114	1131	
  115	1132	
  116	1132	
  117	1132	
  118	1131	
  119	1132	
  120	1132	
  121	1132	
  122	1132	
  123	19	
  124	1	
  125	1	
  126	1	
  127	1	
  128	1	
  129	1	
  130	1	
  131	1	
