    1	-1	
    2	0	
    3	-1	
    4	-1	
    5	-1	
    6	0	
    7	-1	
    8	0	
    9	-1	
   10	-1	
   11	-1	
   12	-1	
   13	0	
   14	0	
   15	0	
   16	0	
   17	0	
   18	0	
   19	0	
   20	0	
   21	0	
   22	-23	
   23	-59	
   24	-43	
   25	-31	
   26	-27	
   27	-25	
   28	-24	
   29	-23	
   30	-22	
   31	-21	
   32	-20	
   33	-20	
   34	-20	
   35	-20	
   36	0	
   37	0	
   38	0	
   39	0	
   40	-1	
   41	0	
   42	-1	
   43	-1	
   44	-1	
   45	0	
   46	0	
   47	-1	
   48	-1	
   49	0	
   50	0	
   51	-1	
   52	-1	
   53	25	
   54	-72	
   55	-106	
   56	-106	
   57	-107	
   58	-108	
   59	-108	
   60	-109	
   61	-110	
   62	-110	
   63	-110	
   64	-111	
   65	-111	
   66	-111	
   67	-111	
   68	-111	
   69	-111	
   70	-112	
   71	-112	
   72	-112	
   73	-112	
   74	-112	
   75	-112	
   76	-112	
   77	-112	
   78	-112	
   79	-112	
   80	-112	
   81	-113	
   82	-113	
   83	-113	
   84	-112	
   85	-113	
   86	-113	
   87	-113	
   88	-113	
   89	-113	
   90	-113	
   91	-113	
   92	-113	
   93	-113	
   94	-113	
   95	-113	
   96	-113	
   97	-114	
   98	-114	
   99	-113	
  100	-113	
  101	-113	
  102	-113	
  103	-113	
  104	-113	
  105	-113	
  106	-113	
  107	-112	
  108	-111	
  109	-108	
  110	-107	
  111	-106	
  112	-106	
  113	-106	
  114	-106	
  115	-106	
  116	-106	
  117	-106	
  118	-106	
  119	-106	
  120	-106	
  121	-106	
  122	-105	
  123	-105	
  124	-105	
  125	-105	
  126	-105	
  127	-105	
  128	-1	
  129	-1	
  130	0	
  131	0	
  132	-1	
  133	-1	
  134	-1	
  135	-1	
  136	0	
