    1	-12	
    2	-11	
    3	-11	
    4	-11	
    5	-11	
    6	-11	
    7	-11	
    8	-11	
    9	-11	
   10	-11	
   11	-12	
   12	-12	
   13	-11	
   14	-11	
   15	-12	
   16	-11	
   17	-11	
   18	-12	
   19	-11	
   20	-11	
   21	-11	
   22	-11	
   23	-11	
   24	725	
   25	967	
   26	957	
   27	794	
   28	695	
   29	610	
   30	562	
   31	527	
   32	495	
   33	475	
   34	453	
   35	439	
   36	427	
   37	413	
   38	-11	
   39	-11	
   40	-11	
   41	-11	
   42	-11	
   43	-11	
   44	-12	
   45	-11	
   46	-11	
   47	-11	
   48	-12	
   49	-12	
   50	-11	
   51	-11	
   52	-11	
   53	-11	
   54	-11	
   55	-11	
   56	655	
   57	800	
   58	910	
   59	931	
   60	943	
   61	951	
   62	960	
   63	967	
   64	972	
   65	973	
   66	972	
   67	971	
   68	971	
   69	969	
   70	968	
   71	965	
   72	963	
   73	961	
   74	961	
   75	961	
   76	956	
   77	956	
   78	954	
   79	954	
   80	953	
   81	951	
   82	953	
   83	952	
   84	952	
   85	952	
   86	950	
   87	950	
   88	948	
   89	948	
   90	948	
   91	948	
   92	948	
   93	948	
   94	948	
   95	948	
   96	948	
   97	949	
   98	948	
   99	949	
  100	950	
  101	951	
  102	953	
  103	950	
  104	950	
  105	952	
  106	954	
  107	958	
  108	971	
  109	989	
  110	1001	
  111	999	
  112	990	
  113	977	
  114	970	
  115	967	
  116	960	
  117	959	
  118	958	
  119	956	
  120	955	
  121	956	
  122	955	
  123	953	
  124	955	
  125	955	
  126	954	
  127	954	
  128	953	
  129	953	
  130	953	
  131	-11	
  132	-11	
  133	-11	
  134	-11	
  135	-11	
  136	-11	
  137	-12	
  138	-12	
