    1	-11	
    2	-11	
    3	-11	
    4	-11	
    5	-11	
    6	-12	
    7	-11	
    8	-11	
    9	-11	
   10	-12	
   11	-11	
   12	-12	
   13	-12	
   14	-12	
   15	-11	
   16	-12	
   17	-12	
   18	-12	
   19	834	
   20	1012	
   21	900	
   22	757	
   23	674	
   24	612	
   25	557	
   26	525	
   27	494	
   28	475	
   29	457	
   30	440	
   31	429	
   32	49	
   33	-11	
   34	-11	
   35	-11	
   36	-11	
   37	-11	
   38	-11	
   39	-11	
   40	-11	
   41	-11	
   42	-11	
   43	-12	
   44	-12	
   45	-12	
   46	-11	
   47	-12	
   48	-11	
   49	-11	
   50	-11	
   51	673	
   52	897	
   53	926	
   54	938	
   55	947	
   56	960	
   57	966	
   58	970	
   59	974	
   60	975	
   61	972	
   62	970	
   63	968	
   64	967	
   65	966	
   66	963	
   67	961	
   68	960	
   69	958	
   70	957	
   71	956	
   72	955	
   73	954	
   74	952	
   75	950	
   76	950	
   77	949	
   78	950	
   79	949	
   80	949	
   81	950	
   82	949	
   83	948	
   84	948	
   85	951	
   86	951	
   87	951	
   88	951	
   89	951	
   90	950	
   91	950	
   92	951	
   93	951	
   94	952	
   95	952	
   96	953	
   97	954	
   98	955	
   99	955	
  100	957	
  101	959	
  102	969	
  103	986	
  104	996	
  105	995	
  106	988	
  107	979	
  108	968	
  109	964	
  110	961	
  111	959	
  112	957	
  113	954	
  114	952	
  115	951	
  116	952	
  117	952	
  118	951	
  119	950	
  120	950	
  121	950	
  122	950	
  123	4	
  124	-11	
  125	-11	
  126	-11	
  127	-11	
  128	-11	
  129	-11	
  130	-11	
  131	-12	
