    1	1	
    2	1	
    3	1	
    4	1	
    5	1	
    6	1	
    7	1	
    8	1	
    9	1	
   10	1	
   11	1	
   12	1	
   13	1	
   14	1	
   15	1	
   16	1	
   17	1	
   18	1	
   19	2047	
   20	2047	
   21	2047	
   22	2047	
   23	2047	
   24	2047	
   25	2047	
   26	2047	
   27	2047	
   28	2047	
   29	2047	
   30	2047	
   31	2044	
   32	293	
   33	2	
   34	1	
   35	1	
   36	1	
   37	1	
   38	1	
   39	1	
   40	1	
   41	1	
   42	1	
   43	1	
   44	1	
   45	1	
   46	1	
   47	1	
   48	1	
   49	1	
   50	1043	
   51	1223	
   52	1231	
   53	1236	
   54	1241	
   55	1246	
   56	1255	
   57	1260	
   58	1264	
   59	1267	
   60	1270	
   61	1274	
   62	1277	
   63	1280	
   64	1283	
   65	1285	
   66	1287	
   67	1290	
   68	1293	
   69	1295	
   70	1298	
   71	1301	
   72	1303	
   73	1305	
   74	1307	
   75	1309	
   76	1310	
   77	1309	
   78	1311	
   79	1313	
   80	1315	
   81	1317	
   82	1319	
   83	1321	
   84	1322	
   85	1323	
   86	1324	
   87	1324	
   88	1326	
   89	1328	
   90	1328	
   91	1329	
   92	1329	
   93	1329	
   94	1329	
   95	1329	
   96	1329	
   97	1329	
   98	1329	
   99	1328	
  100	1327	
  101	1321	
  102	1294	
  103	1246	
  104	1199	
  105	1177	
  106	1157	
  107	1147	
  108	1140	
  109	1137	
  110	1135	
  111	1135	
  112	1134	
  113	1134	
  114	1133	
  115	1134	
  116	1133	
  117	1134	
  118	1134	
  119	1134	
  120	1134	
  121	1133	
  122	1133	
  123	1132	
  124	19	
  125	1	
  126	1	
  127	1	
  128	1	
  129	1	
  130	1	
  131	1	
  132	1	
