    1	1	
    2	1	
    3	1	
    4	1	
    5	1	
    6	1	
    7	1	
    8	1	
    9	1	
   10	1	
   11	1	
   12	1	
   13	1	
   14	1	
   15	1	
   16	1	
   17	1	
   18	1	
   19	1	
   20	2047	
   21	2047	
   22	2047	
   23	2047	
   24	2047	
   25	2047	
   26	2047	
   27	2047	
   28	2047	
   29	2047	
   30	2047	
   31	2042	
   32	2012	
   33	33	
   34	2	
   35	1	
   36	1	
   37	1	
   38	1	
   39	1	
   40	1	
   41	1	
   42	1	
   43	1	
   44	1	
   45	1	
   46	1	
   47	1	
   48	1	
   49	1	
   50	562	
   51	1066	
   52	1231	
   53	1233	
   54	1238	
   55	1245	
   56	1250	
   57	1256	
   58	1259	
   59	1262	
   60	1265	
   61	1268	
   62	1272	
   63	1275	
   64	1277	
   65	1281	
   66	1284	
   67	1286	
   68	1288	
   69	1291	
   70	1294	
   71	1296	
   72	1300	
   73	1301	
   74	1303	
   75	1304	
   76	1307	
   77	1309	
   78	1310	
   79	1311	
   80	1313	
   81	1315	
   82	1317	
   83	1315	
   84	1316	
   85	1318	
   86	1319	
   87	1320	
   88	1321	
   89	1323	
   90	1324	
   91	1324	
   92	1323	
   93	1323	
   94	1324	
   95	1324	
   96	1324	
   97	1324	
   98	1324	
   99	1321	
  100	1321	
  101	1320	
  102	1315	
  103	1296	
  104	1243	
  105	1200	
  106	1168	
  107	1151	
  108	1141	
  109	1134	
  110	1133	
  111	1131	
  112	1130	
  113	1130	
  114	1129	
  115	1129	
  116	1129	
  117	1129	
  118	1129	
  119	1128	
  120	1129	
  121	1129	
  122	1128	
  123	1129	
  124	1129	
  125	3	
  126	1	
  127	1	
  128	1	
  129	1	
  130	1	
  131	1	
  132	1	
  133	1	
