    1	1	
    2	1	
    3	1	
    4	1	
    5	1	
    6	1	
    7	1	
    8	1	
    9	1	
   10	1	
   11	1	
   12	1	
   13	1	
   14	1	
   15	1	
   16	1	
   17	1	
   18	1	
   19	1	
   20	1	
   21	1	
   22	2047	
   23	2047	
   24	2047	
   25	2047	
   26	2047	
   27	2047	
   28	2047	
   29	2047	
   30	2047	
   31	2047	
   32	2047	
   33	2047	
   34	2028	
   35	33	
   36	2	
   37	1	
   38	1	
   39	1	
   40	1	
   41	1	
   42	1	
   43	1	
   44	1	
   45	1	
   46	1	
   47	1	
   48	1	
   49	1	
   50	1	
   51	1	
   52	562	
   53	1067	
   54	1216	
   55	1217	
   56	1225	
   57	1230	
   58	1236	
   59	1241	
   60	1245	
   61	1248	
   62	1253	
   63	1255	
   64	1257	
   65	1261	
   66	1265	
   67	1268	
   68	1270	
   69	1272	
   70	1275	
   71	1277	
   72	1280	
   73	1281	
   74	1282	
   75	1284	
   76	1284	
   77	1287	
   78	1288	
   79	1290	
   80	1292	
   81	1294	
   82	1297	
   83	1298	
   84	1299	
   85	1300	
   86	1301	
   87	1302	
   88	1304	
   89	1307	
   90	1306	
   91	1308	
   92	1308	
   93	1309	
   94	1310	
   95	1310	
   96	1310	
   97	1308	
   98	1309	
   99	1308	
  100	1308	
  101	1308	
  102	1306	
  103	1302	
  104	1292	
  105	1248	
  106	1207	
  107	1168	
  108	1149	
  109	1136	
  110	1130	
  111	1124	
  112	1124	
  113	1123	
  114	1121	
  115	1122	
  116	1122	
  117	1122	
  118	1122	
  119	1122	
  120	1122	
  121	1122	
  122	1123	
  123	1122	
  124	1122	
  125	19	
  126	1	
  127	1	
  128	1	
  129	1	
  130	1	
  131	1	
  132	1	
  133	1	
