    1	0	
    2	0	
    3	0	
    4	-1	
    5	0	
    6	0	
    7	0	
    8	0	
    9	0	
   10	0	
   11	-1	
   12	-1	
   13	-1	
   14	-1	
   15	-1	
   16	-1	
   17	0	
   18	-1	
   19	-1	
   20	-1	
   21	-1	
   22	-1	
   23	-1	
   24	-92	
   25	-55	
   26	-38	
   27	-29	
   28	-26	
   29	-24	
   30	-23	
   31	-22	
   32	-21	
   33	-21	
   34	-20	
   35	-20	
   36	-20	
   37	-19	
   38	0	
   39	-1	
   40	-1	
   41	-1	
   42	-1	
   43	0	
   44	-1	
   45	-1	
   46	-1	
   47	-1	
   48	-1	
   49	-1	
   50	0	
   51	-1	
   52	0	
   53	0	
   54	-1	
   55	-1	
   56	-50	
   57	-97	
   58	-107	
   59	-106	
   60	-108	
   61	-108	
   62	-109	
   63	-109	
   64	-109	
   65	-110	
   66	-110	
   67	-110	
   68	-111	
   69	-111	
   70	-111	
   71	-111	
   72	-112	
   73	-112	
   74	-112	
   75	-112	
   76	-112	
   77	-112	
   78	-113	
   79	-112	
   80	-113	
   81	-113	
   82	-113	
   83	-113	
   84	-113	
   85	-113	
   86	-113	
   87	-114	
   88	-113	
   89	-113	
   90	-114	
   91	-113	
   92	-113	
   93	-113	
   94	-114	
   95	-114	
   96	-114	
   97	-114	
   98	-114	
   99	-114	
  100	-113	
  101	-114	
  102	-114	
  103	-114	
  104	-113	
  105	-114	
  106	-114	
  107	-113	
  108	-113	
  109	-112	
  110	-111	
  111	-109	
  112	-108	
  113	-107	
  114	-107	
  115	-107	
  116	-106	
  117	-106	
  118	-106	
  119	-106	
  120	-106	
  121	-106	
  122	-106	
  123	-106	
  124	-106	
  125	-106	
  126	-106	
  127	-106	
  128	-106	
  129	-106	
  130	-105	
  131	0	
  132	0	
  133	-1	
  134	0	
  135	0	
  136	-1	
  137	-1	
  138	0	
