    1	-1	
    2	0	
    3	-1	
    4	0	
    5	0	
    6	-1	
    7	0	
    8	-1	
    9	-1	
   10	-1	
   11	-1	
   12	0	
   13	0	
   14	0	
   15	0	
   16	0	
   17	0	
   18	0	
   19	-1	
   20	-1	
   21	0	
   22	0	
   23	-24	
   24	-59	
   25	-43	
   26	-30	
   27	-27	
   28	-25	
   29	-23	
   30	-22	
   31	-22	
   32	-21	
   33	-21	
   34	-20	
   35	-20	
   36	-20	
   37	-1	
   38	-1	
   39	0	
   40	0	
   41	0	
   42	0	
   43	0	
   44	0	
   45	0	
   46	-1	
   47	-1	
   48	-1	
   49	0	
   50	0	
   51	-1	
   52	-1	
   53	-1	
   54	25	
   55	-73	
   56	-108	
   57	-107	
   58	-107	
   59	-108	
   60	-109	
   61	-109	
   62	-110	
   63	-110	
   64	-110	
   65	-111	
   66	-111	
   67	-111	
   68	-111	
   69	-112	
   70	-112	
   71	-112	
   72	-112	
   73	-112	
   74	-112	
   75	-112	
   76	-112	
   77	-113	
   78	-113	
   79	-113	
   80	-113	
   81	-113	
   82	-113	
   83	-113	
   84	-113	
   85	-113	
   86	-113	
   87	-113	
   88	-113	
   89	-114	
   90	-114	
   91	-114	
   92	-114	
   93	-114	
   94	-114	
   95	-114	
   96	-114	
   97	-115	
   98	-115	
   99	-115	
  100	-115	
  101	-115	
  102	-114	
  103	-114	
  104	-114	
  105	-114	
  106	-114	
  107	-114	
  108	-114	
  109	-112	
  110	-110	
  111	-109	
  112	-108	
  113	-107	
  114	-107	
  115	-107	
  116	-107	
  117	-106	
  118	-106	
  119	-106	
  120	-106	
  121	-106	
  122	-106	
  123	-106	
  124	-106	
  125	-106	
  126	-106	
  127	-106	
  128	-105	
  129	-106	
  130	0	
  131	-1	
  132	-1	
  133	0	
  134	-1	
  135	-1	
  136	-1	
  137	-1	
  138	-1	
