    1	-11	
    2	-11	
    3	-11	
    4	-12	
    5	-11	
    6	-11	
    7	-11	
    8	-11	
    9	-11	
   10	-11	
   11	-11	
   12	-11	
   13	-11	
   14	-12	
   15	-12	
   16	-11	
   17	-11	
   18	-12	
   19	-12	
   20	-12	
   21	-12	
   22	-12	
   23	156	
   24	932	
   25	962	
   26	827	
   27	701	
   28	630	
   29	578	
   30	532	
   31	505	
   32	477	
   33	459	
   34	444	
   35	429	
   36	419	
   37	-10	
   38	-11	
   39	-11	
   40	-11	
   41	-11	
   42	-11	
   43	-11	
   44	-11	
   45	-11	
   46	-11	
   47	-12	
   48	-12	
   49	-12	
   50	-11	
   51	-12	
   52	-12	
   53	-12	
   54	-12	
   55	594	
   56	749	
   57	910	
   58	925	
   59	938	
   60	948	
   61	957	
   62	962	
   63	966	
   64	971	
   65	971	
   66	968	
   67	968	
   68	968	
   69	966	
   70	963	
   71	961	
   72	958	
   73	957	
   74	954	
   75	954	
   76	953	
   77	951	
   78	950	
   79	949	
   80	949	
   81	950	
   82	949	
   83	949	
   84	948	
   85	947	
   86	948	
   87	948	
   88	947	
   89	947	
   90	945	
   91	945	
   92	946	
   93	947	
   94	947	
   95	948	
   96	948	
   97	946	
   98	947	
   99	947	
  100	947	
  101	948	
  102	949	
  103	950	
  104	950	
  105	952	
  106	956	
  107	965	
  108	979	
  109	996	
  110	999	
  111	989	
  112	977	
  113	969	
  114	961	
  115	958	
  116	956	
  117	955	
  118	953	
  119	951	
  120	951	
  121	951	
  122	950	
  123	949	
  124	949	
  125	949	
  126	948	
  127	948	
  128	948	
  129	949	
  130	-11	
  131	-11	
  132	-11	
  133	-11	
  134	-11	
  135	-11	
  136	-12	
  137	-11	
