    1	-1	
    2	-1	
    3	-1	
    4	-1	
    5	0	
    6	0	
    7	-1	
    8	-1	
    9	0	
   10	0	
   11	-1	
   12	0	
   13	-1	
   14	0	
   15	-1	
   16	0	
   17	0	
   18	-1	
   19	-1	
   20	-1	
   21	0	
   22	0	
   23	-25	
   24	-58	
   25	-38	
   26	-30	
   27	-26	
   28	-24	
   29	-23	
   30	-22	
   31	-21	
   32	-21	
   33	-20	
   34	-20	
   35	-20	
   36	-19	
   37	0	
   38	-1	
   39	-1	
   40	-1	
   41	0	
   42	0	
   43	0	
   44	0	
   45	-1	
   46	-1	
   47	-1	
   48	-1	
   49	-1	
   50	-1	
   51	0	
   52	-1	
   53	0	
   54	0	
   55	-24	
   56	-83	
   57	-103	
   58	-104	
   59	-106	
   60	-106	
   61	-107	
   62	-108	
   63	-108	
   64	-109	
   65	-109	
   66	-109	
   67	-109	
   68	-110	
   69	-110	
   70	-110	
   71	-111	
   72	-111	
   73	-111	
   74	-111	
   75	-111	
   76	-111	
   77	-111	
   78	-112	
   79	-111	
   80	-111	
   81	-112	
   82	-112	
   83	-112	
   84	-112	
   85	-112	
   86	-112	
   87	-112	
   88	-112	
   89	-112	
   90	-112	
   91	-112	
   92	-113	
   93	-113	
   94	-113	
   95	-113	
   96	-113	
   97	-113	
   98	-113	
   99	-113	
  100	-112	
  101	-113	
  102	-113	
  103	-113	
  104	-113	
  105	-113	
  106	-113	
  107	-112	
  108	-112	
  109	-111	
  110	-109	
  111	-108	
  112	-107	
  113	-106	
  114	-106	
  115	-106	
  116	-106	
  117	-106	
  118	-106	
  119	-105	
  120	-106	
  121	-106	
  122	-105	
  123	-106	
  124	-105	
  125	-105	
  126	-105	
  127	-105	
  128	-105	
  129	-105	
  130	0	
  131	0	
  132	-1	
  133	-1	
  134	-1	
  135	0	
  136	0	
  137	0	
