    1	1	
    2	1	
    3	1	
    4	1	
    5	1	
    6	1	
    7	1	
    8	1	
    9	1	
   10	1	
   11	1	
   12	1	
   13	1	
   14	1	
   15	1	
   16	1	
   17	1	
   18	1	
   19	2047	
   20	2047	
   21	2047	
   22	2047	
   23	2047	
   24	2047	
   25	2047	
   26	2047	
   27	2047	
   28	2047	
   29	2047	
   30	2047	
   31	2047	
   32	291	
   33	2	
   34	1	
   35	1	
   36	1	
   37	1	
   38	1	
   39	1	
   40	1	
   41	1	
   42	1	
   43	1	
   44	1	
   45	1	
   46	1	
   47	1	
   48	1	
   49	1	
   50	1	
   51	1034	
   52	1221	
   53	1232	
   54	1236	
   55	1241	
   56	1251	
   57	1255	
   58	1258	
   59	1264	
   60	1267	
   61	1268	
   62	1270	
   63	1273	
   64	1277	
   65	1280	
   66	1282	
   67	1284	
   68	1287	
   69	1290	
   70	1292	
   71	1295	
   72	1296	
   73	1299	
   74	1301	
   75	1301	
   76	1304	
   77	1306	
   78	1309	
   79	1310	
   80	1312	
   81	1315	
   82	1316	
   83	1316	
   84	1318	
   85	1322	
   86	1324	
   87	1325	
   88	1327	
   89	1327	
   90	1327	
   91	1327	
   92	1328	
   93	1328	
   94	1327	
   95	1328	
   96	1328	
   97	1328	
   98	1328	
   99	1326	
  100	1326	
  101	1320	
  102	1308	
  103	1265	
  104	1222	
  105	1186	
  106	1163	
  107	1150	
  108	1140	
  109	1137	
  110	1136	
  111	1135	
  112	1135	
  113	1133	
  114	1132	
  115	1132	
  116	1133	
  117	1133	
  118	1133	
  119	1132	
  120	1132	
  121	1132	
  122	1132	
  123	19	
  124	1	
  125	1	
  126	1	
  127	1	
  128	1	
  129	1	
  130	1	
  131	1	
