    1	-11	
    2	-11	
    3	-11	
    4	-11	
    5	-11	
    6	-11	
    7	-11	
    8	-11	
    9	-11	
   10	-11	
   11	-12	
   12	-11	
   13	-11	
   14	-11	
   15	-11	
   16	-12	
   17	-12	
   18	-11	
   19	844	
   20	1016	
   21	890	
   22	745	
   23	664	
   24	592	
   25	551	
   26	520	
   27	490	
   28	469	
   29	449	
   30	437	
   31	427	
   32	48	
   33	-11	
   34	-11	
   35	-11	
   36	-11	
   37	-11	
   38	-11	
   39	-11	
   40	-11	
   41	-11	
   42	-12	
   43	-11	
   44	-12	
   45	-12	
   46	-11	
   47	-11	
   48	-11	
   49	-12	
   50	673	
   51	877	
   52	920	
   53	933	
   54	944	
   55	954	
   56	960	
   57	968	
   58	970	
   59	973	
   60	970	
   61	967	
   62	964	
   63	962	
   64	960	
   65	955	
   66	953	
   67	952	
   68	949	
   69	948	
   70	946	
   71	946	
   72	945	
   73	945	
   74	946	
   75	945	
   76	945	
   77	944	
   78	943	
   79	943	
   80	943	
   81	942	
   82	943	
   83	943	
   84	942	
   85	942	
   86	941	
   87	941	
   88	942	
   89	945	
   90	943	
   91	943	
   92	944	
   93	945	
   94	946	
   95	947	
   96	947	
   97	947	
   98	948	
   99	946	
  100	949	
  101	957	
  102	971	
  103	980	
  104	982	
  105	980	
  106	975	
  107	965	
  108	960	
  109	956	
  110	954	
  111	953	
  112	950	
  113	950	
  114	948	
  115	948	
  116	947	
  117	946	
  118	947	
  119	946	
  120	947	
  121	946	
  122	125	
  123	-11	
  124	-11	
  125	-11	
  126	-11	
  127	-12	
  128	-11	
  129	-11	
  130	-11	
