    1	-11	
    2	-11	
    3	-11	
    4	-11	
    5	-11	
    6	-11	
    7	-11	
    8	-11	
    9	-11	
   10	-11	
   11	-11	
   12	-12	
   13	-12	
   14	-12	
   15	-11	
   16	-12	
   17	-12	
   18	-12	
   19	-12	
   20	-11	
   21	-12	
   22	938	
   23	1026	
   24	881	
   25	736	
   26	653	
   27	580	
   28	541	
   29	511	
   30	481	
   31	465	
   32	446	
   33	433	
   34	423	
   35	-4	
   36	-11	
   37	-11	
   38	-12	
   39	-11	
   40	-11	
   41	-11	
   42	-11	
   43	-12	
   44	-12	
   45	-12	
   46	-12	
   47	-12	
   48	-11	
   49	-12	
   50	-11	
   51	-12	
   52	400	
   53	684	
   54	802	
   55	812	
   56	819	
   57	824	
   58	827	
   59	831	
   60	835	
   61	837	
   62	840	
   63	841	
   64	842	
   65	842	
   66	843	
   67	845	
   68	845	
   69	842	
   70	842	
   71	841	
   72	840	
   73	839	
   74	838	
   75	839	
   76	839	
   77	839	
   78	838	
   79	839	
   80	839	
   81	839	
   82	839	
   83	840	
   84	840	
   85	841	
   86	841	
   87	843	
   88	843	
   89	843	
   90	843	
   91	844	
   92	845	
   93	847	
   94	846	
   95	847	
   96	846	
   97	846	
   98	846	
   99	847	
  100	848	
  101	853	
  102	863	
  103	870	
  104	875	
  105	875	
  106	872	
  107	868	
  108	866	
  109	864	
  110	863	
  111	860	
  112	860	
  113	861	
  114	860	
  115	860	
  116	860	
  117	860	
  118	860	
  119	859	
  120	859	
  121	860	
  122	-11	
  123	-11	
  124	-11	
  125	-11	
  126	-11	
  127	-11	
  128	-11	
  129	-12	
