    1	1	
    2	1	
    3	1	
    4	1	
    5	1	
    6	1	
    7	1	
    8	1	
    9	1	
   10	1	
   11	1	
   12	1	
   13	1	
   14	1	
   15	1	
   16	1	
   17	1	
   18	1	
   19	2047	
   20	2047	
   21	2047	
   22	2047	
   23	2047	
   24	2047	
   25	2047	
   26	2047	
   27	2047	
   28	2047	
   29	2047	
   30	2047	
   31	2034	
   32	289	
   33	2	
   34	1	
   35	1	
   36	1	
   37	1	
   38	1	
   39	1	
   40	1	
   41	1	
   42	1	
   43	1	
   44	1	
   45	1	
   46	1	
   47	1	
   48	1	
   49	1	
   50	562	
   51	1065	
   52	1227	
   53	1235	
   54	1239	
   55	1247	
   56	1254	
   57	1260	
   58	1264	
   59	1268	
   60	1269	
   61	1272	
   62	1276	
   63	1278	
   64	1280	
   65	1284	
   66	1285	
   67	1288	
   68	1290	
   69	1294	
   70	1296	
   71	1296	
   72	1300	
   73	1302	
   74	1304	
   75	1307	
   76	1309	
   77	1310	
   78	1311	
   79	1315	
   80	1317	
   81	1317	
   82	1319	
   83	1321	
   84	1322	
   85	1326	
   86	1328	
   87	1329	
   88	1330	
   89	1331	
   90	1332	
   91	1331	
   92	1332	
   93	1332	
   94	1332	
   95	1332	
   96	1331	
   97	1331	
   98	1331	
   99	1330	
  100	1328	
  101	1321	
  102	1293	
  103	1243	
  104	1196	
  105	1175	
  106	1158	
  107	1146	
  108	1142	
  109	1140	
  110	1138	
  111	1137	
  112	1137	
  113	1136	
  114	1136	
  115	1136	
  116	1136	
  117	1136	
  118	1135	
  119	1136	
  120	1135	
  121	1135	
  122	1136	
  123	20	
  124	1	
  125	1	
  126	1	
  127	1	
  128	1	
  129	1	
  130	1	
  131	1	
