    1	-11	
    2	-11	
    3	-12	
    4	-11	
    5	-11	
    6	-11	
    7	-11	
    8	-11	
    9	-11	
   10	-11	
   11	-12	
   12	-11	
   13	-12	
   14	-11	
   15	-11	
   16	-12	
   17	-12	
   18	-11	
   19	845	
   20	1004	
   21	892	
   22	749	
   23	669	
   24	609	
   25	556	
   26	524	
   27	495	
   28	476	
   29	461	
   30	444	
   31	432	
   32	49	
   33	-11	
   34	-11	
   35	-11	
   36	-11	
   37	-11	
   38	-11	
   39	-11	
   40	-11	
   41	-11	
   42	-11	
   43	-12	
   44	-12	
   45	-11	
   46	-11	
   47	-11	
   48	-11	
   49	-12	
   50	668	
   51	868	
   52	920	
   53	932	
   54	941	
   55	951	
   56	960	
   57	966	
   58	970	
   59	973	
   60	974	
   61	973	
   62	971	
   63	969	
   64	968	
   65	967	
   66	966	
   67	967	
   68	968	
   69	966	
   70	964	
   71	960	
   72	957	
   73	955	
   74	956	
   75	953	
   76	952	
   77	952	
   78	952	
   79	952	
   80	947	
   81	946	
   82	947	
   83	948	
   84	947	
   85	946	
   86	947	
   87	949	
   88	949	
   89	950	
   90	950	
   91	951	
   92	952	
   93	954	
   94	954	
   95	954	
   96	956	
   97	956	
   98	957	
   99	960	
  100	971	
  101	988	
  102	994	
  103	994	
  104	988	
  105	975	
  106	967	
  107	962	
  108	960	
  109	958	
  110	957	
  111	954	
  112	953	
  113	951	
  114	951	
  115	951	
  116	952	
  117	953	
  118	950	
  119	950	
  120	949	
  121	126	
  122	-11	
  123	-11	
  124	-11	
  125	-11	
  126	-11	
  127	-11	
  128	-11	
  129	-11	
