    1	0	
    2	0	
    3	0	
    4	0	
    5	-1	
    6	-1	
    7	-1	
    8	-1	
    9	-1	
   10	-1	
   11	-1	
   12	-1	
   13	-1	
   14	-1	
   15	-1	
   16	-1	
   17	0	
   18	-1	
   19	-1	
   20	-1	
   21	-1	
   22	0	
   23	-58	
   24	-42	
   25	-30	
   26	-27	
   27	-25	
   28	-23	
   29	-22	
   30	-22	
   31	-21	
   32	-20	
   33	-20	
   34	-20	
   35	-19	
   36	0	
   37	0	
   38	0	
   39	0	
   40	0	
   41	0	
   42	0	
   43	-1	
   44	-1	
   45	-1	
   46	0	
   47	-1	
   48	-1	
   49	0	
   50	0	
   51	-1	
   52	-1	
   53	24	
   54	-71	
   55	-103	
   56	-104	
   57	-105	
   58	-106	
   59	-106	
   60	-107	
   61	-107	
   62	-108	
   63	-108	
   64	-108	
   65	-109	
   66	-109	
   67	-109	
   68	-109	
   69	-110	
   70	-110	
   71	-110	
   72	-110	
   73	-111	
   74	-111	
   75	-111	
   76	-111	
   77	-111	
   78	-111	
   79	-111	
   80	-111	
   81	-111	
   82	-111	
   83	-111	
   84	-111	
   85	-112	
   86	-112	
   87	-111	
   88	-112	
   89	-112	
   90	-112	
   91	-112	
   92	-112	
   93	-112	
   94	-112	
   95	-113	
   96	-112	
   97	-113	
   98	-113	
   99	-112	
  100	-113	
  101	-113	
  102	-113	
  103	-112	
  104	-112	
  105	-110	
  106	-109	
  107	-109	
  108	-108	
  109	-107	
  110	-106	
  111	-106	
  112	-106	
  113	-106	
  114	-105	
  115	-105	
  116	-105	
  117	-105	
  118	-105	
  119	-105	
  120	-105	
  121	-105	
  122	-105	
  123	-105	
  124	-105	
  125	-1	
  126	-1	
  127	-1	
  128	0	
  129	-1	
  130	-1	
  131	-1	
  132	-1	
  133	-1	
