    1	1	
    2	1	
    3	1	
    4	1	
    5	1	
    6	1	
    7	1	
    8	1	
    9	1	
   10	1	
   11	1	
   12	1	
   13	1	
   14	1	
   15	1	
   16	1	
   17	1	
   18	1	
   19	1	
   20	1	
   21	1	
   22	1	
   23	1	
   24	2047	
   25	2047	
   26	2047	
   27	2047	
   28	2047	
   29	2047	
   30	2047	
   31	2047	
   32	2047	
   33	2047	
   34	2047	
   35	2047	
   36	2014	
   37	1991	
   38	2	
   39	1	
   40	1	
   41	1	
   42	1	
   43	1	
   44	1	
   45	1	
   46	1	
   47	1	
   48	1	
   49	1	
   50	1	
   51	1	
   52	1	
   53	1	
   54	1	
   55	862	
   56	1153	
   57	1229	
   58	1235	
   59	1240	
   60	1245	
   61	1253	
   62	1258	
   63	1264	
   64	1266	
   65	1268	
   66	1272	
   67	1276	
   68	1280	
   69	1282	
   70	1285	
   71	1288	
   72	1292	
   73	1295	
   74	1298	
   75	1299	
   76	1300	
   77	1303	
   78	1303	
   79	1306	
   80	1308	
   81	1311	
   82	1313	
   83	1315	
   84	1316	
   85	1319	
   86	1321	
   87	1323	
   88	1324	
   89	1324	
   90	1327	
   91	1328	
   92	1329	
   93	1330	
   94	1331	
   95	1331	
   96	1331	
   97	1332	
   98	1332	
   99	1330	
  100	1330	
  101	1329	
  102	1329	
  103	1329	
  104	1328	
  105	1324	
  106	1297	
  107	1252	
  108	1177	
  109	1158	
  110	1148	
  111	1138	
  112	1136	
  113	1135	
  114	1134	
  115	1133	
  116	1131	
  117	1131	
  118	1132	
  119	1132	
  120	1132	
  121	1132	
  122	1132	
  123	1131	
  124	1130	
  125	1131	
  126	2	
  127	1	
  128	1	
  129	1	
  130	1	
  131	1	
  132	1	
  133	1	
  134	1	
