    1	1	
    2	1	
    3	1	
    4	1	
    5	1	
    6	1	
    7	1	
    8	1	
    9	1	
   10	1	
   11	1	
   12	1	
   13	1	
   14	1	
   15	1	
   16	1	
   17	1	
   18	1	
   19	1	
   20	1	
   21	1	
   22	1	
   23	2047	
   24	2047	
   25	2047	
   26	2047	
   27	2047	
   28	2047	
   29	2047	
   30	2047	
   31	2047	
   32	2047	
   33	2047	
   34	2024	
   35	1995	
   36	34	
   37	1	
   38	1	
   39	1	
   40	1	
   41	1	
   42	1	
   43	1	
   44	1	
   45	1	
   46	1	
   47	1	
   48	1	
   49	1	
   50	1	
   51	1	
   52	1	
   53	560	
   54	1060	
   55	1232	
   56	1232	
   57	1238	
   58	1244	
   59	1248	
   60	1254	
   61	1259	
   62	1262	
   63	1266	
   64	1270	
   65	1276	
   66	1277	
   67	1280	
   68	1282	
   69	1285	
   70	1289	
   71	1292	
   72	1295	
   73	1297	
   74	1298	
   75	1300	
   76	1302	
   77	1305	
   78	1307	
   79	1306	
   80	1309	
   81	1310	
   82	1312	
   83	1314	
   84	1315	
   85	1316	
   86	1317	
   87	1319	
   88	1320	
   89	1321	
   90	1322	
   91	1326	
   92	1327	
   93	1328	
   94	1329	
   95	1329	
   96	1329	
   97	1331	
   98	1330	
   99	1330	
  100	1331	
  101	1330	
  102	1329	
  103	1325	
  104	1304	
  105	1256	
  106	1210	
  107	1181	
  108	1159	
  109	1147	
  110	1137	
  111	1133	
  112	1131	
  113	1130	
  114	1130	
  115	1129	
  116	1130	
  117	1128	
  118	1129	
  119	1128	
  120	1128	
  121	1128	
  122	1128	
  123	1129	
  124	1129	
  125	19	
  126	1	
  127	1	
  128	1	
  129	1	
  130	1	
  131	1	
  132	1	
  133	1	
