    1	1	
    2	1	
    3	1	
    4	1	
    5	1	
    6	1	
    7	1	
    8	1	
    9	1	
   10	1	
   11	1	
   12	1	
   13	1	
   14	1	
   15	1	
   16	1	
   17	1	
   18	1	
   19	1	
   20	1	
   21	1	
   22	1	
   23	649	
   24	2047	
   25	2047	
   26	2047	
   27	2047	
   28	2047	
   29	2047	
   30	2047	
   31	2047	
   32	2047	
   33	2047	
   34	2047	
   35	2042	
   36	2014	
   37	33	
   38	1	
   39	1	
   40	1	
   41	1	
   42	1	
   43	1	
   44	1	
   45	1	
   46	1	
   47	1	
   48	1	
   49	1	
   50	1	
   51	1	
   52	1	
   53	1	
   54	1	
   55	1	
   56	1	
   57	1	
   58	998	
   59	1144	
   60	1232	
   61	1236	
   62	1247	
   63	1253	
   64	1258	
   65	1264	
   66	1268	
   67	1273	
   68	1276	
   69	1278	
   70	1280	
   71	1282	
   72	1286	
   73	1289	
   74	1292	
   75	1295	
   76	1293	
   77	1297	
   78	1299	
   79	1301	
   80	1304	
   81	1306	
   82	1308	
   83	1310	
   84	1313	
   85	1315	
   86	1316	
   87	1319	
   88	1318	
   89	1320	
   90	1321	
   91	1322	
   92	1325	
   93	1327	
   94	1328	
   95	1333	
   96	1334	
   97	1334	
   98	1333	
   99	1333	
  100	1334	
  101	1335	
  102	1336	
  103	1335	
  104	1334	
  105	1335	
  106	1333	
  107	1331	
  108	1322	
  109	1292	
  110	1229	
  111	1187	
  112	1169	
  113	1153	
  114	1141	
  115	1135	
  116	1131	
  117	1129	
  118	1129	
  119	1128	
  120	1127	
  121	1128	
  122	1128	
  123	1128	
  124	1127	
  125	1127	
  126	1128	
  127	1127	
  128	1126	
  129	169	
  130	1	
  131	1	
  132	1	
  133	1	
  134	1	
  135	1	
  136	1	
  137	1	
