    1	-11	
    2	-11	
    3	-11	
    4	-11	
    5	-11	
    6	-11	
    7	-11	
    8	-11	
    9	-12	
   10	-11	
   11	-12	
   12	-12	
   13	-11	
   14	-11	
   15	-12	
   16	-11	
   17	-12	
   18	-11	
   19	-11	
   20	-11	
   21	-12	
   22	-11	
   23	-12	
   24	96	
   25	941	
   26	946	
   27	791	
   28	694	
   29	621	
   30	557	
   31	523	
   32	489	
   33	468	
   34	452	
   35	434	
   36	423	
   37	410	
   38	-10	
   39	-11	
   40	-11	
   41	-11	
   42	-11	
   43	-11	
   44	-11	
   45	-11	
   46	-11	
   47	-11	
   48	-12	
   49	-11	
   50	-11	
   51	-11	
   52	-11	
   53	-11	
   54	-11	
   55	592	
   56	798	
   57	912	
   58	929	
   59	941	
   60	950	
   61	960	
   62	965	
   63	968	
   64	969	
   65	972	
   66	973	
   67	973	
   68	970	
   69	969	
   70	967	
   71	964	
   72	962	
   73	962	
   74	957	
   75	956	
   76	953	
   77	953	
   78	957	
   79	955	
   80	954	
   81	953	
   82	953	
   83	952	
   84	952	
   85	952	
   86	952	
   87	952	
   88	951	
   89	950	
   90	950	
   91	951	
   92	951	
   93	953	
   94	954	
   95	953	
   96	955	
   97	955	
   98	955	
   99	955	
  100	956	
  101	958	
  102	957	
  103	960	
  104	961	
  105	964	
  106	981	
  107	993	
  108	1001	
  109	1001	
  110	991	
  111	980	
  112	972	
  113	967	
  114	964	
  115	960	
  116	957	
  117	956	
  118	954	
  119	953	
  120	951	
  121	951	
  122	951	
  123	952	
  124	952	
  125	952	
  126	952	
  127	-9	
  128	-11	
  129	-11	
  130	-11	
  131	-11	
  132	-11	
  133	-12	
  134	-11	
  135	-11	
