    1	1	
    2	1	
    3	1	
    4	1	
    5	1	
    6	1	
    7	1	
    8	1	
    9	1	
   10	1	
   11	1	
   12	1	
   13	1	
   14	1	
   15	1	
   16	1	
   17	1	
   18	1	
   19	2047	
   20	2047	
   21	2047	
   22	2047	
   23	2047	
   24	2047	
   25	2047	
   26	2047	
   27	2047	
   28	2047	
   29	2047	
   30	2047	
   31	2047	
   32	289	
   33	2	
   34	1	
   35	1	
   36	1	
   37	1	
   38	1	
   39	1	
   40	1	
   41	1	
   42	1	
   43	1	
   44	1	
   45	1	
   46	1	
   47	1	
   48	1	
   49	1	
   50	1030	
   51	1197	
   52	1225	
   53	1230	
   54	1234	
   55	1241	
   56	1246	
   57	1252	
   58	1256	
   59	1261	
   60	1266	
   61	1269	
   62	1273	
   63	1276	
   64	1280	
   65	1284	
   66	1287	
   67	1292	
   68	1297	
   69	1298	
   70	1300	
   71	1300	
   72	1301	
   73	1302	
   74	1305	
   75	1306	
   76	1308	
   77	1311	
   78	1312	
   79	1315	
   80	1312	
   81	1313	
   82	1315	
   83	1318	
   84	1318	
   85	1320	
   86	1321	
   87	1324	
   88	1325	
   89	1326	
   90	1327	
   91	1327	
   92	1328	
   93	1329	
   94	1329	
   95	1328	
   96	1329	
   97	1328	
   98	1328	
   99	1326	
  100	1312	
  101	1279	
  102	1214	
  103	1181	
  104	1162	
  105	1144	
  106	1137	
  107	1135	
  108	1134	
  109	1133	
  110	1133	
  111	1132	
  112	1131	
  113	1130	
  114	1131	
  115	1131	
  116	1132	
  117	1133	
  118	1131	
  119	1130	
  120	1130	
  121	167	
  122	1	
  123	1	
  124	1	
  125	1	
  126	1	
  127	1	
  128	1	
  129	1	
