    1	-11	
    2	-11	
    3	-11	
    4	-11	
    5	-11	
    6	-11	
    7	-11	
    8	-11	
    9	-11	
   10	-11	
   11	-11	
   12	-11	
   13	-11	
   14	-12	
   15	-12	
   16	-12	
   17	-12	
   18	-12	
   19	-11	
   20	-12	
   21	-12	
   22	-12	
   23	-11	
   24	730	
   25	952	
   26	913	
   27	793	
   28	678	
   29	613	
   30	565	
   31	521	
   32	495	
   33	469	
   34	453	
   35	438	
   36	422	
   37	412	
   38	-11	
   39	-11	
   40	-11	
   41	-11	
   42	-12	
   43	-12	
   44	-11	
   45	-11	
   46	-11	
   47	-12	
   48	-11	
   49	-11	
   50	-12	
   51	-12	
   52	-11	
   53	-11	
   54	-12	
   55	591	
   56	798	
   57	908	
   58	926	
   59	935	
   60	943	
   61	954	
   62	961	
   63	965	
   64	966	
   65	965	
   66	964	
   67	963	
   68	962	
   69	960	
   70	959	
   71	957	
   72	957	
   73	956	
   74	956	
   75	954	
   76	950	
   77	951	
   78	948	
   79	948	
   80	947	
   81	948	
   82	948	
   83	947	
   84	947	
   85	947	
   86	947	
   87	947	
   88	946	
   89	945	
   90	947	
   91	947	
   92	947	
   93	947	
   94	947	
   95	947	
   96	948	
   97	949	
   98	949	
   99	948	
  100	949	
  101	949	
  102	949	
  103	950	
  104	952	
  105	957	
  106	973	
  107	986	
  108	991	
  109	983	
  110	974	
  111	963	
  112	960	
  113	958	
  114	956	
  115	953	
  116	950	
  117	949	
  118	950	
  119	949	
  120	949	
  121	948	
  122	948	
  123	947	
  124	946	
  125	946	
  126	-11	
  127	-11	
  128	-11	
  129	-11	
  130	-11	
  131	-12	
  132	-12	
  133	-12	
  134	-12	
