    1	0	
    2	0	
    3	0	
    4	0	
    5	0	
    6	0	
    7	0	
    8	0	
    9	0	
   10	0	
   11	-1	
   12	-1	
   13	0	
   14	-1	
   15	-1	
   16	0	
   17	-1	
   18	0	
   19	0	
   20	-1	
   21	0	
   22	-23	
   23	-58	
   24	-39	
   25	-31	
   26	-27	
   27	-24	
   28	-23	
   29	-22	
   30	-22	
   31	-21	
   32	-20	
   33	-20	
   34	-20	
   35	-19	
   36	0	
   37	0	
   38	0	
   39	0	
   40	0	
   41	0	
   42	0	
   43	0	
   44	0	
   45	0	
   46	0	
   47	0	
   48	0	
   49	0	
   50	0	
   51	-1	
   52	0	
   53	25	
   54	-81	
   55	-103	
   56	-104	
   57	-105	
   58	-106	
   59	-107	
   60	-107	
   61	-107	
   62	-111	
   63	-111	
   64	-111	
   65	-112	
   66	-112	
   67	-112	
   68	-113	
   69	-113	
   70	-113	
   71	-113	
   72	-113	
   73	-114	
   74	-114	
   75	-113	
   76	-114	
   77	-114	
   78	-114	
   79	-114	
   80	-114	
   81	-114	
   82	-114	
   83	-115	
   84	-115	
   85	-114	
   86	-115	
   87	-115	
   88	-115	
   89	-115	
   90	-115	
   91	-115	
   92	-116	
   93	-116	
   94	-115	
   95	-115	
   96	-115	
   97	-115	
   98	-115	
   99	-115	
  100	-115	
  101	-115	
  102	-115	
  103	-115	
  104	-115	
  105	-115	
  106	-113	
  107	-111	
  108	-109	
  109	-108	
  110	-108	
  111	-108	
  112	-107	
  113	-108	
  114	-108	
  115	-107	
  116	-107	
  117	-107	
  118	-107	
  119	-107	
  120	-107	
  121	-107	
  122	-107	
  123	-107	
  124	-107	
  125	-106	
  126	-1	
  127	-1	
  128	-1	
  129	0	
  130	0	
  131	-1	
  132	-1	
  133	0	
  134	-1	
