    1	-12	
    2	-12	
    3	-11	
    4	-11	
    5	-11	
    6	-11	
    7	-12	
    8	-11	
    9	-12	
   10	-11	
   11	-11	
   12	-12	
   13	-12	
   14	-12	
   15	-12	
   16	-12	
   17	-12	
   18	-12	
   19	-12	
   20	-12	
   21	-11	
   22	-11	
   23	168	
   24	944	
   25	957	
   26	830	
   27	704	
   28	631	
   29	568	
   30	532	
   31	498	
   32	477	
   33	459	
   34	441	
   35	426	
   36	415	
   37	-11	
   38	-11	
   39	-11	
   40	-11	
   41	-11	
   42	-11	
   43	-11	
   44	-11	
   45	-11	
   46	-12	
   47	-11	
   48	-11	
   49	-11	
   50	-12	
   51	-12	
   52	-11	
   53	-12	
   54	-12	
   55	594	
   56	804	
   57	916	
   58	936	
   59	943	
   60	951	
   61	961	
   62	966	
   63	972	
   64	973	
   65	977	
   66	976	
   67	975	
   68	973	
   69	970	
   70	967	
   71	966	
   72	963	
   73	964	
   74	960	
   75	960	
   76	958	
   77	957	
   78	957	
   79	956	
   80	954	
   81	952	
   82	951	
   83	951	
   84	951	
   85	950	
   86	949	
   87	950	
   88	950	
   89	950	
   90	949	
   91	948	
   92	949	
   93	949	
   94	949	
   95	948	
   96	949	
   97	950	
   98	948	
   99	948	
  100	949	
  101	950	
  102	950	
  103	951	
  104	952	
  105	956	
  106	965	
  107	975	
  108	986	
  109	985	
  110	980	
  111	972	
  112	965	
  113	960	
  114	957	
  115	954	
  116	953	
  117	952	
  118	952	
  119	951	
  120	950	
  121	952	
  122	950	
  123	950	
  124	949	
  125	950	
  126	126	
  127	-11	
  128	-11	
  129	-11	
  130	-11	
  131	-12	
  132	-11	
  133	-12	
  134	-11	
