    1	1	
    2	1	
    3	1	
    4	1	
    5	1	
    6	1	
    7	1	
    8	1	
    9	1	
   10	1	
   11	1	
   12	1	
   13	1	
   14	1	
   15	1	
   16	1	
   17	1	
   18	1	
   19	1	
   20	1	
   21	1	
   22	1	
   23	2047	
   24	2047	
   25	2047	
   26	2047	
   27	2047	
   28	2047	
   29	2047	
   30	2047	
   31	2047	
   32	2047	
   33	2047	
   34	2037	
   35	2009	
   36	34	
   37	2	
   38	1	
   39	1	
   40	1	
   41	1	
   42	1	
   43	1	
   44	1	
   45	1	
   46	1	
   47	1	
   48	1	
   49	1	
   50	1	
   51	1	
   52	1	
   53	1	
   54	1	
   55	856	
   56	1109	
   57	1228	
   58	1232	
   59	1238	
   60	1246	
   61	1251	
   62	1256	
   63	1260	
   64	1264	
   65	1268	
   66	1271	
   67	1276	
   68	1278	
   69	1281	
   70	1284	
   71	1286	
   72	1289	
   73	1292	
   74	1292	
   75	1294	
   76	1297	
   77	1299	
   78	1301	
   79	1301	
   80	1302	
   81	1303	
   82	1304	
   83	1306	
   84	1307	
   85	1309	
   86	1311	
   87	1312	
   88	1313	
   89	1313	
   90	1315	
   91	1316	
   92	1318	
   93	1316	
   94	1317	
   95	1317	
   96	1318	
   97	1318	
   98	1318	
   99	1318	
  100	1318	
  101	1317	
  102	1316	
  103	1316	
  104	1318	
  105	1317	
  106	1317	
  107	1317	
  108	1314	
  109	1305	
  110	1275	
  111	1233	
  112	1205	
  113	1176	
  114	1157	
  115	1145	
  116	1144	
  117	1142	
  118	1141	
  119	1141	
  120	1142	
  121	1141	
  122	1142	
  123	1142	
  124	1142	
  125	1143	
  126	1142	
  127	1141	
  128	1140	
  129	1140	
  130	1140	
  131	1140	
  132	1140	
  133	165	
  134	1	
  135	1	
  136	1	
  137	1	
  138	1	
  139	1	
  140	1	
  141	1	
