    1	-1	
    2	-1	
    3	-1	
    4	-1	
    5	0	
    6	-1	
    7	-1	
    8	-1	
    9	-1	
   10	0	
   11	-1	
   12	-1	
   13	-1	
   14	-1	
   15	-1	
   16	-1	
   17	-1	
   18	-1	
   19	-1	
   20	-1	
   21	-61	
   22	-38	
   23	-29	
   24	-25	
   25	-23	
   26	-22	
   27	-21	
   28	-20	
   29	-20	
   30	-19	
   31	-19	
   32	-18	
   33	-18	
   34	1	
   35	-1	
   36	-1	
   37	-1	
   38	0	
   39	0	
   40	-1	
   41	-1	
   42	0	
   43	-1	
   44	-1	
   45	-1	
   46	-1	
   47	0	
   48	-2	
   49	-1	
   50	-1	
   51	-1	
   52	0	
   53	26	
   54	-80	
   55	-107	
   56	-107	
   57	-108	
   58	-109	
   59	-110	
   60	-110	
   61	-111	
   62	-111	
   63	-111	
   64	-112	
   65	-112	
   66	-112	
   67	-112	
   68	-113	
   69	-113	
   70	-113	
   71	-114	
   72	-114	
   73	-114	
   74	-114	
   75	-114	
   76	-114	
   77	-114	
   78	-115	
   79	-115	
   80	-114	
   81	-115	
   82	-115	
   83	-115	
   84	-115	
   85	-115	
   86	-115	
   87	-116	
   88	-116	
   89	-116	
   90	-116	
   91	-116	
   92	-116	
   93	-116	
   94	-116	
   95	-116	
   96	-116	
   97	-116	
   98	-116	
   99	-116	
  100	-116	
  101	-116	
  102	-116	
  103	-116	
  104	-116	
  105	-116	
  106	-114	
  107	-112	
  108	-109	
  109	-107	
  110	-106	
  111	-105	
  112	-104	
  113	-104	
  114	-104	
  115	-104	
  116	-104	
  117	-104	
  118	-104	
  119	-104	
  120	-104	
  121	-104	
  122	-104	
  123	-104	
  124	-104	
  125	-104	
  126	-104	
  127	-103	
  128	-1	
  129	0	
  130	0	
  131	-1	
  132	0	
  133	0	
  134	0	
  135	0	
