    1	1	
    2	1	
    3	1	
    4	1	
    5	1	
    6	1	
    7	1	
    8	1	
    9	1	
   10	1	
   11	1	
   12	1	
   13	1	
   14	1	
   15	0	
   16	1	
   17	1	
   18	1	
   19	1	
   20	1	
   21	1	
   22	1	
   23	1	
   24	2047	
   25	2047	
   26	2047	
   27	2047	
   28	2047	
   29	2047	
   30	2047	
   31	2047	
   32	2047	
   33	2047	
   34	2047	
   35	2037	
   36	2005	
   37	1976	
   38	2	
   39	1	
   40	1	
   41	1	
   42	1	
   43	1	
   44	1	
   45	1	
   46	1	
   47	1	
   48	1	
   49	1	
   50	1	
   51	1	
   52	1	
   53	1	
   54	1	
   55	1036	
   56	1204	
   57	1229	
   58	1237	
   59	1244	
   60	1251	
   61	1255	
   62	1258	
   63	1263	
   64	1267	
   65	1271	
   66	1274	
   67	1276	
   68	1280	
   69	1283	
   70	1286	
   71	1288	
   72	1290	
   73	1294	
   74	1295	
   75	1297	
   76	1298	
   77	1301	
   78	1302	
   79	1301	
   80	1301	
   81	1303	
   82	1304	
   83	1305	
   84	1306	
   85	1307	
   86	1308	
   87	1310	
   88	1312	
   89	1312	
   90	1314	
   91	1314	
   92	1315	
   93	1317	
   94	1318	
   95	1319	
   96	1321	
   97	1320	
   98	1321	
   99	1321	
  100	1320	
  101	1321	
  102	1321	
  103	1320	
  104	1321	
  105	1321	
  106	1322	
  107	1320	
  108	1308	
  109	1276	
  110	1230	
  111	1208	
  112	1188	
  113	1164	
  114	1151	
  115	1142	
  116	1138	
  117	1137	
  118	1136	
  119	1137	
  120	1136	
  121	1137	
  122	1137	
  123	1138	
  124	1138	
  125	1137	
  126	1136	
  127	1135	
  128	1135	
  129	1135	
  130	1136	
  131	20	
  132	1	
  133	1	
  134	1	
  135	1	
  136	1	
  137	1	
  138	1	
  139	1	
