    1	-11	
    2	-11	
    3	-11	
    4	-11	
    5	-11	
    6	-11	
    7	-11	
    8	-11	
    9	-11	
   10	-11	
   11	-11	
   12	-11	
   13	-12	
   14	-12	
   15	-11	
   16	-11	
   17	-11	
   18	-12	
   19	-11	
   20	-12	
   21	814	
   22	951	
   23	836	
   24	717	
   25	644	
   26	576	
   27	536	
   28	506	
   29	476	
   30	456	
   31	438	
   32	425	
   33	413	
   34	-5	
   35	-11	
   36	-11	
   37	-11	
   38	-11	
   39	-11	
   40	-11	
   41	-11	
   42	-11	
   43	-11	
   44	-12	
   45	-11	
   46	-11	
   47	-11	
   48	-11	
   49	-11	
   50	-11	
   51	408	
   52	702	
   53	943	
   54	986	
   55	1008	
   56	1020	
   57	1031	
   58	1037	
   59	1039	
   60	1037	
   61	1035	
   62	1033	
   63	1029	
   64	1028	
   65	1023	
   66	1018	
   67	1014	
   68	1011	
   69	1007	
   70	1005	
   71	1004	
   72	1002	
   73	1000	
   74	998	
   75	996	
   76	995	
   77	994	
   78	992	
   79	992	
   80	991	
   81	989	
   82	990	
   83	990	
   84	988	
   85	989	
   86	990	
   87	992	
   88	995	
   89	994	
   90	995	
   91	991	
   92	990	
   93	989	
   94	989	
   95	991	
   96	991	
   97	992	
   98	992	
   99	994	
  100	994	
  101	996	
  102	997	
  103	996	
  104	1001	
  105	1008	
  106	1023	
  107	1029	
  108	1026	
  109	1023	
  110	1019	
  111	1015	
  112	1010	
  113	1008	
  114	1005	
  115	1004	
  116	1002	
  117	1001	
  118	1000	
  119	998	
  120	998	
  121	998	
  122	996	
  123	996	
  124	996	
  125	994	
  126	994	
  127	-9	
  128	-11	
  129	-11	
  130	-11	
  131	-11	
  132	-11	
  133	-11	
  134	-11	
  135	-11	
