    1	1	
    2	1	
    3	1	
    4	1	
    5	1	
    6	1	
    7	1	
    8	1	
    9	1	
   10	1	
   11	1	
   12	1	
   13	1	
   14	1	
   15	1	
   16	1	
   17	1	
   18	1	
   19	2047	
   20	2047	
   21	2047	
   22	2047	
   23	2047	
   24	2047	
   25	2047	
   26	2047	
   27	2047	
   28	2047	
   29	2047	
   30	2047	
   31	2031	
   32	286	
   33	2	
   34	1	
   35	1	
   36	1	
   37	1	
   38	1	
   39	1	
   40	1	
   41	1	
   42	1	
   43	1	
   44	1	
   45	1	
   46	1	
   47	1	
   48	1	
   49	1	
   50	1	
   51	1063	
   52	1229	
   53	1236	
   54	1241	
   55	1248	
   56	1252	
   57	1256	
   58	1260	
   59	1264	
   60	1269	
   61	1272	
   62	1276	
   63	1279	
   64	1280	
   65	1282	
   66	1284	
   67	1285	
   68	1289	
   69	1290	
   70	1289	
   71	1290	
   72	1290	
   73	1293	
   74	1295	
   75	1297	
   76	1298	
   77	1301	
   78	1302	
   79	1304	
   80	1306	
   81	1307	
   82	1308	
   83	1311	
   84	1311	
   85	1311	
   86	1311	
   87	1313	
   88	1314	
   89	1316	
   90	1318	
   91	1319	
   92	1318	
   93	1320	
   94	1318	
   95	1318	
   96	1319	
   97	1319	
   98	1320	
   99	1318	
  100	1317	
  101	1317	
  102	1318	
  103	1316	
  104	1310	
  105	1285	
  106	1238	
  107	1212	
  108	1193	
  109	1172	
  110	1157	
  111	1145	
  112	1139	
  113	1135	
  114	1134	
  115	1134	
  116	1132	
  117	1132	
  118	1132	
  119	1131	
  120	1130	
  121	1130	
  122	1129	
  123	1130	
  124	1132	
  125	1133	
  126	1132	
  127	1132	
  128	166	
  129	1	
  130	1	
  131	1	
  132	1	
  133	1	
  134	1	
  135	1	
  136	1	
