    1	0	
    2	-1	
    3	0	
    4	-1	
    5	0	
    6	0	
    7	0	
    8	0	
    9	0	
   10	0	
   11	0	
   12	0	
   13	0	
   14	0	
   15	0	
   16	0	
   17	-1	
   18	0	
   19	-1	
   20	-1	
   21	0	
   22	-54	
   23	-40	
   24	-30	
   25	-25	
   26	-23	
   27	-22	
   28	-21	
   29	-20	
   30	-20	
   31	-19	
   32	-19	
   33	-19	
   34	-18	
   35	-1	
   36	-1	
   37	-1	
   38	-1	
   39	0	
   40	-1	
   41	-1	
   42	0	
   43	0	
   44	-1	
   45	0	
   46	-1	
   47	-1	
   48	0	
   49	0	
   50	0	
   51	-1	
   52	-1	
   53	27	
   54	-81	
   55	-108	
   56	-108	
   57	-109	
   58	-110	
   59	-109	
   60	-110	
   61	-111	
   62	-111	
   63	-111	
   64	-112	
   65	-112	
   66	-112	
   67	-113	
   68	-113	
   69	-113	
   70	-113	
   71	-113	
   72	-113	
   73	-114	
   74	-114	
   75	-114	
   76	-114	
   77	-114	
   78	-114	
   79	-114	
   80	-114	
   81	-115	
   82	-115	
   83	-114	
   84	-115	
   85	-115	
   86	-115	
   87	-116	
   88	-115	
   89	-116	
   90	-116	
   91	-116	
   92	-116	
   93	-116	
   94	-116	
   95	-116	
   96	-116	
   97	-116	
   98	-116	
   99	-116	
  100	-117	
  101	-117	
  102	-116	
  103	-116	
  104	-117	
  105	-117	
  106	-115	
  107	-114	
  108	-112	
  109	-111	
  110	-109	
  111	-107	
  112	-105	
  113	-105	
  114	-104	
  115	-104	
  116	-104	
  117	-104	
  118	-104	
  119	-104	
  120	-105	
  121	-105	
  122	-104	
  123	-104	
  124	-104	
  125	-104	
  126	-104	
  127	-104	
  128	-104	
  129	-104	
  130	0	
  131	-1	
  132	-1	
  133	-1	
  134	-1	
  135	-1	
  136	0	
  137	-1	
