    1	1	
    2	1	
    3	1	
    4	1	
    5	1	
    6	1	
    7	1	
    8	1	
    9	1	
   10	1	
   11	1	
   12	1	
   13	1	
   14	1	
   15	1	
   16	1	
   17	1	
   18	1	
   19	2047	
   20	2047	
   21	2047	
   22	2047	
   23	2047	
   24	2047	
   25	2047	
   26	2047	
   27	2047	
   28	2047	
   29	2047	
   30	2046	
   31	2021	
   32	33	
   33	1	
   34	1	
   35	1	
   36	1	
   37	1	
   38	1	
   39	1	
   40	1	
   41	1	
   42	1	
   43	1	
   44	1	
   45	1	
   46	1	
   47	1	
   48	1	
   49	1	
   50	1046	
   51	1210	
   52	1210	
   53	1214	
   54	1219	
   55	1225	
   56	1229	
   57	1234	
   58	1236	
   59	1240	
   60	1244	
   61	1247	
   62	1249	
   63	1250	
   64	1255	
   65	1258	
   66	1259	
   67	1262	
   68	1264	
   69	1266	
   70	1268	
   71	1270	
   72	1276	
   73	1279	
   74	1280	
   75	1282	
   76	1283	
   77	1286	
   78	1290	
   79	1292	
   80	1293	
   81	1293	
   82	1296	
   83	1294	
   84	1296	
   85	1296	
   86	1297	
   87	1298	
   88	1298	
   89	1300	
   90	1300	
   91	1299	
   92	1300	
   93	1300	
   94	1300	
   95	1301	
   96	1300	
   97	1301	
   98	1301	
   99	1301	
  100	1300	
  101	1300	
  102	1293	
  103	1277	
  104	1241	
  105	1192	
  106	1162	
  107	1144	
  108	1136	
  109	1133	
  110	1131	
  111	1130	
  112	1130	
  113	1129	
  114	1129	
  115	1129	
  116	1128	
  117	1128	
  118	1128	
  119	1128	
  120	1128	
  121	1128	
  122	1127	
  123	1126	
  124	1126	
  125	3	
  126	1	
  127	1	
  128	1	
  129	1	
  130	1	
  131	1	
  132	1	
  133	1	
