    1	0	
    2	-1	
    3	0	
    4	-1	
    5	0	
    6	-1	
    7	0	
    8	-1	
    9	0	
   10	-1	
   11	0	
   12	0	
   13	0	
   14	0	
   15	0	
   16	-1	
   17	0	
   18	-1	
   19	-61	
   20	-42	
   21	-30	
   22	-25	
   23	-23	
   24	-22	
   25	-21	
   26	-20	
   27	-20	
   28	-19	
   29	-19	
   30	-18	
   31	-18	
   32	-1	
   33	-1	
   34	-1	
   35	-1	
   36	-1	
   37	-1	
   38	-1	
   39	0	
   40	-1	
   41	-1	
   42	0	
   43	0	
   44	-1	
   45	-1	
   46	0	
   47	0	
   48	-1	
   49	-1	
   50	-67	
   51	-102	
   52	-103	
   53	-103	
   54	-104	
   55	-105	
   56	-105	
   57	-106	
   58	-106	
   59	-106	
   60	-107	
   61	-107	
   62	-108	
   63	-108	
   64	-108	
   65	-108	
   66	-108	
   67	-108	
   68	-108	
   69	-108	
   70	-108	
   71	-108	
   72	-108	
   73	-109	
   74	-109	
   75	-109	
   76	-109	
   77	-109	
   78	-109	
   79	-109	
   80	-109	
   81	-110	
   82	-109	
   83	-109	
   84	-109	
   85	-109	
   86	-109	
   87	-109	
   88	-109	
   89	-109	
   90	-109	
   91	-109	
   92	-109	
   93	-109	
   94	-109	
   95	-109	
   96	-109	
   97	-109	
   98	-110	
   99	-110	
  100	-110	
  101	-110	
  102	-109	
  103	-109	
  104	-108	
  105	-106	
  106	-104	
  107	-103	
  108	-102	
  109	-102	
  110	-102	
  111	-102	
  112	-102	
  113	-102	
  114	-101	
  115	-101	
  116	-101	
  117	-101	
  118	-101	
  119	-100	
  120	-101	
  121	-101	
  122	-101	
  123	-100	
  124	-100	
  125	-1	
  126	0	
  127	0	
  128	0	
  129	-1	
  130	0	
  131	0	
  132	0	
  133	0	
