    1	-1	
    2	0	
    3	-1	
    4	-1	
    5	-1	
    6	0	
    7	-1	
    8	-1	
    9	0	
   10	0	
   11	0	
   12	0	
   13	0	
   14	0	
   15	-1	
   16	-1	
   17	0	
   18	-1	
   19	-1	
   20	-1	
   21	-1	
   22	-1	
   23	-19	
   24	-55	
   25	-36	
   26	-28	
   27	-24	
   28	-22	
   29	-21	
   30	-20	
   31	-20	
   32	-19	
   33	-19	
   34	-18	
   35	-18	
   36	-18	
   37	0	
   38	-1	
   39	-1	
   40	-1	
   41	-1	
   42	-1	
   43	-1	
   44	-1	
   45	-1	
   46	-1	
   47	-1	
   48	0	
   49	0	
   50	0	
   51	-1	
   52	-1	
   53	-1	
   54	0	
   55	-16	
   56	-91	
   57	-103	
   58	-103	
   59	-104	
   60	-104	
   61	-105	
   62	-106	
   63	-106	
   64	-107	
   65	-107	
   66	-108	
   67	-108	
   68	-108	
   69	-108	
   70	-108	
   71	-108	
   72	-108	
   73	-109	
   74	-109	
   75	-109	
   76	-109	
   77	-109	
   78	-109	
   79	-109	
   80	-109	
   81	-109	
   82	-109	
   83	-109	
   84	-109	
   85	-110	
   86	-110	
   87	-110	
   88	-110	
   89	-110	
   90	-110	
   91	-110	
   92	-110	
   93	-110	
   94	-110	
   95	-110	
   96	-110	
   97	-110	
   98	-111	
   99	-110	
  100	-111	
  101	-111	
  102	-110	
  103	-110	
  104	-111	
  105	-111	
  106	-111	
  107	-111	
  108	-111	
  109	-110	
  110	-108	
  111	-106	
  112	-104	
  113	-103	
  114	-102	
  115	-101	
  116	-101	
  117	-101	
  118	-101	
  119	-101	
  120	-100	
  121	-101	
  122	-100	
  123	-100	
  124	-100	
  125	-100	
  126	-100	
  127	-100	
  128	-100	
  129	-100	
  130	-100	
  131	-6	
  132	0	
  133	-1	
  134	-1	
  135	0	
  136	0	
  137	-1	
  138	-1	
  139	0	
