    1	1	
    2	1	
    3	1	
    4	1	
    5	1	
    6	1	
    7	1	
    8	1	
    9	1	
   10	1	
   11	1	
   12	1	
   13	1	
   14	1	
   15	1	
   16	1	
   17	1	
   18	1	
   19	1	
   20	1	
   21	1	
   22	1	
   23	2047	
   24	2047	
   25	2047	
   26	2047	
   27	2047	
   28	2047	
   29	2047	
   30	2047	
   31	2047	
   32	2047	
   33	2047	
   34	2047	
   35	2025	
   36	33	
   37	1	
   38	1	
   39	1	
   40	1	
   41	1	
   42	1	
   43	1	
   44	1	
   45	1	
   46	1	
   47	1	
   48	1	
   49	1	
   50	1	
   51	1	
   52	1	
   53	1	
   54	541	
   55	1055	
   56	1214	
   57	1213	
   58	1218	
   59	1221	
   60	1225	
   61	1230	
   62	1236	
   63	1242	
   64	1246	
   65	1247	
   66	1250	
   67	1252	
   68	1254	
   69	1256	
   70	1258	
   71	1261	
   72	1264	
   73	1266	
   74	1269	
   75	1272	
   76	1274	
   77	1275	
   78	1278	
   79	1279	
   80	1280	
   81	1283	
   82	1283	
   83	1285	
   84	1287	
   85	1286	
   86	1288	
   87	1290	
   88	1292	
   89	1294	
   90	1296	
   91	1296	
   92	1296	
   93	1300	
   94	1300	
   95	1301	
   96	1301	
   97	1302	
   98	1302	
   99	1302	
  100	1302	
  101	1303	
  102	1304	
  103	1303	
  104	1302	
  105	1301	
  106	1301	
  107	1299	
  108	1288	
  109	1254	
  110	1216	
  111	1165	
  112	1148	
  113	1139	
  114	1133	
  115	1131	
  116	1131	
  117	1130	
  118	1130	
  119	1130	
  120	1130	
  121	1128	
  122	1127	
  123	1127	
  124	1128	
  125	1127	
  126	1128	
  127	1127	
  128	1129	
  129	1128	
  130	164	
  131	1	
  132	1	
  133	1	
  134	1	
  135	1	
  136	1	
  137	1	
  138	1	
