    1	1	
    2	1	
    3	1	
    4	1	
    5	1	
    6	1	
    7	1	
    8	1	
    9	1	
   10	1	
   11	1	
   12	1	
   13	1	
   14	1	
   15	1	
   16	1	
   17	1	
   18	1	
   19	1	
   20	1	
   21	1	
   22	427	
   23	2047	
   24	2047	
   25	2047	
   26	2047	
   27	2047	
   28	2047	
   29	2047	
   30	2047	
   31	2047	
   32	2047	
   33	2047	
   34	2047	
   35	2028	
   36	33	
   37	1	
   38	1	
   39	1	
   40	1	
   41	1	
   42	1	
   43	1	
   44	1	
   45	1	
   46	1	
   47	1	
   48	1	
   49	1	
   50	1	
   51	1	
   52	1	
   53	541	
   54	1056	
   55	1214	
   56	1216	
   57	1221	
   58	1225	
   59	1230	
   60	1235	
   61	1240	
   62	1244	
   63	1246	
   64	1244	
   65	1249	
   66	1253	
   67	1256	
   68	1257	
   69	1261	
   70	1262	
   71	1265	
   72	1267	
   73	1270	
   74	1272	
   75	1275	
   76	1277	
   77	1280	
   78	1281	
   79	1283	
   80	1284	
   81	1285	
   82	1287	
   83	1289	
   84	1290	
   85	1292	
   86	1295	
   87	1296	
   88	1297	
   89	1299	
   90	1301	
   91	1304	
   92	1302	
   93	1304	
   94	1304	
   95	1305	
   96	1303	
   97	1304	
   98	1303	
   99	1303	
  100	1302	
  101	1303	
  102	1302	
  103	1301	
  104	1302	
  105	1301	
  106	1299	
  107	1289	
  108	1258	
  109	1216	
  110	1164	
  111	1147	
  112	1139	
  113	1133	
  114	1131	
  115	1130	
  116	1129	
  117	1128	
  118	1127	
  119	1128	
  120	1127	
  121	1127	
  122	1126	
  123	1126	
  124	1127	
  125	1126	
  126	1126	
  127	1128	
  128	1128	
  129	1129	
  130	1	
  131	1	
  132	1	
  133	1	
  134	1	
  135	1	
  136	1	
  137	1	
