    1	-1	
    2	-1	
    3	-1	
    4	-1	
    5	0	
    6	-1	
    7	0	
    8	0	
    9	-1	
   10	-1	
   11	-1	
   12	-1	
   13	-1	
   14	0	
   15	-1	
   16	0	
   17	-1	
   18	-1	
   19	-1	
   20	0	
   21	0	
   22	-24	
   23	-52	
   24	-42	
   25	-28	
   26	-25	
   27	-23	
   28	-22	
   29	-21	
   30	-20	
   31	-20	
   32	-19	
   33	-19	
   34	-19	
   35	-18	
   36	0	
   37	0	
   38	0	
   39	0	
   40	-1	
   41	-1	
   42	0	
   43	-1	
   44	0	
   45	-1	
   46	-1	
   47	-1	
   48	-1	
   49	0	
   50	0	
   51	0	
   52	-1	
   53	-1	
   54	-1	
   55	-10	
   56	-77	
   57	-102	
   58	-103	
   59	-104	
   60	-104	
   61	-105	
   62	-106	
   63	-106	
   64	-107	
   65	-107	
   66	-107	
   67	-107	
   68	-107	
   69	-108	
   70	-108	
   71	-108	
   72	-108	
   73	-108	
   74	-108	
   75	-108	
   76	-108	
   77	-108	
   78	-108	
   79	-108	
   80	-108	
   81	-108	
   82	-108	
   83	-108	
   84	-108	
   85	-108	
   86	-108	
   87	-109	
   88	-109	
   89	-109	
   90	-108	
   91	-108	
   92	-108	
   93	-108	
   94	-108	
   95	-108	
   96	-108	
   97	-108	
   98	-108	
   99	-108	
  100	-108	
  101	-108	
  102	-108	
  103	-108	
  104	-108	
  105	-108	
  106	-108	
  107	-108	
  108	-108	
  109	-108	
  110	-108	
  111	-106	
  112	-104	
  113	-103	
  114	-101	
  115	-101	
  116	-101	
  117	-100	
  118	-100	
  119	-100	
  120	-100	
  121	-100	
  122	-100	
  123	-100	
  124	-100	
  125	-100	
  126	-100	
  127	-100	
  128	-100	
  129	-99	
  130	-100	
  131	-100	
  132	-100	
  133	-2	
  134	0	
  135	-1	
  136	0	
  137	0	
  138	0	
  139	0	
  140	-1	
  141	-1	
