    1	-1	
    2	0	
    3	0	
    4	0	
    5	0	
    6	0	
    7	-1	
    8	0	
    9	0	
   10	0	
   11	0	
   12	0	
   13	0	
   14	0	
   15	0	
   16	0	
   17	-1	
   18	-1	
   19	-1	
   20	0	
   21	-54	
   22	-42	
   23	-28	
   24	-25	
   25	-23	
   26	-22	
   27	-21	
   28	-20	
   29	-20	
   30	-19	
   31	-19	
   32	-18	
   33	-18	
   34	0	
   35	-1	
   36	-1	
   37	-1	
   38	-1	
   39	-1	
   40	0	
   41	0	
   42	0	
   43	-1	
   44	-1	
   45	-1	
   46	0	
   47	0	
   48	0	
   49	-1	
   50	-1	
   51	-1	
   52	32	
   53	-76	
   54	-101	
   55	-103	
   56	-104	
   57	-105	
   58	-105	
   59	-106	
   60	-106	
   61	-107	
   62	-107	
   63	-107	
   64	-108	
   65	-108	
   66	-108	
   67	-107	
   68	-107	
   69	-108	
   70	-108	
   71	-108	
   72	-108	
   73	-108	
   74	-108	
   75	-108	
   76	-108	
   77	-108	
   78	-108	
   79	-108	
   80	-108	
   81	-108	
   82	-108	
   83	-108	
   84	-109	
   85	-109	
   86	-109	
   87	-109	
   88	-109	
   89	-109	
   90	-109	
   91	-109	
   92	-109	
   93	-109	
   94	-109	
   95	-108	
   96	-109	
   97	-109	
   98	-109	
   99	-108	
  100	-109	
  101	-109	
  102	-109	
  103	-109	
  104	-109	
  105	-109	
  106	-109	
  107	-109	
  108	-108	
  109	-107	
  110	-107	
  111	-106	
  112	-104	
  113	-103	
  114	-102	
  115	-102	
  116	-101	
  117	-101	
  118	-100	
  119	-100	
  120	-100	
  121	-101	
  122	-101	
  123	-100	
  124	-100	
  125	-100	
  126	-100	
  127	-100	
  128	-100	
  129	-100	
  130	-100	
  131	-100	
  132	-6	
  133	0	
  134	0	
  135	-1	
  136	0	
  137	0	
  138	0	
  139	-1	
  140	-1	
