    1	1	
    2	1	
    3	1	
    4	1	
    5	1	
    6	1	
    7	1	
    8	1	
    9	1	
   10	1	
   11	1	
   12	1	
   13	1	
   14	1	
   15	1	
   16	1	
   17	1	
   18	1	
   19	1	
   20	1	
   21	608	
   22	2047	
   23	2047	
   24	2047	
   25	2047	
   26	2047	
   27	2047	
   28	2047	
   29	2047	
   30	2047	
   31	2047	
   32	2047	
   33	2033	
   34	2004	
   35	34	
   36	1	
   37	1	
   38	1	
   39	1	
   40	1	
   41	1	
   42	1	
   43	1	
   44	1	
   45	1	
   46	1	
   47	1	
   48	1	
   49	1	
   50	1	
   51	1	
   52	1	
   53	541	
   54	1103	
   55	1216	
   56	1214	
   57	1219	
   58	1225	
   59	1230	
   60	1234	
   61	1238	
   62	1242	
   63	1244	
   64	1247	
   65	1250	
   66	1253	
   67	1253	
   68	1256	
   69	1260	
   70	1263	
   71	1265	
   72	1265	
   73	1269	
   74	1272	
   75	1274	
   76	1277	
   77	1277	
   78	1279	
   79	1281	
   80	1281	
   81	1283	
   82	1286	
   83	1289	
   84	1289	
   85	1293	
   86	1295	
   87	1296	
   88	1297	
   89	1298	
   90	1299	
   91	1298	
   92	1299	
   93	1300	
   94	1302	
   95	1304	
   96	1305	
   97	1305	
   98	1305	
   99	1304	
  100	1303	
  101	1304	
  102	1304	
  103	1304	
  104	1303	
  105	1304	
  106	1300	
  107	1298	
  108	1280	
  109	1229	
  110	1187	
  111	1161	
  112	1146	
  113	1139	
  114	1134	
  115	1134	
  116	1133	
  117	1133	
  118	1133	
  119	1132	
  120	1131	
  121	1130	
  122	1130	
  123	1131	
  124	1130	
  125	1130	
  126	1130	
  127	1131	
  128	1129	
  129	1129	
  130	1130	
  131	164	
  132	1	
  133	1	
  134	1	
  135	1	
  136	1	
  137	1	
  138	1	
  139	1	
