    1	1	
    2	1	
    3	1	
    4	1	
    5	1	
    6	1	
    7	1	
    8	1	
    9	1	
   10	1	
   11	1	
   12	1	
   13	1	
   14	1	
   15	1	
   16	1	
   17	1	
   18	1	
   19	2047	
   20	2047	
   21	2047	
   22	2047	
   23	2047	
   24	2047	
   25	2047	
   26	2047	
   27	2047	
   28	2047	
   29	2047	
   30	2047	
   31	2013	
   32	284	
   33	2	
   34	1	
   35	1	
   36	1	
   37	1	
   38	1	
   39	1	
   40	1	
   41	1	
   42	1	
   43	1	
   44	1	
   45	1	
   46	1	
   47	1	
   48	1	
   49	1	
   50	1	
   51	546	
   52	1044	
   53	1209	
   54	1212	
   55	1217	
   56	1224	
   57	1229	
   58	1234	
   59	1237	
   60	1242	
   61	1243	
   62	1246	
   63	1248	
   64	1252	
   65	1255	
   66	1259	
   67	1264	
   68	1267	
   69	1268	
   70	1271	
   71	1272	
   72	1274	
   73	1274	
   74	1276	
   75	1278	
   76	1281	
   77	1284	
   78	1286	
   79	1288	
   80	1289	
   81	1289	
   82	1290	
   83	1292	
   84	1293	
   85	1295	
   86	1296	
   87	1296	
   88	1297	
   89	1298	
   90	1299	
   91	1300	
   92	1301	
   93	1302	
   94	1301	
   95	1301	
   96	1301	
   97	1299	
   98	1299	
   99	1299	
  100	1297	
  101	1298	
  102	1296	
  103	1296	
  104	1293	
  105	1285	
  106	1263	
  107	1224	
  108	1182	
  109	1151	
  110	1138	
  111	1132	
  112	1130	
  113	1127	
  114	1126	
  115	1125	
  116	1125	
  117	1125	
  118	1125	
  119	1125	
  120	1125	
  121	1124	
  122	1124	
  123	1125	
  124	1126	
  125	1126	
  126	1126	
  127	165	
  128	1	
  129	1	
  130	1	
  131	1	
  132	1	
  133	1	
  134	1	
  135	1	
