    1	-11	
    2	-11	
    3	-11	
    4	-11	
    5	-11	
    6	-11	
    7	-11	
    8	-11	
    9	-11	
   10	-11	
   11	-11	
   12	-12	
   13	-11	
   14	-11	
   15	-12	
   16	-11	
   17	-12	
   18	-11	
   19	-11	
   20	-12	
   21	-11	
   22	-11	
   23	136	
   24	871	
   25	957	
   26	800	
   27	702	
   28	613	
   29	562	
   30	518	
   31	492	
   32	471	
   33	451	
   34	438	
   35	426	
   36	412	
   37	-4	
   38	-11	
   39	-11	
   40	-11	
   41	-11	
   42	-11	
   43	-11	
   44	-11	
   45	-11	
   46	-12	
   47	-12	
   48	-12	
   49	-11	
   50	-11	
   51	-11	
   52	-11	
   53	-11	
   54	386	
   55	696	
   56	902	
   57	924	
   58	942	
   59	951	
   60	961	
   61	970	
   62	974	
   63	978	
   64	980	
   65	980	
   66	978	
   67	976	
   68	976	
   69	970	
   70	968	
   71	967	
   72	965	
   73	965	
   74	966	
   75	964	
   76	963	
   77	962	
   78	960	
   79	961	
   80	960	
   81	960	
   82	960	
   83	960	
   84	960	
   85	958	
   86	959	
   87	958	
   88	957	
   89	957	
   90	957	
   91	957	
   92	958	
   93	958	
   94	957	
   95	960	
   96	958	
   97	957	
   98	957	
   99	960	
  100	961	
  101	961	
  102	962	
  103	964	
  104	964	
  105	964	
  106	963	
  107	972	
  108	983	
  109	991	
  110	989	
  111	988	
  112	982	
  113	974	
  114	969	
  115	966	
  116	963	
  117	962	
  118	961	
  119	961	
  120	960	
  121	958	
  122	957	
  123	956	
  124	955	
  125	956	
  126	956	
  127	955	
  128	954	
  129	956	
  130	-11	
  131	-11	
  132	-11	
  133	-11	
  134	-11	
  135	-11	
  136	-11	
  137	-12	
