    1	-11	
    2	-11	
    3	-11	
    4	-11	
    5	-11	
    6	-11	
    7	-11	
    8	-11	
    9	-11	
   10	-11	
   11	-11	
   12	-12	
   13	-11	
   14	-11	
   15	-12	
   16	-12	
   17	-12	
   18	-11	
   19	-12	
   20	843	
   21	964	
   22	841	
   23	712	
   24	637	
   25	582	
   26	533	
   27	505	
   28	477	
   29	460	
   30	444	
   31	427	
   32	416	
   33	-5	
   34	-11	
   35	-11	
   36	-11	
   37	-11	
   38	-11	
   39	-11	
   40	-11	
   41	-11	
   42	-11	
   43	-11	
   44	-11	
   45	-11	
   46	-12	
   47	-11	
   48	-12	
   49	-12	
   50	-11	
   51	395	
   52	689	
   53	915	
   54	935	
   55	945	
   56	957	
   57	970	
   58	978	
   59	984	
   60	987	
   61	989	
   62	990	
   63	986	
   64	985	
   65	981	
   66	979	
   67	977	
   68	974	
   69	972	
   70	976	
   71	973	
   72	972	
   73	975	
   74	972	
   75	970	
   76	970	
   77	967	
   78	966	
   79	964	
   80	961	
   81	960	
   82	960	
   83	961	
   84	962	
   85	961	
   86	960	
   87	960	
   88	960	
   89	960	
   90	960	
   91	962	
   92	961	
   93	961	
   94	962	
   95	962	
   96	962	
   97	962	
   98	964	
   99	963	
  100	962	
  101	963	
  102	963	
  103	962	
  104	964	
  105	972	
  106	980	
  107	994	
  108	992	
  109	990	
  110	984	
  111	980	
  112	978	
  113	975	
  114	974	
  115	972	
  116	971	
  117	972	
  118	970	
  119	968	
  120	969	
  121	968	
  122	967	
  123	965	
  124	965	
  125	964	
  126	965	
  127	128	
  128	-11	
  129	-11	
  130	-11	
  131	-11	
  132	-12	
  133	-12	
  134	-11	
  135	-12	
