    1	-1	
    2	0	
    3	-1	
    4	-1	
    5	0	
    6	0	
    7	0	
    8	-1	
    9	0	
   10	0	
   11	0	
   12	0	
   13	0	
   14	0	
   15	0	
   16	0	
   17	-55	
   18	-42	
   19	-30	
   20	-25	
   21	-23	
   22	-22	
   23	-21	
   24	-20	
   25	-20	
   26	-19	
   27	-19	
   28	-19	
   29	-18	
   30	0	
   31	-1	
   32	-1	
   33	-1	
   34	-1	
   35	-1	
   36	-1	
   37	0	
   38	-1	
   39	-1	
   40	0	
   41	0	
   42	0	
   43	0	
   44	-1	
   45	0	
   46	-1	
   47	-1	
   48	32	
   49	-69	
   50	-102	
   51	-102	
   52	-103	
   53	-104	
   54	-105	
   55	-106	
   56	-106	
   57	-107	
   58	-107	
   59	-108	
   60	-108	
   61	-108	
   62	-108	
   63	-108	
   64	-108	
   65	-108	
   66	-108	
   67	-108	
   68	-108	
   69	-108	
   70	-108	
   71	-108	
   72	-109	
   73	-109	
   74	-109	
   75	-109	
   76	-109	
   77	-109	
   78	-109	
   79	-109	
   80	-109	
   81	-109	
   82	-109	
   83	-109	
   84	-109	
   85	-110	
   86	-110	
   87	-110	
   88	-110	
   89	-110	
   90	-110	
   91	-110	
   92	-109	
   93	-109	
   94	-109	
   95	-109	
   96	-109	
   97	-109	
   98	-109	
   99	-109	
  100	-109	
  101	-109	
  102	-108	
  103	-108	
  104	-106	
  105	-103	
  106	-102	
  107	-102	
  108	-101	
  109	-101	
  110	-101	
  111	-101	
  112	-101	
  113	-100	
  114	-100	
  115	-100	
  116	-100	
  117	-100	
  118	-100	
  119	-99	
  120	-100	
  121	-100	
  122	-100	
  123	-100	
  124	-100	
  125	-1	
  126	-1	
  127	-1	
  128	-1	
  129	-1	
  130	0	
  131	-1	
  132	0	
