    1	-11	
    2	-11	
    3	-11	
    4	-11	
    5	-11	
    6	-11	
    7	-11	
    8	-11	
    9	-11	
   10	-11	
   11	-11	
   12	-12	
   13	-12	
   14	-12	
   15	-12	
   16	-12	
   17	698	
   18	916	
   19	884	
   20	773	
   21	664	
   22	602	
   23	557	
   24	515	
   25	490	
   26	463	
   27	446	
   28	432	
   29	416	
   30	406	
   31	-11	
   32	-11	
   33	-11	
   34	-11	
   35	-11	
   36	-11	
   37	-11	
   38	-12	
   39	-11	
   40	-11	
   41	-11	
   42	-11	
   43	-11	
   44	-11	
   45	-11	
   46	-12	
   47	-11	
   48	646	
   49	783	
   50	920	
   51	937	
   52	946	
   53	957	
   54	963	
   55	970	
   56	976	
   57	977	
   58	977	
   59	977	
   60	975	
   61	974	
   62	973	
   63	969	
   64	968	
   65	967	
   66	965	
   67	964	
   68	964	
   69	961	
   70	961	
   71	959	
   72	960	
   73	958	
   74	957	
   75	955	
   76	954	
   77	955	
   78	956	
   79	956	
   80	954	
   81	953	
   82	953	
   83	952	
   84	955	
   85	955	
   86	955	
   87	954	
   88	952	
   89	954	
   90	955	
   91	955	
   92	957	
   93	957	
   94	957	
   95	960	
   96	959	
   97	960	
   98	960	
   99	962	
  100	963	
  101	970	
  102	979	
  103	995	
  104	993	
  105	989	
  106	985	
  107	977	
  108	974	
  109	970	
  110	969	
  111	966	
  112	963	
  113	962	
  114	961	
  115	961	
  116	960	
  117	960	
  118	959	
  119	958	
  120	956	
  121	954	
  122	955	
  123	127	
  124	-11	
  125	-11	
  126	-11	
  127	-11	
  128	-11	
  129	-12	
  130	-12	
  131	-12	
