    1	1	
    2	1	
    3	1	
    4	1	
    5	1	
    6	1	
    7	1	
    8	1	
    9	1	
   10	1	
   11	1	
   12	1	
   13	1	
   14	1	
   15	1	
   16	1	
   17	1	
   18	1	
   19	1	
   20	2047	
   21	2047	
   22	2047	
   23	2047	
   24	2047	
   25	2047	
   26	2047	
   27	2047	
   28	2047	
   29	2047	
   30	2047	
   31	2047	
   32	2029	
   33	33	
   34	1	
   35	1	
   36	1	
   37	1	
   38	1	
   39	1	
   40	1	
   41	1	
   42	1	
   43	1	
   44	1	
   45	1	
   46	1	
   47	1	
   48	1	
   49	1	
   50	1	
   51	548	
   52	1044	
   53	1222	
   54	1220	
   55	1219	
   56	1225	
   57	1233	
   58	1238	
   59	1242	
   60	1245	
   61	1249	
   62	1252	
   63	1254	
   64	1257	
   65	1259	
   66	1260	
   67	1263	
   68	1265	
   69	1267	
   70	1275	
   71	1276	
   72	1279	
   73	1284	
   74	1284	
   75	1286	
   76	1288	
   77	1288	
   78	1290	
   79	1289	
   80	1290	
   81	1291	
   82	1293	
   83	1295	
   84	1297	
   85	1299	
   86	1299	
   87	1300	
   88	1302	
   89	1304	
   90	1305	
   91	1307	
   92	1308	
   93	1308	
   94	1309	
   95	1308	
   96	1308	
   97	1308	
   98	1308	
   99	1308	
  100	1307	
  101	1306	
  102	1306	
  103	1304	
  104	1301	
  105	1286	
  106	1250	
  107	1213	
  108	1166	
  109	1149	
  110	1139	
  111	1136	
  112	1136	
  113	1136	
  114	1136	
  115	1136	
  116	1136	
  117	1137	
  118	1136	
  119	1136	
  120	1137	
  121	1136	
  122	1136	
  123	1135	
  124	1134	
  125	1134	
  126	1134	
  127	166	
  128	1	
  129	1	
  130	1	
  131	1	
  132	1	
  133	1	
  134	1	
  135	1	
