    1	-11	
    2	-11	
    3	-11	
    4	-11	
    5	-11	
    6	-11	
    7	-11	
    8	-11	
    9	-11	
   10	-11	
   11	-11	
   12	-11	
   13	-12	
   14	-11	
   15	-11	
   16	-11	
   17	-11	
   18	-12	
   19	-11	
   20	801	
   21	965	
   22	876	
   23	740	
   24	660	
   25	588	
   26	548	
   27	517	
   28	485	
   29	465	
   30	445	
   31	431	
   32	420	
   33	47	
   34	-11	
   35	-11	
   36	-11	
   37	-11	
   38	-11	
   39	-11	
   40	-11	
   41	-12	
   42	-11	
   43	-11	
   44	-11	
   45	-11	
   46	-11	
   47	-11	
   48	-12	
   49	-11	
   50	-11	
   51	-11	
   52	666	
   53	892	
   54	924	
   55	938	
   56	949	
   57	961	
   58	969	
   59	976	
   60	983	
   61	983	
   62	983	
   63	979	
   64	980	
   65	979	
   66	977	
   67	974	
   68	974	
   69	972	
   70	970	
   71	972	
   72	971	
   73	967	
   74	965	
   75	961	
   76	960	
   77	963	
   78	960	
   79	960	
   80	960	
   81	960	
   82	961	
   83	960	
   84	959	
   85	958	
   86	957	
   87	957	
   88	959	
   89	958	
   90	957	
   91	957	
   92	957	
   93	957	
   94	957	
   95	957	
   96	957	
   97	958	
   98	957	
   99	957	
  100	957	
  101	957	
  102	958	
  103	960	
  104	960	
  105	962	
  106	968	
  107	975	
  108	985	
  109	983	
  110	983	
  111	978	
  112	973	
  113	969	
  114	965	
  115	963	
  116	960	
  117	960	
  118	957	
  119	956	
  120	957	
  121	956	
  122	955	
  123	954	
  124	954	
  125	953	
  126	953	
  127	952	
  128	-9	
  129	-11	
  130	-11	
  131	-11	
  132	-11	
  133	-11	
  134	-12	
  135	-11	
  136	-11	
