    1	1	
    2	1	
    3	1	
    4	1	
    5	1	
    6	1	
    7	1	
    8	1	
    9	1	
   10	1	
   11	1	
   12	1	
   13	1	
   14	1	
   15	1	
   16	1	
   17	1	
   18	1	
   19	1	
   20	1	
   21	1	
   22	1	
   23	355	
   24	2047	
   25	2047	
   26	2047	
   27	2047	
   28	2047	
   29	2047	
   30	2047	
   31	2047	
   32	2047	
   33	2047	
   34	2047	
   35	2037	
   36	2016	
   37	6	
   38	1	
   39	1	
   40	1	
   41	1	
   42	1	
   43	1	
   44	1	
   45	1	
   46	1	
   47	1	
   48	1	
   49	1	
   50	1	
   51	1	
   52	1	
   53	1	
   54	1	
   55	842	
   56	1129	
   57	1216	
   58	1211	
   59	1216	
   60	1221	
   61	1225	
   62	1229	
   63	1234	
   64	1238	
   65	1241	
   66	1246	
   67	1249	
   68	1252	
   69	1256	
   70	1258	
   71	1259	
   72	1262	
   73	1269	
   74	1269	
   75	1272	
   76	1273	
   77	1276	
   78	1279	
   79	1281	
   80	1283	
   81	1284	
   82	1286	
   83	1288	
   84	1289	
   85	1290	
   86	1291	
   87	1293	
   88	1294	
   89	1296	
   90	1295	
   91	1296	
   92	1297	
   93	1298	
   94	1303	
   95	1304	
   96	1305	
   97	1306	
   98	1307	
   99	1306	
  100	1308	
  101	1307	
  102	1305	
  103	1306	
  104	1308	
  105	1307	
  106	1306	
  107	1305	
  108	1303	
  109	1283	
  110	1240	
  111	1200	
  112	1162	
  113	1147	
  114	1137	
  115	1134	
  116	1133	
  117	1132	
  118	1130	
  119	1131	
  120	1128	
  121	1130	
  122	1129	
  123	1129	
  124	1129	
  125	1130	
  126	1130	
  127	1130	
  128	1131	
  129	1131	
  130	1130	
  131	166	
  132	1	
  133	1	
  134	1	
  135	1	
  136	1	
  137	1	
  138	1	
  139	1	
