    1	1	
    2	1	
    3	1	
    4	1	
    5	1	
    6	1	
    7	1	
    8	1	
    9	1	
   10	1	
   11	1	
   12	1	
   13	1	
   14	1	
   15	1	
   16	1	
   17	2047	
   18	2047	
   19	2047	
   20	2047	
   21	2047	
   22	2047	
   23	2047	
   24	2047	
   25	2047	
   26	2047	
   27	2047	
   28	2047	
   29	2047	
   30	34	
   31	2	
   32	1	
   33	1	
   34	1	
   35	1	
   36	1	
   37	1	
   38	1	
   39	1	
   40	1	
   41	1	
   42	1	
   43	1	
   44	1	
   45	1	
   46	1	
   47	1	
   48	545	
   49	1042	
   50	1216	
   51	1212	
   52	1216	
   53	1221	
   54	1226	
   55	1232	
   56	1235	
   57	1240	
   58	1242	
   59	1245	
   60	1247	
   61	1249	
   62	1252	
   63	1256	
   64	1257	
   65	1259	
   66	1261	
   67	1264	
   68	1265	
   69	1268	
   70	1270	
   71	1273	
   72	1276	
   73	1277	
   74	1279	
   75	1280	
   76	1280	
   77	1280	
   78	1282	
   79	1285	
   80	1287	
   81	1288	
   82	1290	
   83	1292	
   84	1293	
   85	1296	
   86	1297	
   87	1297	
   88	1300	
   89	1302	
   90	1301	
   91	1302	
   92	1301	
   93	1301	
   94	1302	
   95	1302	
   96	1301	
   97	1301	
   98	1300	
   99	1301	
  100	1300	
  101	1296	
  102	1283	
  103	1236	
  104	1198	
  105	1156	
  106	1139	
  107	1133	
  108	1130	
  109	1129	
  110	1128	
  111	1126	
  112	1126	
  113	1127	
  114	1126	
  115	1129	
  116	1128	
  117	1128	
  118	1128	
  119	1128	
  120	1128	
  121	1127	
  122	1127	
  123	1127	
  124	166	
  125	1	
  126	1	
  127	1	
  128	1	
  129	1	
  130	1	
  131	1	
  132	1	
