    1	-1	
    2	0	
    3	0	
    4	0	
    5	0	
    6	-1	
    7	0	
    8	-1	
    9	0	
   10	-1	
   11	-1	
   12	0	
   13	0	
   14	0	
   15	-1	
   16	-1	
   17	-1	
   18	0	
   19	-60	
   20	-44	
   21	-30	
   22	-25	
   23	-23	
   24	-22	
   25	-21	
   26	-20	
   27	-20	
   28	-19	
   29	-19	
   30	-18	
   31	-18	
   32	2	
   33	-1	
   34	-1	
   35	-1	
   36	-1	
   37	-1	
   38	-1	
   39	-1	
   40	0	
   41	0	
   42	0	
   43	-1	
   44	0	
   45	-1	
   46	-1	
   47	0	
   48	0	
   49	-1	
   50	-59	
   51	-96	
   52	-103	
   53	-103	
   54	-104	
   55	-104	
   56	-105	
   57	-106	
   58	-106	
   59	-107	
   60	-107	
   61	-107	
   62	-108	
   63	-108	
   64	-108	
   65	-108	
   66	-108	
   67	-108	
   68	-108	
   69	-109	
   70	-109	
   71	-109	
   72	-109	
   73	-109	
   74	-109	
   75	-109	
   76	-110	
   77	-109	
   78	-110	
   79	-110	
   80	-109	
   81	-110	
   82	-110	
   83	-110	
   84	-110	
   85	-110	
   86	-110	
   87	-110	
   88	-110	
   89	-110	
   90	-110	
   91	-110	
   92	-110	
   93	-110	
   94	-110	
   95	-110	
   96	-110	
   97	-110	
   98	-110	
   99	-110	
  100	-110	
  101	-110	
  102	-110	
  103	-110	
  104	-108	
  105	-105	
  106	-104	
  107	-103	
  108	-101	
  109	-101	
  110	-100	
  111	-100	
  112	-100	
  113	-100	
  114	-100	
  115	-100	
  116	-100	
  117	-100	
  118	-100	
  119	-100	
  120	-100	
  121	-100	
  122	-100	
  123	-100	
  124	-100	
  125	-99	
  126	0	
  127	-1	
  128	-1	
  129	0	
  130	0	
  131	-1	
  132	0	
  133	-1	
  134	-1	
