    1	0	
    2	-1	
    3	0	
    4	0	
    5	0	
    6	0	
    7	-1	
    8	0	
    9	-1	
   10	-1	
   11	-1	
   12	-1	
   13	0	
   14	-1	
   15	0	
   16	0	
   17	0	
   18	-1	
   19	-1	
   20	-1	
   21	-76	
   22	-44	
   23	-31	
   24	-25	
   25	-23	
   26	-22	
   27	-21	
   28	-20	
   29	-19	
   30	-19	
   31	-19	
   32	-18	
   33	-18	
   34	2	
   35	-1	
   36	0	
   37	0	
   38	0	
   39	-1	
   40	-1	
   41	-1	
   42	-1	
   43	-1	
   44	0	
   45	0	
   46	0	
   47	0	
   48	-1	
   49	-1	
   50	-1	
   51	-1	
   52	-1	
   53	-60	
   54	-101	
   55	-102	
   56	-103	
   57	-103	
   58	-104	
   59	-105	
   60	-106	
   61	-106	
   62	-106	
   63	-107	
   64	-107	
   65	-107	
   66	-107	
   67	-107	
   68	-108	
   69	-107	
   70	-107	
   71	-108	
   72	-108	
   73	-108	
   74	-108	
   75	-108	
   76	-108	
   77	-108	
   78	-108	
   79	-108	
   80	-108	
   81	-108	
   82	-108	
   83	-108	
   84	-108	
   85	-109	
   86	-108	
   87	-108	
   88	-108	
   89	-109	
   90	-109	
   91	-109	
   92	-109	
   93	-108	
   94	-109	
   95	-109	
   96	-109	
   97	-109	
   98	-109	
   99	-109	
  100	-109	
  101	-109	
  102	-109	
  103	-109	
  104	-109	
  105	-109	
  106	-109	
  107	-108	
  108	-106	
  109	-104	
  110	-103	
  111	-102	
  112	-101	
  113	-101	
  114	-100	
  115	-100	
  116	-100	
  117	-100	
  118	-100	
  119	-100	
  120	-100	
  121	-100	
  122	-100	
  123	-100	
  124	-100	
  125	-100	
  126	-99	
  127	-100	
  128	-100	
  129	0	
  130	0	
  131	-1	
  132	0	
  133	0	
  134	0	
  135	-1	
  136	-1	
  137	-1	
