    1	-12	
    2	-11	
    3	-12	
    4	-11	
    5	-11	
    6	-11	
    7	-11	
    8	-11	
    9	-11	
   10	-11	
   11	-11	
   12	-12	
   13	-11	
   14	-12	
   15	-11	
   16	-11	
   17	-11	
   18	-11	
   19	-12	
   20	-12	
   21	858	
   22	975	
   23	850	
   24	719	
   25	644	
   26	589	
   27	541	
   28	512	
   29	483	
   30	464	
   31	448	
   32	431	
   33	420	
   34	-4	
   35	-11	
   36	-11	
   37	-11	
   38	-11	
   39	-11	
   40	-11	
   41	-11	
   42	-11	
   43	-11	
   44	-12	
   45	-11	
   46	-11	
   47	-12	
   48	-12	
   49	-12	
   50	-11	
   51	385	
   52	698	
   53	907	
   54	929	
   55	944	
   56	957	
   57	964	
   58	973	
   59	978	
   60	978	
   61	977	
   62	975	
   63	974	
   64	971	
   65	969	
   66	967	
   67	968	
   68	966	
   69	964	
   70	962	
   71	960	
   72	958	
   73	956	
   74	955	
   75	954	
   76	953	
   77	951	
   78	950	
   79	950	
   80	949	
   81	950	
   82	949	
   83	949	
   84	950	
   85	951	
   86	951	
   87	951	
   88	950	
   89	950	
   90	950	
   91	949	
   92	949	
   93	949	
   94	950	
   95	949	
   96	950	
   97	949	
   98	949	
   99	950	
  100	954	
  101	952	
  102	950	
  103	952	
  104	954	
  105	960	
  106	974	
  107	990	
  108	986	
  109	984	
  110	978	
  111	973	
  112	969	
  113	966	
  114	965	
  115	964	
  116	961	
  117	960	
  118	960	
  119	961	
  120	961	
  121	960	
  122	958	
  123	958	
  124	958	
  125	958	
  126	958	
  127	959	
  128	-11	
  129	-11	
  130	-11	
  131	-11	
  132	-11	
  133	-12	
  134	-11	
  135	-11	
