    1	-1	
    2	0	
    3	-1	
    4	0	
    5	0	
    6	0	
    7	-1	
    8	0	
    9	0	
   10	0	
   11	-1	
   12	-1	
   13	-1	
   14	-1	
   15	-1	
   16	-1	
   17	-1	
   18	-1	
   19	-1	
   20	-1	
   21	-1	
   22	-1	
   23	0	
   24	-55	
   25	-38	
   26	-28	
   27	-25	
   28	-23	
   29	-21	
   30	-20	
   31	-20	
   32	-20	
   33	-19	
   34	-19	
   35	-18	
   36	-18	
   37	0	
   38	-1	
   39	0	
   40	0	
   41	0	
   42	-1	
   43	-1	
   44	-1	
   45	0	
   46	-1	
   47	0	
   48	-1	
   49	0	
   50	-1	
   51	-1	
   52	-1	
   53	0	
   54	31	
   55	-77	
   56	-102	
   57	-103	
   58	-103	
   59	-104	
   60	-104	
   61	-105	
   62	-106	
   63	-106	
   64	-107	
   65	-107	
   66	-107	
   67	-108	
   68	-108	
   69	-108	
   70	-108	
   71	-108	
   72	-108	
   73	-108	
   74	-108	
   75	-107	
   76	-108	
   77	-108	
   78	-108	
   79	-108	
   80	-108	
   81	-108	
   82	-108	
   83	-108	
   84	-108	
   85	-108	
   86	-108	
   87	-108	
   88	-109	
   89	-109	
   90	-109	
   91	-109	
   92	-109	
   93	-109	
   94	-109	
   95	-109	
   96	-109	
   97	-109	
   98	-109	
   99	-109	
  100	-109	
  101	-109	
  102	-109	
  103	-109	
  104	-109	
  105	-109	
  106	-109	
  107	-109	
  108	-109	
  109	-107	
  110	-106	
  111	-104	
  112	-103	
  113	-102	
  114	-102	
  115	-101	
  116	-101	
  117	-100	
  118	-101	
  119	-101	
  120	-100	
  121	-100	
  122	-100	
  123	-100	
  124	-100	
  125	-100	
  126	-100	
  127	-100	
  128	-100	
  129	-100	
  130	-100	
  131	-1	
  132	-1	
  133	-1	
  134	0	
  135	-1	
  136	-1	
  137	-1	
  138	0	
