    1	-11	
    2	-11	
    3	-11	
    4	-11	
    5	-11	
    6	-11	
    7	-11	
    8	-11	
    9	-11	
   10	-11	
   11	-12	
   12	-12	
   13	-11	
   14	-12	
   15	-12	
   16	-12	
   17	-12	
   18	-12	
   19	798	
   20	966	
   21	873	
   22	735	
   23	655	
   24	596	
   25	543	
   26	511	
   27	483	
   28	464	
   29	450	
   30	433	
   31	420	
   32	47	
   33	-11	
   34	-11	
   35	-11	
   36	-11	
   37	-11	
   38	-11	
   39	-11	
   40	-11	
   41	-11	
   42	-12	
   43	-12	
   44	-12	
   45	-12	
   46	-12	
   47	-12	
   48	-12	
   49	647	
   50	855	
   51	920	
   52	939	
   53	950	
   54	960	
   55	968	
   56	975	
   57	976	
   58	976	
   59	977	
   60	978	
   61	976	
   62	975	
   63	974	
   64	972	
   65	972	
   66	970	
   67	967	
   68	967	
   69	967	
   70	967	
   71	966	
   72	964	
   73	964	
   74	961	
   75	960	
   76	961	
   77	960	
   78	960	
   79	960	
   80	960	
   81	960	
   82	960	
   83	959	
   84	960	
   85	958	
   86	958	
   87	958	
   88	958	
   89	959	
   90	960	
   91	959	
   92	957	
   93	957	
   94	957	
   95	960	
   96	958	
   97	958	
   98	958	
   99	958	
  100	960	
  101	961	
  102	966	
  103	972	
  104	982	
  105	981	
  106	981	
  107	980	
  108	977	
  109	970	
  110	967	
  111	964	
  112	962	
  113	960	
  114	960	
  115	960	
  116	957	
  117	957	
  118	956	
  119	956	
  120	955	
  121	955	
  122	956	
  123	955	
  124	955	
  125	5	
  126	-11	
  127	-11	
  128	-12	
  129	-11	
  130	-11	
  131	-12	
  132	-12	
  133	-11	
