    1	-11	
    2	-11	
    3	-11	
    4	-11	
    5	-11	
    6	-11	
    7	-11	
    8	-11	
    9	-11	
   10	-11	
   11	-12	
   12	-12	
   13	-12	
   14	-11	
   15	-12	
   16	-11	
   17	-12	
   18	-12	
   19	-11	
   20	-11	
   21	170	
   22	866	
   23	965	
   24	816	
   25	717	
   26	627	
   27	577	
   28	540	
   29	504	
   30	481	
   31	459	
   32	444	
   33	431	
   34	416	
   35	-4	
   36	-11	
   37	-11	
   38	-12	
   39	-11	
   40	-11	
   41	-11	
   42	-11	
   43	-12	
   44	-12	
   45	-12	
   46	-11	
   47	-12	
   48	-11	
   49	-12	
   50	-12	
   51	-12	
   52	394	
   53	688	
   54	866	
   55	933	
   56	948	
   57	960	
   58	968	
   59	976	
   60	982	
   61	988	
   62	989	
   63	988	
   64	986	
   65	987	
   66	980	
   67	976	
   68	976	
   69	973	
   70	971	
   71	971	
   72	970	
   73	970	
   74	968	
   75	967	
   76	968	
   77	966	
   78	966	
   79	963	
   80	962	
   81	965	
   82	965	
   83	964	
   84	963	
   85	963	
   86	963	
   87	963	
   88	962	
   89	962	
   90	963	
   91	964	
   92	963	
   93	963	
   94	962	
   95	962	
   96	962	
   97	962	
   98	963	
   99	964	
  100	965	
  101	965	
  102	965	
  103	965	
  104	966	
  105	968	
  106	977	
  107	984	
  108	998	
  109	992	
  110	989	
  111	986	
  112	982	
  113	979	
  114	977	
  115	975	
  116	973	
  117	973	
  118	971	
  119	970	
  120	971	
  121	970	
  122	969	
  123	971	
  124	969	
  125	969	
  126	969	
  127	969	
  128	128	
  129	-11	
  130	-11	
  131	-11	
  132	-11	
  133	-11	
  134	-12	
  135	-12	
  136	-12	
