    1	-1	
    2	0	
    3	-1	
    4	0	
    5	0	
    6	0	
    7	-1	
    8	-1	
    9	-1	
   10	-1	
   11	-2	
   12	-1	
   13	-1	
   14	-1	
   15	-2	
   16	-1	
   17	0	
   18	-1	
   19	-1	
   20	-1	
   21	-1	
   22	-1	
   23	-22	
   24	-52	
   25	-37	
   26	-28	
   27	-24	
   28	-23	
   29	-21	
   30	-20	
   31	-20	
   32	-19	
   33	-19	
   34	-18	
   35	-18	
   36	-18	
   37	-1	
   38	0	
   39	0	
   40	0	
   41	0	
   42	-1	
   43	0	
   44	0	
   45	0	
   46	0	
   47	-1	
   48	-1	
   49	-1	
   50	-1	
   51	-1	
   52	-1	
   53	0	
   54	-1	
   55	-16	
   56	-90	
   57	-102	
   58	-102	
   59	-103	
   60	-104	
   61	-104	
   62	-104	
   63	-105	
   64	-106	
   65	-106	
   66	-106	
   67	-106	
   68	-107	
   69	-107	
   70	-107	
   71	-107	
   72	-108	
   73	-108	
   74	-108	
   75	-108	
   76	-108	
   77	-108	
   78	-108	
   79	-108	
   80	-108	
   81	-108	
   82	-108	
   83	-108	
   84	-108	
   85	-108	
   86	-108	
   87	-108	
   88	-108	
   89	-109	
   90	-109	
   91	-109	
   92	-109	
   93	-109	
   94	-109	
   95	-109	
   96	-109	
   97	-109	
   98	-109	
   99	-109	
  100	-109	
  101	-109	
  102	-109	
  103	-109	
  104	-109	
  105	-109	
  106	-109	
  107	-109	
  108	-109	
  109	-108	
  110	-106	
  111	-104	
  112	-103	
  113	-102	
  114	-101	
  115	-100	
  116	-100	
  117	-100	
  118	-100	
  119	-100	
  120	-99	
  121	-99	
  122	-99	
  123	-99	
  124	-99	
  125	-99	
  126	-99	
  127	-99	
  128	-99	
  129	-99	
  130	-100	
  131	-7	
  132	-2	
  133	-1	
  134	-1	
  135	0	
  136	-1	
  137	0	
  138	-1	
  139	-1	
