    1	1	
    2	1	
    3	1	
    4	1	
    5	1	
    6	1	
    7	1	
    8	1	
    9	1	
   10	1	
   11	1	
   12	1	
   13	1	
   14	1	
   15	1	
   16	1	
   17	1	
   18	1	
   19	1	
   20	1	
   21	1	
   22	1	
   23	635	
   24	2047	
   25	2047	
   26	2047	
   27	2047	
   28	2047	
   29	2047	
   30	2047	
   31	2047	
   32	2047	
   33	2047	
   34	2047	
   35	2047	
   36	2032	
   37	6	
   38	1	
   39	1	
   40	1	
   41	1	
   42	1	
   43	1	
   44	1	
   45	1	
   46	1	
   47	1	
   48	1	
   49	1	
   50	1	
   51	1	
   52	1	
   53	1	
   54	1	
   55	1	
   56	844	
   57	1133	
   58	1224	
   59	1219	
   60	1221	
   61	1229	
   62	1235	
   63	1240	
   64	1244	
   65	1247	
   66	1249	
   67	1251	
   68	1254	
   69	1254	
   70	1257	
   71	1260	
   72	1263	
   73	1266	
   74	1268	
   75	1269	
   76	1273	
   77	1274	
   78	1275	
   79	1277	
   80	1276	
   81	1279	
   82	1279	
   83	1281	
   84	1283	
   85	1285	
   86	1288	
   87	1289	
   88	1293	
   89	1294	
   90	1294	
   91	1296	
   92	1297	
   93	1299	
   94	1300	
   95	1301	
   96	1302	
   97	1303	
   98	1303	
   99	1303	
  100	1304	
  101	1304	
  102	1303	
  103	1304	
  104	1302	
  105	1301	
  106	1301	
  107	1300	
  108	1300	
  109	1294	
  110	1278	
  111	1236	
  112	1200	
  113	1170	
  114	1149	
  115	1143	
  116	1137	
  117	1135	
  118	1134	
  119	1135	
  120	1135	
  121	1134	
  122	1135	
  123	1136	
  124	1136	
  125	1134	
  126	1133	
  127	1134	
  128	1136	
  129	1133	
  130	1134	
  131	1134	
  132	19	
  133	1	
  134	1	
  135	1	
  136	1	
  137	1	
  138	1	
  139	1	
  140	1	
