    1	-12	
    2	-11	
    3	-11	
    4	-11	
    5	-11	
    6	-11	
    7	-11	
    8	-11	
    9	-11	
   10	-11	
   11	-12	
   12	-11	
   13	-12	
   14	-12	
   15	-12	
   16	-12	
   17	-12	
   18	-12	
   19	-12	
   20	-12	
   21	-12	
   22	-12	
   23	156	
   24	914	
   25	942	
   26	823	
   27	702	
   28	630	
   29	569	
   30	533	
   31	506	
   32	477	
   33	460	
   34	442	
   35	430	
   36	419	
   37	-11	
   38	-11	
   39	-12	
   40	-12	
   41	-11	
   42	-11	
   43	-11	
   44	-11	
   45	-11	
   46	-12	
   47	-11	
   48	-12	
   49	-12	
   50	-12	
   51	-11	
   52	-11	
   53	-12	
   54	-12	
   55	-12	
   56	584	
   57	786	
   58	925	
   59	944	
   60	953	
   61	967	
   62	976	
   63	984	
   64	989	
   65	991	
   66	991	
   67	989	
   68	987	
   69	982	
   70	980	
   71	977	
   72	976	
   73	975	
   74	973	
   75	970	
   76	970	
   77	968	
   78	965	
   79	964	
   80	961	
   81	961	
   82	960	
   83	958	
   84	958	
   85	960	
   86	960	
   87	960	
   88	960	
   89	960	
   90	959	
   91	958	
   92	960	
   93	960	
   94	960	
   95	960	
   96	960	
   97	960	
   98	960	
   99	960	
  100	960	
  101	961	
  102	960	
  103	961	
  104	960	
  105	960	
  106	960	
  107	960	
  108	961	
  109	965	
  110	973	
  111	988	
  112	998	
  113	999	
  114	990	
  115	989	
  116	983	
  117	978	
  118	975	
  119	974	
  120	972	
  121	971	
  122	969	
  123	970	
  124	969	
  125	967	
  126	965	
  127	965	
  128	968	
  129	965	
  130	965	
  131	965	
  132	5	
  133	-11	
  134	-11	
  135	-11	
  136	-11	
  137	-11	
  138	-12	
  139	-11	
  140	-12	
