    1	-1	
    2	-1	
    3	-1	
    4	-1	
    5	-1	
    6	-1	
    7	0	
    8	0	
    9	0	
   10	0	
   11	-1	
   12	0	
   13	0	
   14	-1	
   15	-1	
   16	0	
   17	-1	
   18	-1	
   19	-1	
   20	-1	
   21	0	
   22	-1	
   23	-21	
   24	-51	
   25	-36	
   26	-28	
   27	-24	
   28	-23	
   29	-21	
   30	-20	
   31	-19	
   32	-19	
   33	-19	
   34	-18	
   35	-18	
   36	2	
   37	-1	
   38	-1	
   39	-1	
   40	0	
   41	-1	
   42	0	
   43	0	
   44	0	
   45	-1	
   46	0	
   47	0	
   48	-1	
   49	0	
   50	-1	
   51	0	
   52	0	
   53	-1	
   54	-67	
   55	-102	
   56	-103	
   57	-104	
   58	-104	
   59	-105	
   60	-105	
   61	-106	
   62	-106	
   63	-106	
   64	-107	
   65	-107	
   66	-107	
   67	-108	
   68	-107	
   69	-107	
   70	-107	
   71	-107	
   72	-107	
   73	-107	
   74	-108	
   75	-108	
   76	-108	
   77	-108	
   78	-108	
   79	-108	
   80	-108	
   81	-108	
   82	-108	
   83	-108	
   84	-108	
   85	-108	
   86	-108	
   87	-108	
   88	-108	
   89	-108	
   90	-108	
   91	-108	
   92	-108	
   93	-109	
   94	-109	
   95	-109	
   96	-109	
   97	-109	
   98	-109	
   99	-109	
  100	-109	
  101	-109	
  102	-109	
  103	-109	
  104	-109	
  105	-109	
  106	-108	
  107	-108	
  108	-106	
  109	-104	
  110	-103	
  111	-102	
  112	-101	
  113	-101	
  114	-101	
  115	-101	
  116	-101	
  117	-101	
  118	-100	
  119	-100	
  120	-100	
  121	-100	
  122	-100	
  123	-100	
  124	-100	
  125	-100	
  126	-100	
  127	-100	
  128	-100	
  129	-1	
  130	0	
  131	0	
  132	-1	
  133	-1	
  134	-1	
  135	-1	
  136	0	
  137	0	
