    1	1	
    2	1	
    3	1	
    4	1	
    5	1	
    6	1	
    7	1	
    8	1	
    9	1	
   10	1	
   11	1	
   12	1	
   13	1	
   14	1	
   15	1	
   16	1	
   17	1	
   18	1	
   19	1	
   20	1	
   21	1	
   22	619	
   23	2047	
   24	2047	
   25	2047	
   26	2047	
   27	2047	
   28	2047	
   29	2047	
   30	2047	
   31	2047	
   32	2047	
   33	2047	
   34	2022	
   35	2000	
   36	34	
   37	1	
   38	1	
   39	1	
   40	1	
   41	1	
   42	1	
   43	1	
   44	1	
   45	1	
   46	1	
   47	1	
   48	1	
   49	1	
   50	1	
   51	1	
   52	1	
   53	550	
   54	1044	
   55	1216	
   56	1216	
   57	1220	
   58	1224	
   59	1228	
   60	1234	
   61	1238	
   62	1241	
   63	1244	
   64	1248	
   65	1251	
   66	1253	
   67	1257	
   68	1260	
   69	1263	
   70	1265	
   71	1268	
   72	1270	
   73	1272	
   74	1274	
   75	1275	
   76	1277	
   77	1279	
   78	1281	
   79	1282	
   80	1284	
   81	1286	
   82	1291	
   83	1292	
   84	1293	
   85	1294	
   86	1294	
   87	1295	
   88	1296	
   89	1297	
   90	1298	
   91	1299	
   92	1300	
   93	1302	
   94	1302	
   95	1302	
   96	1302	
   97	1303	
   98	1303	
   99	1303	
  100	1304	
  101	1304	
  102	1303	
  103	1301	
  104	1300	
  105	1299	
  106	1294	
  107	1275	
  108	1231	
  109	1185	
  110	1152	
  111	1140	
  112	1136	
  113	1134	
  114	1134	
  115	1133	
  116	1133	
  117	1133	
  118	1132	
  119	1134	
  120	1134	
  121	1133	
  122	1132	
  123	1133	
  124	1132	
  125	1132	
  126	1131	
  127	1130	
  128	1133	
  129	2	
  130	1	
  131	1	
  132	1	
  133	1	
  134	1	
  135	1	
  136	1	
  137	1	
