    1	1	
    2	1	
    3	1	
    4	1	
    5	1	
    6	1	
    7	1	
    8	1	
    9	1	
   10	1	
   11	1	
   12	1	
   13	1	
   14	1	
   15	1	
   16	1	
   17	1	
   18	1	
   19	1	
   20	2047	
   21	2047	
   22	2047	
   23	2047	
   24	2047	
   25	2047	
   26	2047	
   27	2047	
   28	2047	
   29	2047	
   30	2047	
   31	2047	
   32	2022	
   33	287	
   34	2	
   35	1	
   36	1	
   37	1	
   38	1	
   39	1	
   40	1	
   41	1	
   42	1	
   43	1	
   44	1	
   45	1	
   46	1	
   47	1	
   48	1	
   49	1	
   50	1	
   51	1	
   52	1049	
   53	1219	
   54	1216	
   55	1217	
   56	1223	
   57	1227	
   58	1232	
   59	1236	
   60	1240	
   61	1243	
   62	1247	
   63	1248	
   64	1250	
   65	1251	
   66	1253	
   67	1256	
   68	1258	
   69	1262	
   70	1264	
   71	1265	
   72	1269	
   73	1272	
   74	1276	
   75	1276	
   76	1279	
   77	1280	
   78	1280	
   79	1284	
   80	1285	
   81	1288	
   82	1290	
   83	1293	
   84	1294	
   85	1294	
   86	1294	
   87	1296	
   88	1295	
   89	1297	
   90	1297	
   91	1297	
   92	1298	
   93	1298	
   94	1298	
   95	1298	
   96	1297	
   97	1297	
   98	1297	
   99	1297	
  100	1297	
  101	1297	
  102	1296	
  103	1296	
  104	1292	
  105	1283	
  106	1254	
  107	1198	
  108	1162	
  109	1144	
  110	1137	
  111	1133	
  112	1132	
  113	1132	
  114	1132	
  115	1132	
  116	1131	
  117	1131	
  118	1131	
  119	1132	
  120	1132	
  121	1132	
  122	1132	
  123	1132	
  124	1133	
  125	1133	
  126	1132	
  127	1131	
  128	4	
  129	1	
  130	1	
  131	1	
  132	1	
  133	1	
  134	1	
  135	1	
  136	1	
