    1	1	
    2	1	
    3	1	
    4	1	
    5	1	
    6	1	
    7	1	
    8	1	
    9	1	
   10	1	
   11	1	
   12	1	
   13	1	
   14	1	
   15	1	
   16	1	
   17	1	
   18	1	
   19	1	
   20	1	
   21	1	
   22	2047	
   23	2047	
   24	2047	
   25	2047	
   26	2047	
   27	2047	
   28	2047	
   29	2047	
   30	2047	
   31	2047	
   32	2047	
   33	2028	
   34	2006	
   35	285	
   36	1	
   37	1	
   38	1	
   39	1	
   40	1	
   41	1	
   42	1	
   43	1	
   44	1	
   45	1	
   46	1	
   47	1	
   48	1	
   49	1	
   50	1	
   51	1	
   52	1	
   53	1040	
   54	1173	
   55	1214	
   56	1211	
   57	1217	
   58	1224	
   59	1229	
   60	1234	
   61	1237	
   62	1240	
   63	1245	
   64	1246	
   65	1251	
   66	1253	
   67	1255	
   68	1262	
   69	1264	
   70	1269	
   71	1271	
   72	1272	
   73	1274	
   74	1276	
   75	1277	
   76	1280	
   77	1283	
   78	1288	
   79	1289	
   80	1289	
   81	1289	
   82	1291	
   83	1291	
   84	1292	
   85	1292	
   86	1293	
   87	1293	
   88	1295	
   89	1296	
   90	1297	
   91	1298	
   92	1299	
   93	1298	
   94	1299	
   95	1299	
   96	1299	
   97	1299	
   98	1299	
   99	1301	
  100	1302	
  101	1302	
  102	1302	
  103	1301	
  104	1298	
  105	1292	
  106	1275	
  107	1231	
  108	1188	
  109	1154	
  110	1141	
  111	1137	
  112	1136	
  113	1134	
  114	1135	
  115	1135	
  116	1136	
  117	1136	
  118	1136	
  119	1136	
  120	1137	
  121	1140	
  122	1137	
  123	1137	
  124	1140	
  125	1140	
  126	1140	
  127	1139	
  128	4	
  129	1	
  130	1	
  131	1	
  132	1	
  133	1	
  134	1	
  135	1	
  136	1	
