    1	-1	
    2	0	
    3	0	
    4	0	
    5	0	
    6	0	
    7	0	
    8	0	
    9	-1	
   10	0	
   11	0	
   12	0	
   13	0	
   14	0	
   15	-1	
   16	0	
   17	-1	
   18	-1	
   19	0	
   20	0	
   21	0	
   22	-19	
   23	-54	
   24	-42	
   25	-28	
   26	-25	
   27	-23	
   28	-22	
   29	-21	
   30	-20	
   31	-19	
   32	-19	
   33	-18	
   34	-18	
   35	-18	
   36	-1	
   37	-1	
   38	-1	
   39	-1	
   40	-1	
   41	0	
   42	0	
   43	0	
   44	-1	
   45	0	
   46	0	
   47	0	
   48	0	
   49	0	
   50	0	
   51	-1	
   52	0	
   53	30	
   54	-67	
   55	-102	
   56	-103	
   57	-104	
   58	-104	
   59	-105	
   60	-106	
   61	-106	
   62	-107	
   63	-107	
   64	-107	
   65	-108	
   66	-108	
   67	-108	
   68	-108	
   69	-108	
   70	-109	
   71	-109	
   72	-109	
   73	-109	
   74	-109	
   75	-109	
   76	-109	
   77	-109	
   78	-109	
   79	-109	
   80	-109	
   81	-109	
   82	-110	
   83	-110	
   84	-110	
   85	-110	
   86	-110	
   87	-110	
   88	-110	
   89	-110	
   90	-110	
   91	-110	
   92	-110	
   93	-110	
   94	-110	
   95	-110	
   96	-110	
   97	-110	
   98	-110	
   99	-110	
  100	-110	
  101	-110	
  102	-110	
  103	-110	
  104	-110	
  105	-110	
  106	-109	
  107	-108	
  108	-106	
  109	-104	
  110	-102	
  111	-102	
  112	-101	
  113	-101	
  114	-101	
  115	-100	
  116	-101	
  117	-100	
  118	-100	
  119	-100	
  120	-100	
  121	-100	
  122	-100	
  123	-100	
  124	-100	
  125	-100	
  126	-100	
  127	-99	
  128	-100	
  129	0	
  130	-1	
  131	0	
  132	-1	
  133	0	
  134	0	
  135	-1	
  136	-1	
  137	-1	
