    1	0	
    2	-1	
    3	0	
    4	0	
    5	0	
    6	0	
    7	0	
    8	0	
    9	0	
   10	-1	
   11	-1	
   12	-1	
   13	-1	
   14	-1	
   15	-1	
   16	-1	
   17	-1	
   18	-1	
   19	-1	
   20	-1	
   21	-1	
   22	-63	
   23	-43	
   24	-30	
   25	-25	
   26	-23	
   27	-22	
   28	-21	
   29	-20	
   30	-20	
   31	-19	
   32	-19	
   33	-18	
   34	-18	
   35	-1	
   36	-1	
   37	-1	
   38	-1	
   39	-1	
   40	-1	
   41	-1	
   42	-1	
   43	0	
   44	-1	
   45	-1	
   46	-1	
   47	0	
   48	0	
   49	-1	
   50	-1	
   51	-1	
   52	-1	
   53	-67	
   54	-101	
   55	-102	
   56	-103	
   57	-104	
   58	-104	
   59	-104	
   60	-105	
   61	-106	
   62	-106	
   63	-107	
   64	-107	
   65	-107	
   66	-107	
   67	-108	
   68	-108	
   69	-108	
   70	-108	
   71	-108	
   72	-108	
   73	-108	
   74	-108	
   75	-109	
   76	-109	
   77	-108	
   78	-108	
   79	-109	
   80	-109	
   81	-109	
   82	-109	
   83	-109	
   84	-109	
   85	-109	
   86	-109	
   87	-109	
   88	-109	
   89	-109	
   90	-109	
   91	-109	
   92	-109	
   93	-109	
   94	-109	
   95	-109	
   96	-109	
   97	-109	
   98	-109	
   99	-109	
  100	-109	
  101	-109	
  102	-109	
  103	-109	
  104	-108	
  105	-108	
  106	-108	
  107	-106	
  108	-103	
  109	-102	
  110	-101	
  111	-101	
  112	-101	
  113	-101	
  114	-101	
  115	-100	
  116	-101	
  117	-101	
  118	-101	
  119	-101	
  120	-100	
  121	-100	
  122	-100	
  123	-100	
  124	-100	
  125	-100	
  126	-100	
  127	-100	
  128	0	
  129	0	
  130	-1	
  131	-1	
  132	-1	
  133	-1	
  134	0	
  135	-1	
  136	-1	
