    1	1	
    2	1	
    3	1	
    4	1	
    5	1	
    6	1	
    7	1	
    8	1	
    9	1	
   10	1	
   11	1	
   12	1	
   13	1	
   14	1	
   15	1	
   16	1	
   17	1	
   18	1	
   19	1	
   20	1	
   21	2047	
   22	2047	
   23	2047	
   24	2047	
   25	2047	
   26	2047	
   27	2047	
   28	2047	
   29	2047	
   30	2047	
   31	2047	
   32	2030	
   33	2010	
   34	33	
   35	1	
   36	1	
   37	1	
   38	1	
   39	1	
   40	1	
   41	1	
   42	1	
   43	1	
   44	1	
   45	1	
   46	1	
   47	1	
   48	1	
   49	1	
   50	1	
   51	1	
   52	549	
   53	1045	
   54	1206	
   55	1217	
   56	1219	
   57	1225	
   58	1229	
   59	1235	
   60	1240	
   61	1241	
   62	1246	
   63	1248	
   64	1252	
   65	1255	
   66	1257	
   67	1259	
   68	1260	
   69	1263	
   70	1265	
   71	1267	
   72	1267	
   73	1272	
   74	1274	
   75	1276	
   76	1277	
   77	1280	
   78	1281	
   79	1282	
   80	1284	
   81	1286	
   82	1287	
   83	1288	
   84	1288	
   85	1289	
   86	1292	
   87	1293	
   88	1295	
   89	1298	
   90	1302	
   91	1304	
   92	1304	
   93	1304	
   94	1304	
   95	1303	
   96	1304	
   97	1303	
   98	1304	
   99	1302	
  100	1303	
  101	1302	
  102	1303	
  103	1304	
  104	1303	
  105	1296	
  106	1275	
  107	1232	
  108	1187	
  109	1149	
  110	1141	
  111	1137	
  112	1134	
  113	1135	
  114	1136	
  115	1135	
  116	1136	
  117	1136	
  118	1135	
  119	1135	
  120	1135	
  121	1136	
  122	1134	
  123	1134	
  124	1134	
  125	1132	
  126	1134	
  127	1133	
  128	1134	
  129	1	
  130	1	
  131	1	
  132	1	
  133	1	
  134	1	
  135	1	
  136	1	
