    1	1	
    2	1	
    3	1	
    4	1	
    5	1	
    6	1	
    7	1	
    8	1	
    9	1	
   10	1	
   11	1	
   12	1	
   13	1	
   14	1	
   15	1	
   16	1	
   17	1	
   18	1	
   19	1	
   20	1	
   21	1	
   22	2047	
   23	2047	
   24	2047	
   25	2047	
   26	2047	
   27	2047	
   28	2047	
   29	2047	
   30	2047	
   31	2047	
   32	2047	
   33	2047	
   34	2017	
   35	35	
   36	2	
   37	1	
   38	1	
   39	1	
   40	1	
   41	1	
   42	1	
   43	1	
   44	1	
   45	1	
   46	1	
   47	1	
   48	1	
   49	1	
   50	1	
   51	1	
   52	1	
   53	542	
   54	1093	
   55	1211	
   56	1208	
   57	1216	
   58	1220	
   59	1225	
   60	1229	
   61	1234	
   62	1239	
   63	1241	
   64	1245	
   65	1246	
   66	1249	
   67	1252	
   68	1254	
   69	1255	
   70	1257	
   71	1257	
   72	1260	
   73	1265	
   74	1268	
   75	1271	
   76	1273	
   77	1275	
   78	1277	
   79	1278	
   80	1280	
   81	1284	
   82	1286	
   83	1285	
   84	1287	
   85	1288	
   86	1289	
   87	1292	
   88	1293	
   89	1294	
   90	1295	
   91	1296	
   92	1297	
   93	1299	
   94	1299	
   95	1298	
   96	1297	
   97	1299	
   98	1298	
   99	1299	
  100	1301	
  101	1302	
  102	1303	
  103	1303	
  104	1303	
  105	1302	
  106	1300	
  107	1288	
  108	1240	
  109	1194	
  110	1161	
  111	1142	
  112	1138	
  113	1134	
  114	1133	
  115	1132	
  116	1133	
  117	1133	
  118	1134	
  119	1136	
  120	1134	
  121	1133	
  122	1132	
  123	1132	
  124	1130	
  125	1132	
  126	1130	
  127	1131	
  128	1131	
  129	1134	
  130	1	
  131	1	
  132	1	
  133	1	
  134	1	
  135	1	
  136	1	
  137	1	
