    1	1	
    2	1	
    3	1	
    4	1	
    5	1	
    6	1	
    7	1	
    8	1	
    9	1	
   10	1	
   11	1	
   12	1	
   13	1	
   14	1	
   15	1	
   16	1	
   17	1	
   18	1	
   19	1	
   20	1	
   21	1	
   22	1	
   23	492	
   24	2047	
   25	2047	
   26	2047	
   27	2047	
   28	2047	
   29	2047	
   30	2047	
   31	2047	
   32	2047	
   33	2047	
   34	2047	
   35	2031	
   36	2011	
   37	32	
   38	1	
   39	1	
   40	1	
   41	1	
   42	1	
   43	1	
   44	1	
   45	1	
   46	1	
   47	1	
   48	1	
   49	1	
   50	1	
   51	1	
   52	1	
   53	1	
   54	537	
   55	1101	
   56	1212	
   57	1221	
   58	1221	
   59	1222	
   60	1228	
   61	1234	
   62	1239	
   63	1244	
   64	1247	
   65	1249	
   66	1250	
   67	1253	
   68	1256	
   69	1256	
   70	1260	
   71	1263	
   72	1265	
   73	1268	
   74	1271	
   75	1274	
   76	1275	
   77	1277	
   78	1276	
   79	1280	
   80	1282	
   81	1283	
   82	1285	
   83	1287	
   84	1288	
   85	1290	
   86	1291	
   87	1293	
   88	1295	
   89	1296	
   90	1298	
   91	1299	
   92	1299	
   93	1300	
   94	1301	
   95	1302	
   96	1302	
   97	1301	
   98	1301	
   99	1301	
  100	1302	
  101	1301	
  102	1302	
  103	1304	
  104	1302	
  105	1302	
  106	1300	
  107	1297	
  108	1278	
  109	1241	
  110	1194	
  111	1155	
  112	1143	
  113	1138	
  114	1137	
  115	1136	
  116	1135	
  117	1135	
  118	1134	
  119	1134	
  120	1136	
  121	1136	
  122	1136	
  123	1136	
  124	1137	
  125	1136	
  126	1134	
  127	1136	
  128	1136	
  129	1138	
  130	1136	
  131	2	
  132	1	
  133	1	
  134	1	
  135	1	
  136	1	
  137	1	
  138	1	
