    1	-11	
    2	-11	
    3	-11	
    4	-11	
    5	-11	
    6	-11	
    7	-11	
    8	-11	
    9	-11	
   10	-11	
   11	-11	
   12	-11	
   13	-12	
   14	-12	
   15	-11	
   16	-12	
   17	-11	
   18	-11	
   19	-11	
   20	-11	
   21	-11	
   22	-11	
   23	886	
   24	972	
   25	845	
   26	715	
   27	638	
   28	571	
   29	532	
   30	502	
   31	475	
   32	457	
   33	438	
   34	426	
   35	415	
   36	-4	
   37	-11	
   38	-11	
   39	-11	
   40	-11	
   41	-11	
   42	-11	
   43	-11	
   44	-11	
   45	-11	
   46	-11	
   47	-11	
   48	-11	
   49	-11	
   50	-12	
   51	-11	
   52	-12	
   53	684	
   54	860	
   55	926	
   56	942	
   57	952	
   58	961	
   59	968	
   60	973	
   61	977	
   62	978	
   63	978	
   64	979	
   65	978	
   66	975	
   67	973	
   68	970	
   69	967	
   70	967	
   71	966	
   72	964	
   73	964	
   74	963	
   75	960	
   76	958	
   77	956	
   78	956	
   79	955	
   80	953	
   81	953	
   82	952	
   83	951	
   84	951	
   85	950	
   86	950	
   87	949	
   88	950	
   89	952	
   90	951	
   91	952	
   92	951	
   93	949	
   94	949	
   95	949	
   96	950	
   97	953	
   98	952	
   99	953	
  100	953	
  101	954	
  102	954	
  103	954	
  104	956	
  105	957	
  106	965	
  107	977	
  108	990	
  109	989	
  110	989	
  111	984	
  112	978	
  113	974	
  114	972	
  115	972	
  116	970	
  117	969	
  118	967	
  119	966	
  120	967	
  121	964	
  122	966	
  123	964	
  124	966	
  125	964	
  126	965	
  127	965	
  128	964	
  129	-9	
  130	-11	
  131	-11	
  132	-11	
  133	-12	
  134	-11	
  135	-11	
  136	-11	
  137	-11	
