    1	-1	
    2	-1	
    3	-1	
    4	0	
    5	-1	
    6	0	
    7	0	
    8	-1	
    9	-1	
   10	-1	
   11	0	
   12	0	
   13	0	
   14	0	
   15	-1	
   16	0	
   17	-1	
   18	-1	
   19	-1	
   20	-1	
   21	-61	
   22	-45	
   23	-30	
   24	-26	
   25	-23	
   26	-22	
   27	-21	
   28	-20	
   29	-19	
   30	-19	
   31	-18	
   32	-18	
   33	-18	
   34	2	
   35	0	
   36	-1	
   37	-1	
   38	-1	
   39	-1	
   40	-1	
   41	-1	
   42	-1	
   43	-1	
   44	-1	
   45	0	
   46	-1	
   47	0	
   48	-1	
   49	-1	
   50	0	
   51	-1	
   52	0	
   53	-66	
   54	-101	
   55	-103	
   56	-104	
   57	-105	
   58	-105	
   59	-105	
   60	-106	
   61	-107	
   62	-107	
   63	-107	
   64	-108	
   65	-108	
   66	-108	
   67	-108	
   68	-108	
   69	-108	
   70	-108	
   71	-108	
   72	-108	
   73	-108	
   74	-108	
   75	-108	
   76	-108	
   77	-108	
   78	-108	
   79	-108	
   80	-108	
   81	-108	
   82	-108	
   83	-108	
   84	-108	
   85	-108	
   86	-108	
   87	-108	
   88	-108	
   89	-108	
   90	-109	
   91	-109	
   92	-109	
   93	-109	
   94	-109	
   95	-109	
   96	-109	
   97	-109	
   98	-109	
   99	-109	
  100	-109	
  101	-109	
  102	-109	
  103	-109	
  104	-109	
  105	-109	
  106	-108	
  107	-106	
  108	-104	
  109	-102	
  110	-101	
  111	-100	
  112	-100	
  113	-100	
  114	-100	
  115	-100	
  116	-100	
  117	-100	
  118	-99	
  119	-100	
  120	-100	
  121	-100	
  122	-100	
  123	-99	
  124	-99	
  125	-99	
  126	-99	
  127	-99	
  128	-1	
  129	0	
  130	0	
  131	-1	
  132	0	
  133	-1	
  134	0	
  135	0	
  136	0	
