    1	1	
    2	1	
    3	1	
    4	1	
    5	1	
    6	1	
    7	1	
    8	1	
    9	1	
   10	1	
   11	1	
   12	1	
   13	1	
   14	1	
   15	1	
   16	1	
   17	1	
   18	1	
   19	1	
   20	1	
   21	2047	
   22	2047	
   23	2047	
   24	2047	
   25	2047	
   26	2047	
   27	2047	
   28	2047	
   29	2047	
   30	2047	
   31	2047	
   32	2047	
   33	2045	
   34	288	
   35	2	
   36	1	
   37	1	
   38	1	
   39	1	
   40	1	
   41	1	
   42	1	
   43	1	
   44	1	
   45	1	
   46	1	
   47	1	
   48	1	
   49	1	
   50	1	
   51	1	
   52	1	
   53	1044	
   54	1212	
   55	1216	
   56	1221	
   57	1228	
   58	1233	
   59	1236	
   60	1242	
   61	1242	
   62	1244	
   63	1246	
   64	1249	
   65	1251	
   66	1253	
   67	1256	
   68	1259	
   69	1261	
   70	1261	
   71	1265	
   72	1266	
   73	1271	
   74	1271	
   75	1270	
   76	1273	
   77	1275	
   78	1278	
   79	1280	
   80	1280	
   81	1283	
   82	1284	
   83	1285	
   84	1288	
   85	1290	
   86	1292	
   87	1293	
   88	1293	
   89	1294	
   90	1295	
   91	1295	
   92	1297	
   93	1297	
   94	1297	
   95	1295	
   96	1296	
   97	1294	
   98	1294	
   99	1294	
  100	1294	
  101	1294	
  102	1295	
  103	1293	
  104	1293	
  105	1289	
  106	1273	
  107	1226	
  108	1181	
  109	1153	
  110	1138	
  111	1135	
  112	1133	
  113	1133	
  114	1132	
  115	1130	
  116	1129	
  117	1128	
  118	1129	
  119	1129	
  120	1130	
  121	1131	
  122	1130	
  123	1130	
  124	1129	
  125	1129	
  126	1129	
  127	1129	
  128	4	
  129	1	
  130	1	
  131	1	
  132	1	
  133	1	
  134	1	
  135	1	
  136	1	
