    1	-11	
    2	-11	
    3	-11	
    4	-11	
    5	-11	
    6	-11	
    7	-11	
    8	-11	
    9	-11	
   10	-11	
   11	-12	
   12	-11	
   13	-11	
   14	-11	
   15	-11	
   16	-11	
   17	-12	
   18	-12	
   19	-11	
   20	-12	
   21	855	
   22	978	
   23	851	
   24	745	
   25	661	
   26	588	
   27	546	
   28	509	
   29	485	
   30	463	
   31	448	
   32	435	
   33	419	
   34	48	
   35	-11	
   36	-11	
   37	-11	
   38	-11	
   39	-11	
   40	-11	
   41	-11	
   42	-11	
   43	-11	
   44	-11	
   45	-11	
   46	-12	
   47	-11	
   48	-11	
   49	-11	
   50	-12	
   51	-12	
   52	670	
   53	900	
   54	927	
   55	943	
   56	953	
   57	962	
   58	969	
   59	973	
   60	977	
   61	979	
   62	977	
   63	977	
   64	978	
   65	971	
   66	968	
   67	967	
   68	965	
   69	962	
   70	960	
   71	960	
   72	961	
   73	960	
   74	959	
   75	957	
   76	955	
   77	952	
   78	949	
   79	947	
   80	948	
   81	947	
   82	946	
   83	946	
   84	947	
   85	946	
   86	946	
   87	945	
   88	948	
   89	946	
   90	946	
   91	946	
   92	946	
   93	946	
   94	948	
   95	947	
   96	949	
   97	949	
   98	948	
   99	950	
  100	951	
  101	951	
  102	952	
  103	952	
  104	953	
  105	960	
  106	970	
  107	983	
  108	984	
  109	981	
  110	980	
  111	977	
  112	974	
  113	970	
  114	968	
  115	966	
  116	965	
  117	963	
  118	964	
  119	965	
  120	964	
  121	961	
  122	961	
  123	962	
  124	961	
  125	960	
  126	960	
  127	961	
  128	-9	
  129	-11	
  130	-12	
  131	-11	
  132	-12	
  133	-11	
  134	-11	
  135	-11	
  136	-11	
