    1	1	
    2	1	
    3	1	
    4	1	
    5	1	
    6	1	
    7	1	
    8	1	
    9	1	
   10	1	
   11	1	
   12	1	
   13	1	
   14	1	
   15	1	
   16	1	
   17	1	
   18	1	
   19	1	
   20	1	
   21	2047	
   22	2047	
   23	2047	
   24	2047	
   25	2047	
   26	2047	
   27	2047	
   28	2047	
   29	2047	
   30	2047	
   31	2047	
   32	2047	
   33	2025	
   34	288	
   35	1	
   36	1	
   37	1	
   38	1	
   39	1	
   40	1	
   41	1	
   42	1	
   43	1	
   44	1	
   45	1	
   46	1	
   47	1	
   48	1	
   49	1	
   50	1	
   51	1	
   52	1	
   53	1057	
   54	1212	
   55	1214	
   56	1216	
   57	1220	
   58	1226	
   59	1229	
   60	1234	
   61	1238	
   62	1242	
   63	1248	
   64	1249	
   65	1252	
   66	1253	
   67	1253	
   68	1256	
   69	1259	
   70	1262	
   71	1265	
   72	1267	
   73	1269	
   74	1274	
   75	1275	
   76	1276	
   77	1279	
   78	1278	
   79	1281	
   80	1281	
   81	1281	
   82	1284	
   83	1285	
   84	1288	
   85	1289	
   86	1291	
   87	1292	
   88	1293	
   89	1297	
   90	1300	
   91	1301	
   92	1302	
   93	1304	
   94	1304	
   95	1304	
   96	1304	
   97	1305	
   98	1303	
   99	1302	
  100	1302	
  101	1301	
  102	1301	
  103	1300	
  104	1298	
  105	1292	
  106	1267	
  107	1209	
  108	1164	
  109	1141	
  110	1134	
  111	1130	
  112	1128	
  113	1126	
  114	1126	
  115	1127	
  116	1128	
  117	1130	
  118	1130	
  119	1130	
  120	1130	
  121	1127	
  122	1129	
  123	1131	
  124	1131	
  125	1130	
  126	1131	
  127	1131	
  128	2	
  129	1	
  130	1	
  131	1	
  132	1	
  133	1	
  134	1	
  135	1	
  136	1	
