    1	-1	
    2	0	
    3	-1	
    4	-1	
    5	-1	
    6	0	
    7	0	
    8	0	
    9	-1	
   10	0	
   11	-1	
   12	-1	
   13	-1	
   14	-1	
   15	0	
   16	0	
   17	0	
   18	0	
   19	0	
   20	0	
   21	0	
   22	-60	
   23	-42	
   24	-30	
   25	-25	
   26	-23	
   27	-22	
   28	-21	
   29	-20	
   30	-19	
   31	-19	
   32	-18	
   33	-18	
   34	-18	
   35	-1	
   36	-1	
   37	0	
   38	-1	
   39	-1	
   40	-1	
   41	-1	
   42	-1	
   43	-1	
   44	-1	
   45	-1	
   46	-1	
   47	-1	
   48	-1	
   49	0	
   50	0	
   51	-1	
   52	0	
   53	31	
   54	-67	
   55	-100	
   56	-102	
   57	-103	
   58	-104	
   59	-104	
   60	-105	
   61	-106	
   62	-106	
   63	-107	
   64	-107	
   65	-107	
   66	-107	
   67	-108	
   68	-108	
   69	-108	
   70	-108	
   71	-108	
   72	-109	
   73	-109	
   74	-109	
   75	-109	
   76	-109	
   77	-109	
   78	-109	
   79	-109	
   80	-109	
   81	-109	
   82	-109	
   83	-109	
   84	-109	
   85	-109	
   86	-109	
   87	-109	
   88	-110	
   89	-110	
   90	-110	
   91	-110	
   92	-110	
   93	-110	
   94	-110	
   95	-110	
   96	-110	
   97	-110	
   98	-110	
   99	-110	
  100	-110	
  101	-110	
  102	-110	
  103	-110	
  104	-110	
  105	-110	
  106	-109	
  107	-109	
  108	-106	
  109	-104	
  110	-101	
  111	-101	
  112	-101	
  113	-101	
  114	-101	
  115	-100	
  116	-100	
  117	-100	
  118	-100	
  119	-100	
  120	-100	
  121	-100	
  122	-100	
  123	-100	
  124	-100	
  125	-100	
  126	-100	
  127	-100	
  128	-100	
  129	-1	
  130	-1	
  131	0	
  132	0	
  133	0	
  134	-1	
  135	-1	
  136	-1	
