    1	1	
    2	1	
    3	1	
    4	1	
    5	1	
    6	1	
    7	1	
    8	1	
    9	1	
   10	1	
   11	1	
   12	1	
   13	1	
   14	1	
   15	1	
   16	1	
   17	0	
   18	1	
   19	1	
   20	2047	
   21	2047	
   22	2047	
   23	2047	
   24	2047	
   25	2047	
   26	2047	
   27	2047	
   28	2047	
   29	2047	
   30	2047	
   31	2030	
   32	2005	
   33	1985	
   34	2	
   35	1	
   36	1	
   37	1	
   38	1	
   39	1	
   40	1	
   41	1	
   42	1	
   43	1	
   44	1	
   45	1	
   46	1	
   47	1	
   48	1	
   49	1	
   50	1	
   51	1	
   52	1015	
   53	1159	
   54	1214	
   55	1213	
   56	1216	
   57	1222	
   58	1227	
   59	1231	
   60	1234	
   61	1238	
   62	1242	
   63	1245	
   64	1248	
   65	1250	
   66	1253	
   67	1256	
   68	1257	
   69	1261	
   70	1263	
   71	1265	
   72	1266	
   73	1268	
   74	1268	
   75	1269	
   76	1272	
   77	1274	
   78	1276	
   79	1278	
   80	1280	
   81	1281	
   82	1282	
   83	1283	
   84	1284	
   85	1285	
   86	1288	
   87	1289	
   88	1292	
   89	1292	
   90	1293	
   91	1294	
   92	1294	
   93	1295	
   94	1296	
   95	1294	
   96	1294	
   97	1294	
   98	1295	
   99	1295	
  100	1296	
  101	1296	
  102	1295	
  103	1295	
  104	1294	
  105	1290	
  106	1273	
  107	1243	
  108	1201	
  109	1175	
  110	1149	
  111	1140	
  112	1135	
  113	1134	
  114	1135	
  115	1134	
  116	1134	
  117	1135	
  118	1136	
  119	1136	
  120	1135	
  121	1136	
  122	1135	
  123	1134	
  124	1136	
  125	1137	
  126	1136	
  127	1136	
  128	1137	
  129	1137	
  130	4	
  131	1	
  132	1	
  133	1	
  134	1	
  135	1	
  136	1	
  137	1	
  138	1	
