    1	1	
    2	1	
    3	1	
    4	1	
    5	1	
    6	1	
    7	1	
    8	1	
    9	1	
   10	1	
   11	1	
   12	1	
   13	1	
   14	1	
   15	1	
   16	1	
   17	1	
   18	1	
   19	2047	
   20	2047	
   21	2047	
   22	2047	
   23	2047	
   24	2047	
   25	2047	
   26	2047	
   27	2047	
   28	2047	
   29	2047	
   30	2047	
   31	2047	
   32	2044	
   33	2	
   34	1	
   35	1	
   36	1	
   37	1	
   38	1	
   39	1	
   40	1	
   41	1	
   42	1	
   43	1	
   44	1	
   45	1	
   46	1	
   47	1	
   48	1	
   49	1	
   50	1	
   51	1017	
   52	1178	
   53	1210	
   54	1212	
   55	1216	
   56	1220	
   57	1224	
   58	1229	
   59	1232	
   60	1235	
   61	1240	
   62	1242	
   63	1245	
   64	1247	
   65	1249	
   66	1252	
   67	1256	
   68	1259	
   69	1261	
   70	1263	
   71	1266	
   72	1268	
   73	1268	
   74	1271	
   75	1272	
   76	1275	
   77	1276	
   78	1278	
   79	1279	
   80	1280	
   81	1282	
   82	1283	
   83	1284	
   84	1285	
   85	1287	
   86	1288	
   87	1289	
   88	1291	
   89	1292	
   90	1293	
   91	1295	
   92	1296	
   93	1296	
   94	1296	
   95	1296	
   96	1297	
   97	1298	
   98	1297	
   99	1296	
  100	1296	
  101	1297	
  102	1298	
  103	1297	
  104	1295	
  105	1287	
  106	1251	
  107	1208	
  108	1166	
  109	1151	
  110	1141	
  111	1133	
  112	1130	
  113	1129	
  114	1129	
  115	1129	
  116	1128	
  117	1129	
  118	1129	
  119	1129	
  120	1129	
  121	1129	
  122	1128	
  123	1129	
  124	1128	
  125	1128	
  126	1127	
  127	1128	
  128	1128	
  129	4	
  130	1	
  131	1	
  132	1	
  133	1	
  134	1	
  135	1	
  136	1	
  137	1	
