    1	1	
    2	1	
    3	1	
    4	1	
    5	1	
    6	1	
    7	1	
    8	1	
    9	1	
   10	1	
   11	1	
   12	1	
   13	1	
   14	1	
   15	1	
   16	1	
   17	1	
   18	1	
   19	1	
   20	1	
   21	1	
   22	1	
   23	1	
   24	315	
   25	2047	
   26	2047	
   27	2047	
   28	2047	
   29	2047	
   30	2047	
   31	2047	
   32	2047	
   33	2047	
   34	2047	
   35	2047	
   36	2047	
   37	2022	
   38	6	
   39	1	
   40	1	
   41	1	
   42	1	
   43	1	
   44	1	
   45	1	
   46	1	
   47	1	
   48	1	
   49	1	
   50	1	
   51	1	
   52	1	
   53	1	
   54	1	
   55	1	
   56	838	
   57	1096	
   58	1170	
   59	1212	
   60	1213	
   61	1218	
   62	1222	
   63	1227	
   64	1232	
   65	1233	
   66	1236	
   67	1238	
   68	1240	
   69	1242	
   70	1245	
   71	1248	
   72	1251	
   73	1254	
   74	1260	
   75	1261	
   76	1264	
   77	1265	
   78	1268	
   79	1270	
   80	1272	
   81	1276	
   82	1277	
   83	1277	
   84	1278	
   85	1279	
   86	1282	
   87	1284	
   88	1285	
   89	1287	
   90	1288	
   91	1290	
   92	1291	
   93	1292	
   94	1293	
   95	1294	
   96	1295	
   97	1296	
   98	1296	
   99	1296	
  100	1295	
  101	1296	
  102	1297	
  103	1298	
  104	1297	
  105	1297	
  106	1297	
  107	1297	
  108	1296	
  109	1292	
  110	1276	
  111	1229	
  112	1195	
  113	1161	
  114	1146	
  115	1137	
  116	1133	
  117	1132	
  118	1132	
  119	1131	
  120	1131	
  121	1135	
  122	1135	
  123	1132	
  124	1132	
  125	1133	
  126	1133	
  127	1133	
  128	1132	
  129	1132	
  130	1132	
  131	1132	
  132	1132	
  133	1	
  134	1	
  135	1	
  136	1	
  137	1	
  138	1	
  139	1	
  140	1	
