    1	1	
    2	1	
    3	1	
    4	1	
    5	1	
    6	1	
    7	1	
    8	1	
    9	1	
   10	1	
   11	1	
   12	1	
   13	1	
   14	1	
   15	1	
   16	1	
   17	1	
   18	2047	
   19	2047	
   20	2047	
   21	2047	
   22	2047	
   23	2047	
   24	2047	
   25	2047	
   26	2047	
   27	2028	
   28	2006	
   29	1966	
   30	1944	
   31	31	
   32	1	
   33	1	
   34	1	
   35	1	
   36	1	
   37	1	
   38	1	
   39	1	
   40	1	
   41	1	
   42	1	
   43	1	
   44	1	
   45	1	
   46	1	
   47	1	
   48	1	
   49	1	
   50	1	
   51	796	
   52	1099	
   53	1215	
   54	1212	
   55	1218	
   56	1224	
   57	1228	
   58	1233	
   59	1236	
   60	1240	
   61	1244	
   62	1246	
   63	1250	
   64	1252	
   65	1256	
   66	1256	
   67	1257	
   68	1260	
   69	1261	
   70	1264	
   71	1266	
   72	1268	
   73	1271	
   74	1273	
   75	1274	
   76	1276	
   77	1277	
   78	1279	
   79	1281	
   80	1282	
   81	1284	
   82	1286	
   83	1286	
   84	1288	
   85	1289	
   86	1291	
   87	1292	
   88	1294	
   89	1296	
   90	1297	
   91	1297	
   92	1299	
   93	1297	
   94	1297	
   95	1298	
   96	1298	
   97	1298	
   98	1298	
   99	1298	
  100	1298	
  101	1298	
  102	1297	
  103	1297	
  104	1295	
  105	1278	
  106	1237	
  107	1197	
  108	1158	
  109	1143	
  110	1133	
  111	1130	
  112	1129	
  113	1127	
  114	1126	
  115	1126	
  116	1127	
  117	1127	
  118	1127	
  119	1128	
  120	1128	
  121	1128	
  122	1129	
  123	1128	
  124	1129	
  125	1129	
  126	1126	
  127	1126	
  128	1	
  129	1	
  130	1	
  131	1	
  132	1	
  133	1	
  134	1	
  135	1	
