    1	-1	
    2	-1	
    3	-1	
    4	-1	
    5	-1	
    6	0	
    7	0	
    8	0	
    9	-1	
   10	0	
   11	-1	
   12	-1	
   13	-1	
   14	-1	
   15	-1	
   16	-1	
   17	0	
   18	-2	
   19	-1	
   20	-1	
   21	0	
   22	-1	
   23	-54	
   24	-42	
   25	-28	
   26	-24	
   27	-23	
   28	-21	
   29	-20	
   30	-19	
   31	-19	
   32	-18	
   33	-18	
   34	-18	
   35	-17	
   36	0	
   37	0	
   38	-1	
   39	-1	
   40	-1	
   41	0	
   42	-1	
   43	0	
   44	0	
   45	-1	
   46	-1	
   47	0	
   48	-1	
   49	-1	
   50	0	
   51	0	
   52	-1	
   53	31	
   54	-67	
   55	-99	
   56	-103	
   57	-103	
   58	-104	
   59	-105	
   60	-106	
   61	-106	
   62	-106	
   63	-107	
   64	-107	
   65	-107	
   66	-108	
   67	-108	
   68	-108	
   69	-108	
   70	-108	
   71	-108	
   72	-108	
   73	-108	
   74	-108	
   75	-108	
   76	-109	
   77	-109	
   78	-109	
   79	-109	
   80	-110	
   81	-109	
   82	-109	
   83	-109	
   84	-109	
   85	-109	
   86	-109	
   87	-109	
   88	-109	
   89	-109	
   90	-109	
   91	-109	
   92	-109	
   93	-109	
   94	-109	
   95	-110	
   96	-110	
   97	-109	
   98	-110	
   99	-110	
  100	-110	
  101	-110	
  102	-109	
  103	-110	
  104	-109	
  105	-109	
  106	-109	
  107	-109	
  108	-107	
  109	-106	
  110	-104	
  111	-103	
  112	-102	
  113	-101	
  114	-101	
  115	-101	
  116	-101	
  117	-101	
  118	-100	
  119	-101	
  120	-100	
  121	-100	
  122	-100	
  123	-100	
  124	-100	
  125	-99	
  126	-100	
  127	-100	
  128	-100	
  129	-100	
  130	-100	
  131	-100	
  132	-1	
  133	0	
  134	0	
  135	0	
  136	0	
  137	0	
  138	0	
  139	0	
