    1	1	
    2	1	
    3	1	
    4	1	
    5	1	
    6	1	
    7	1	
    8	1	
    9	1	
   10	1	
   11	1	
   12	1	
   13	1	
   14	1	
   15	1	
   16	1	
   17	1	
   18	1	
   19	1	
   20	1	
   21	1	
   22	1	
   23	621	
   24	2047	
   25	2047	
   26	2047	
   27	2047	
   28	2047	
   29	2047	
   30	2047	
   31	2047	
   32	2047	
   33	2047	
   34	2047	
   35	2022	
   36	1995	
   37	32	
   38	1	
   39	1	
   40	1	
   41	1	
   42	1	
   43	1	
   44	1	
   45	1	
   46	1	
   47	1	
   48	1	
   49	1	
   50	1	
   51	1	
   52	1	
   53	1	
   54	547	
   55	1042	
   56	1208	
   57	1206	
   58	1212	
   59	1216	
   60	1220	
   61	1223	
   62	1228	
   63	1232	
   64	1232	
   65	1236	
   66	1236	
   67	1236	
   68	1240	
   69	1242	
   70	1246	
   71	1249	
   72	1252	
   73	1256	
   74	1260	
   75	1258	
   76	1260	
   77	1261	
   78	1264	
   79	1265	
   80	1267	
   81	1268	
   82	1270	
   83	1271	
   84	1273	
   85	1274	
   86	1276	
   87	1280	
   88	1281	
   89	1283	
   90	1284	
   91	1286	
   92	1286	
   93	1288	
   94	1289	
   95	1290	
   96	1292	
   97	1292	
   98	1292	
   99	1290	
  100	1290	
  101	1290	
  102	1290	
  103	1291	
  104	1292	
  105	1291	
  106	1290	
  107	1289	
  108	1286	
  109	1278	
  110	1249	
  111	1200	
  112	1163	
  113	1143	
  114	1132	
  115	1128	
  116	1125	
  117	1123	
  118	1118	
  119	1124	
  120	1124	
  121	1126	
  122	1126	
  123	1125	
  124	1125	
  125	1127	
  126	1126	
  127	1125	
  128	1126	
  129	1126	
  130	1126	
  131	1126	
  132	1125	
  133	1	
  134	1	
  135	1	
  136	1	
  137	1	
  138	1	
  139	1	
  140	1	
