    1	1	
    2	1	
    3	1	
    4	1	
    5	1	
    6	1	
    7	1	
    8	1	
    9	1	
   10	1	
   11	1	
   12	1	
   13	1	
   14	1	
   15	1	
   16	1	
   17	1	
   18	1	
   19	1	
   20	1	
   21	2047	
   22	2047	
   23	2047	
   24	2047	
   25	2047	
   26	2047	
   27	2047	
   28	2047	
   29	2047	
   30	2047	
   31	2047	
   32	2047	
   33	2029	
   34	288	
   35	2	
   36	1	
   37	1	
   38	1	
   39	1	
   40	1	
   41	1	
   42	1	
   43	1	
   44	1	
   45	1	
   46	1	
   47	1	
   48	1	
   49	1	
   50	1	
   51	1	
   52	1021	
   53	1204	
   54	1206	
   55	1211	
   56	1214	
   57	1217	
   58	1221	
   59	1225	
   60	1230	
   61	1233	
   62	1234	
   63	1237	
   64	1241	
   65	1244	
   66	1247	
   67	1249	
   68	1256	
   69	1257	
   70	1260	
   71	1263	
   72	1264	
   73	1265	
   74	1267	
   75	1269	
   76	1272	
   77	1274	
   78	1276	
   79	1277	
   80	1279	
   81	1280	
   82	1282	
   83	1283	
   84	1284	
   85	1286	
   86	1286	
   87	1287	
   88	1289	
   89	1290	
   90	1292	
   91	1294	
   92	1295	
   93	1296	
   94	1296	
   95	1297	
   96	1297	
   97	1296	
   98	1294	
   99	1295	
  100	1295	
  101	1294	
  102	1294	
  103	1295	
  104	1293	
  105	1293	
  106	1287	
  107	1270	
  108	1220	
  109	1180	
  110	1155	
  111	1139	
  112	1133	
  113	1132	
  114	1131	
  115	1131	
  116	1130	
  117	1130	
  118	1129	
  119	1128	
  120	1127	
  121	1128	
  122	1127	
  123	1126	
  124	1126	
  125	1128	
  126	1128	
  127	1128	
  128	1129	
  129	1129	
  130	3	
  131	1	
  132	1	
  133	1	
  134	1	
  135	1	
  136	1	
  137	1	
  138	1	
