    1	1	
    2	1	
    3	1	
    4	1	
    5	1	
    6	1	
    7	1	
    8	1	
    9	1	
   10	1	
   11	1	
   12	1	
   13	1	
   14	1	
   15	1	
   16	1	
   17	1	
   18	1	
   19	1	
   20	2047	
   21	2047	
   22	2047	
   23	2047	
   24	2047	
   25	2047	
   26	2047	
   27	2047	
   28	2047	
   29	2047	
   30	2047	
   31	2015	
   32	1990	
   33	1969	
   34	1	
   35	1	
   36	1	
   37	1	
   38	1	
   39	1	
   40	1	
   41	1	
   42	1	
   43	1	
   44	1	
   45	1	
   46	1	
   47	1	
   48	1	
   49	1	
   50	1	
   51	1	
   52	1	
   53	1015	
   54	1209	
   55	1208	
   56	1212	
   57	1217	
   58	1221	
   59	1224	
   60	1228	
   61	1232	
   62	1232	
   63	1234	
   64	1239	
   65	1242	
   66	1245	
   67	1247	
   68	1250	
   69	1253	
   70	1256	
   71	1256	
   72	1258	
   73	1260	
   74	1263	
   75	1265	
   76	1268	
   77	1270	
   78	1273	
   79	1275	
   80	1276	
   81	1279	
   82	1280	
   83	1281	
   84	1281	
   85	1283	
   86	1285	
   87	1286	
   88	1287	
   89	1288	
   90	1289	
   91	1291	
   92	1292	
   93	1293	
   94	1293	
   95	1293	
   96	1292	
   97	1292	
   98	1292	
   99	1292	
  100	1293	
  101	1294	
  102	1294	
  103	1293	
  104	1294	
  105	1293	
  106	1293	
  107	1291	
  108	1282	
  109	1248	
  110	1210	
  111	1165	
  112	1147	
  113	1136	
  114	1131	
  115	1131	
  116	1128	
  117	1128	
  118	1128	
  119	1130	
  120	1130	
  121	1130	
  122	1129	
  123	1128	
  124	1128	
  125	1129	
  126	1128	
  127	1128	
  128	1128	
  129	1129	
  130	1130	
  131	1130	
  132	1	
  133	1	
  134	1	
  135	1	
  136	1	
  137	1	
  138	1	
  139	1	
