    1	-11	
    2	-11	
    3	-11	
    4	-12	
    5	-11	
    6	-12	
    7	-12	
    8	-12	
    9	-12	
   10	-12	
   11	-12	
   12	-11	
   13	-12	
   14	-12	
   15	-12	
   16	-12	
   17	798	
   18	913	
   19	793	
   20	671	
   21	599	
   22	547	
   23	501	
   24	475	
   25	448	
   26	431	
   27	415	
   28	401	
   29	391	
   30	-5	
   31	-11	
   32	-11	
   33	-11	
   34	-11	
   35	-11	
   36	-11	
   37	-11	
   38	-11	
   39	-11	
   40	-12	
   41	-12	
   42	-11	
   43	-12	
   44	-11	
   45	-11	
   46	-11	
   47	-11	
   48	-11	
   49	-12	
   50	-12	
   51	584	
   52	737	
   53	905	
   54	907	
   55	935	
   56	942	
   57	949	
   58	953	
   59	956	
   60	960	
   61	964	
   62	964	
   63	962	
   64	959	
   65	958	
   66	956	
   67	955	
   68	952	
   69	951	
   70	950	
   71	951	
   72	949	
   73	947	
   74	945	
   75	945	
   76	947	
   77	944	
   78	946	
   79	947	
   80	944	
   81	944	
   82	945	
   83	945	
   84	945	
   85	947	
   86	946	
   87	945	
   88	944	
   89	945	
   90	944	
   91	945	
   92	944	
   93	944	
   94	944	
   95	943	
   96	945	
   97	945	
   98	947	
   99	949	
  100	950	
  101	951	
  102	952	
  103	952	
  104	953	
  105	958	
  106	964	
  107	973	
  108	973	
  109	973	
  110	977	
  111	979	
  112	978	
  113	974	
  114	969	
  115	965	
  116	963	
  117	962	
  118	960	
  119	958	
  120	957	
  121	956	
  122	955	
  123	956	
  124	958	
  125	957	
  126	954	
  127	128	
  128	-11	
  129	-11	
  130	-11	
  131	-11	
  132	-12	
  133	-12	
  134	-11	
  135	-12	
