    1	0	
    2	-1	
    3	-1	
    4	-1	
    5	-1	
    6	-1	
    7	-1	
    8	-1	
    9	-1	
   10	-1	
   11	-1	
   12	-1	
   13	-1	
   14	-1	
   15	-1	
   16	-1	
   17	-1	
   18	0	
   19	-1	
   20	-1	
   21	-1	
   22	-1	
   23	-18	
   24	-54	
   25	-42	
   26	-28	
   27	-24	
   28	-22	
   29	-21	
   30	-20	
   31	-20	
   32	-19	
   33	-19	
   34	-18	
   35	-18	
   36	-18	
   37	-1	
   38	-1	
   39	-1	
   40	-1	
   41	0	
   42	-1	
   43	-1	
   44	-1	
   45	0	
   46	-1	
   47	-1	
   48	0	
   49	0	
   50	0	
   51	-1	
   52	-1	
   53	-1	
   54	-1	
   55	31	
   56	-76	
   57	-101	
   58	-102	
   59	-103	
   60	-103	
   61	-104	
   62	-104	
   63	-105	
   64	-105	
   65	-106	
   66	-106	
   67	-107	
   68	-107	
   69	-107	
   70	-107	
   71	-107	
   72	-107	
   73	-107	
   74	-107	
   75	-107	
   76	-107	
   77	-107	
   78	-107	
   79	-108	
   80	-108	
   81	-108	
   82	-108	
   83	-108	
   84	-108	
   85	-108	
   86	-108	
   87	-108	
   88	-108	
   89	-108	
   90	-108	
   91	-108	
   92	-108	
   93	-108	
   94	-108	
   95	-108	
   96	-108	
   97	-108	
   98	-109	
   99	-109	
  100	-109	
  101	-109	
  102	-109	
  103	-109	
  104	-109	
  105	-109	
  106	-109	
  107	-109	
  108	-109	
  109	-109	
  110	-109	
  111	-108	
  112	-107	
  113	-104	
  114	-103	
  115	-102	
  116	-101	
  117	-100	
  118	-100	
  119	-100	
  120	-100	
  121	-100	
  122	-100	
  123	-100	
  124	-99	
  125	-99	
  126	-99	
  127	-100	
  128	-99	
  129	-99	
  130	-99	
  131	-99	
  132	-99	
  133	-99	
  134	-99	
  135	-6	
  136	0	
  137	-1	
  138	-1	
  139	-1	
  140	-1	
  141	-1	
  142	-1	
  143	-1	
