    1	-1	
    2	-1	
    3	-1	
    4	-1	
    5	-1	
    6	0	
    7	-1	
    8	0	
    9	-1	
   10	-1	
   11	-1	
   12	0	
   13	0	
   14	-1	
   15	-1	
   16	-1	
   17	-1	
   18	0	
   19	-1	
   20	-1	
   21	-1	
   22	-1	
   23	-62	
   24	-42	
   25	-30	
   26	-24	
   27	-23	
   28	-22	
   29	-20	
   30	-20	
   31	-19	
   32	-19	
   33	-18	
   34	-18	
   35	-18	
   36	2	
   37	-2	
   38	0	
   39	-1	
   40	-1	
   41	-1	
   42	0	
   43	0	
   44	-1	
   45	0	
   46	-1	
   47	-1	
   48	0	
   49	0	
   50	0	
   51	0	
   52	-1	
   53	0	
   54	-67	
   55	-100	
   56	-102	
   57	-103	
   58	-104	
   59	-104	
   60	-104	
   61	-105	
   62	-106	
   63	-106	
   64	-106	
   65	-107	
   66	-107	
   67	-107	
   68	-107	
   69	-107	
   70	-108	
   71	-108	
   72	-108	
   73	-108	
   74	-108	
   75	-108	
   76	-108	
   77	-108	
   78	-108	
   79	-108	
   80	-108	
   81	-108	
   82	-108	
   83	-109	
   84	-108	
   85	-108	
   86	-108	
   87	-108	
   88	-109	
   89	-109	
   90	-109	
   91	-109	
   92	-109	
   93	-109	
   94	-109	
   95	-109	
   96	-109	
   97	-109	
   98	-109	
   99	-109	
  100	-109	
  101	-109	
  102	-109	
  103	-109	
  104	-109	
  105	-109	
  106	-109	
  107	-109	
  108	-109	
  109	-109	
  110	-109	
  111	-105	
  112	-104	
  113	-104	
  114	-102	
  115	-102	
  116	-101	
  117	-101	
  118	-100	
  119	-100	
  120	-100	
  121	-100	
  122	-100	
  123	-100	
  124	-100	
  125	-100	
  126	-100	
  127	-100	
  128	-100	
  129	-100	
  130	-100	
  131	-100	
  132	-100	
  133	-100	
  134	-1	
  135	-1	
  136	0	
  137	-1	
  138	0	
  139	-1	
  140	0	
  141	-1	
