    1	-11	
    2	-11	
    3	-11	
    4	-11	
    5	-11	
    6	-11	
    7	-11	
    8	-11	
    9	-11	
   10	-11	
   11	-11	
   12	-11	
   13	-12	
   14	-11	
   15	-12	
   16	-11	
   17	-12	
   18	-12	
   19	-11	
   20	-11	
   21	-12	
   22	-12	
   23	-12	
   24	901	
   25	988	
   26	822	
   27	720	
   28	642	
   29	574	
   30	535	
   31	499	
   32	477	
   33	459	
   34	441	
   35	429	
   36	415	
   37	-5	
   38	-11	
   39	-11	
   40	-11	
   41	-11	
   42	-11	
   43	-11	
   44	-11	
   45	-11	
   46	-11	
   47	-11	
   48	-11	
   49	-11	
   50	-12	
   51	-12	
   52	-11	
   53	-11	
   54	393	
   55	687	
   56	907	
   57	930	
   58	944	
   59	954	
   60	961	
   61	968	
   62	972	
   63	975	
   64	973	
   65	973	
   66	972	
   67	969	
   68	969	
   69	968	
   70	964	
   71	962	
   72	959	
   73	958	
   74	954	
   75	953	
   76	952	
   77	950	
   78	950	
   79	949	
   80	948	
   81	945	
   82	944	
   83	944	
   84	943	
   85	942	
   86	940	
   87	940	
   88	940	
   89	939	
   90	939	
   91	939	
   92	938	
   93	937	
   94	938	
   95	938	
   96	937	
   97	937	
   98	939	
   99	936	
  100	936	
  101	937	
  102	939	
  103	938	
  104	940	
  105	941	
  106	941	
  107	941	
  108	942	
  109	943	
  110	949	
  111	960	
  112	970	
  113	970	
  114	970	
  115	972	
  116	973	
  117	971	
  118	970	
  119	969	
  120	966	
  121	966	
  122	965	
  123	963	
  124	963	
  125	963	
  126	961	
  127	961	
  128	961	
  129	963	
  130	962	
  131	963	
  132	963	
  133	964	
  134	-11	
  135	-11	
  136	-11	
  137	-11	
  138	-11	
  139	-11	
  140	-11	
  141	-11	
