    1	0	
    2	0	
    3	0	
    4	-1	
    5	-1	
    6	-1	
    7	-1	
    8	-1	
    9	-1	
   10	-1	
   11	-1	
   12	-1	
   13	0	
   14	-1	
   15	-1	
   16	0	
   17	0	
   18	0	
   19	-1	
   20	-1	
   21	-1	
   22	-1	
   23	-1	
   24	-18	
   25	-52	
   26	-38	
   27	-29	
   28	-25	
   29	-23	
   30	-22	
   31	-21	
   32	-20	
   33	-20	
   34	-19	
   35	-19	
   36	-18	
   37	-18	
   38	-1	
   39	0	
   40	-1	
   41	-1	
   42	-1	
   43	-1	
   44	0	
   45	-1	
   46	-1	
   47	0	
   48	-1	
   49	-1	
   50	0	
   51	-1	
   52	0	
   53	0	
   54	-1	
   55	-8	
   56	-76	
   57	-101	
   58	-102	
   59	-102	
   60	-103	
   61	-104	
   62	-104	
   63	-105	
   64	-106	
   65	-106	
   66	-107	
   67	-107	
   68	-107	
   69	-107	
   70	-107	
   71	-107	
   72	-107	
   73	-107	
   74	-107	
   75	-107	
   76	-108	
   77	-108	
   78	-108	
   79	-108	
   80	-108	
   81	-108	
   82	-108	
   83	-108	
   84	-108	
   85	-108	
   86	-108	
   87	-108	
   88	-108	
   89	-108	
   90	-108	
   91	-108	
   92	-108	
   93	-108	
   94	-109	
   95	-108	
   96	-108	
   97	-108	
   98	-109	
   99	-109	
  100	-109	
  101	-109	
  102	-109	
  103	-109	
  104	-109	
  105	-109	
  106	-109	
  107	-109	
  108	-109	
  109	-109	
  110	-108	
  111	-108	
  112	-105	
  113	-104	
  114	-103	
  115	-101	
  116	-100	
  117	-100	
  118	-100	
  119	-100	
  120	-100	
  121	-100	
  122	-100	
  123	-100	
  124	-100	
  125	-100	
  126	-100	
  127	-100	
  128	-100	
  129	-99	
  130	-99	
  131	-99	
  132	-99	
  133	-99	
  134	-2	
  135	-1	
  136	-1	
  137	-1	
  138	-1	
  139	-1	
  140	-1	
  141	-1	
  142	0	
