    1	-11	
    2	-12	
    3	-12	
    4	-12	
    5	-12	
    6	-12	
    7	-11	
    8	-12	
    9	-12	
   10	-11	
   11	-12	
   12	-11	
   13	-12	
   14	-12	
   15	-12	
   16	-11	
   17	-12	
   18	-12	
   19	-12	
   20	-12	
   21	-12	
   22	-12	
   23	182	
   24	914	
   25	1012	
   26	849	
   27	747	
   28	667	
   29	597	
   30	555	
   31	517	
   32	492	
   33	473	
   34	453	
   35	439	
   36	425	
   37	-4	
   38	-11	
   39	-11	
   40	-11	
   41	-11	
   42	-12	
   43	-11	
   44	-11	
   45	-11	
   46	-12	
   47	-12	
   48	-12	
   49	-12	
   50	-11	
   51	-12	
   52	-11	
   53	-12	
   54	-11	
   55	399	
   56	738	
   57	900	
   58	922	
   59	951	
   60	957	
   61	966	
   62	973	
   63	977	
   64	983	
   65	983	
   66	984	
   67	982	
   68	978	
   69	976	
   70	973	
   71	973	
   72	971	
   73	968	
   74	965	
   75	961	
   76	960	
   77	960	
   78	960	
   79	958	
   80	958	
   81	956	
   82	956	
   83	956	
   84	954	
   85	953	
   86	955	
   87	953	
   88	953	
   89	953	
   90	951	
   91	951	
   92	949	
   93	947	
   94	947	
   95	946	
   96	947	
   97	946	
   98	947	
   99	946	
  100	946	
  101	948	
  102	949	
  103	946	
  104	946	
  105	946	
  106	948	
  107	949	
  108	951	
  109	952	
  110	953	
  111	960	
  112	973	
  113	984	
  114	980	
  115	977	
  116	979	
  117	979	
  118	977	
  119	975	
  120	974	
  121	971	
  122	969	
  123	969	
  124	968	
  125	967	
  126	965	
  127	964	
  128	967	
  129	966	
  130	965	
  131	966	
  132	966	
  133	968	
  134	127	
  135	-11	
  136	-11	
  137	-11	
  138	-11	
  139	-12	
  140	-11	
  141	-12	
  142	-11	
