    1	1	
    2	1	
    3	1	
    4	1	
    5	1	
    6	1	
    7	1	
    8	1	
    9	1	
   10	1	
   11	1	
   12	1	
   13	1	
   14	1	
   15	1	
   16	1	
   17	1	
   18	1	
   19	1	
   20	2047	
   21	2047	
   22	2047	
   23	2047	
   24	2047	
   25	2047	
   26	2047	
   27	2047	
   28	2047	
   29	2047	
   30	2047	
   31	2041	
   32	2009	
   33	1988	
   34	2	
   35	1	
   36	1	
   37	1	
   38	1	
   39	1	
   40	1	
   41	1	
   42	1	
   43	1	
   44	1	
   45	1	
   46	1	
   47	1	
   48	1	
   49	1	
   50	1	
   51	1	
   52	1014	
   53	1181	
   54	1205	
   55	1207	
   56	1210	
   57	1216	
   58	1219	
   59	1223	
   60	1227	
   61	1230	
   62	1234	
   63	1238	
   64	1242	
   65	1244	
   66	1247	
   67	1248	
   68	1251	
   69	1252	
   70	1255	
   71	1257	
   72	1260	
   73	1261	
   74	1263	
   75	1263	
   76	1264	
   77	1266	
   78	1267	
   79	1268	
   80	1270	
   81	1273	
   82	1275	
   83	1276	
   84	1277	
   85	1279	
   86	1281	
   87	1282	
   88	1282	
   89	1285	
   90	1286	
   91	1285	
   92	1285	
   93	1287	
   94	1287	
   95	1287	
   96	1287	
   97	1286	
   98	1285	
   99	1286	
  100	1286	
  101	1286	
  102	1286	
  103	1286	
  104	1286	
  105	1284	
  106	1285	
  107	1281	
  108	1266	
  109	1221	
  110	1181	
  111	1151	
  112	1140	
  113	1132	
  114	1129	
  115	1128	
  116	1128	
  117	1128	
  118	1128	
  119	1127	
  120	1127	
  121	1125	
  122	1125	
  123	1126	
  124	1126	
  125	1128	
  126	1127	
  127	1126	
  128	1126	
  129	1125	
  130	1125	
  131	1	
  132	1	
  133	1	
  134	1	
  135	1	
  136	1	
  137	1	
  138	1	
  139	1	
