    1	1	
    2	1	
    3	1	
    4	1	
    5	1	
    6	1	
    7	1	
    8	1	
    9	1	
   10	1	
   11	1	
   12	1	
   13	1	
   14	1	
   15	1	
   16	1	
   17	1	
   18	1	
   19	1	
   20	2047	
   21	2047	
   22	2047	
   23	2047	
   24	2047	
   25	2047	
   26	2047	
   27	2047	
   28	2047	
   29	2047	
   30	2047	
   31	2046	
   32	2024	
   33	284	
   34	2	
   35	1	
   36	1	
   37	1	
   38	1	
   39	1	
   40	1	
   41	1	
   42	1	
   43	1	
   44	1	
   45	1	
   46	1	
   47	1	
   48	1	
   49	1	
   50	1	
   51	1	
   52	1019	
   53	1217	
   54	1216	
   55	1212	
   56	1217	
   57	1221	
   58	1228	
   59	1231	
   60	1233	
   61	1239	
   62	1240	
   63	1244	
   64	1246	
   65	1249	
   66	1252	
   67	1253	
   68	1257	
   69	1259	
   70	1261	
   71	1264	
   72	1265	
   73	1268	
   74	1272	
   75	1274	
   76	1275	
   77	1276	
   78	1278	
   79	1278	
   80	1280	
   81	1282	
   82	1283	
   83	1284	
   84	1286	
   85	1288	
   86	1288	
   87	1289	
   88	1291	
   89	1290	
   90	1290	
   91	1291	
   92	1293	
   93	1293	
   94	1293	
   95	1293	
   96	1294	
   97	1294	
   98	1294	
   99	1294	
  100	1294	
  101	1294	
  102	1295	
  103	1294	
  104	1294	
  105	1292	
  106	1290	
  107	1282	
  108	1254	
  109	1219	
  110	1191	
  111	1158	
  112	1147	
  113	1139	
  114	1137	
  115	1135	
  116	1133	
  117	1133	
  118	1133	
  119	1134	
  120	1132	
  121	1132	
  122	1133	
  123	1132	
  124	1133	
  125	1132	
  126	1133	
  127	1133	
  128	1133	
  129	1133	
  130	1132	
  131	1132	
  132	1	
  133	1	
  134	1	
  135	1	
  136	1	
  137	1	
  138	1	
  139	1	
