    1	1	
    2	1	
    3	1	
    4	1	
    5	1	
    6	1	
    7	1	
    8	1	
    9	1	
   10	1	
   11	1	
   12	1	
   13	1	
   14	1	
   15	1	
   16	1	
   17	1	
   18	1	
   19	1	
   20	1	
   21	1	
   22	1	
   23	1	
   24	2047	
   25	2047	
   26	2047	
   27	2047	
   28	2047	
   29	2047	
   30	2047	
   31	2047	
   32	2047	
   33	2047	
   34	2047	
   35	2025	
   36	1992	
   37	32	
   38	1	
   39	1	
   40	1	
   41	1	
   42	1	
   43	1	
   44	1	
   45	1	
   46	1	
   47	1	
   48	1	
   49	1	
   50	1	
   51	1	
   52	1	
   53	1	
   54	545	
   55	1042	
   56	1210	
   57	1208	
   58	1212	
   59	1216	
   60	1220	
   61	1225	
   62	1228	
   63	1232	
   64	1234	
   65	1237	
   66	1241	
   67	1243	
   68	1247	
   69	1252	
   70	1253	
   71	1255	
   72	1256	
   73	1258	
   74	1259	
   75	1261	
   76	1263	
   77	1264	
   78	1267	
   79	1269	
   80	1270	
   81	1270	
   82	1272	
   83	1273	
   84	1275	
   85	1276	
   86	1276	
   87	1277	
   88	1279	
   89	1280	
   90	1281	
   91	1283	
   92	1283	
   93	1283	
   94	1284	
   95	1286	
   96	1285	
   97	1286	
   98	1288	
   99	1285	
  100	1285	
  101	1286	
  102	1288	
  103	1287	
  104	1288	
  105	1288	
  106	1288	
  107	1288	
  108	1288	
  109	1283	
  110	1275	
  111	1242	
  112	1206	
  113	1170	
  114	1147	
  115	1138	
  116	1134	
  117	1132	
  118	1132	
  119	1132	
  120	1131	
  121	1133	
  122	1132	
  123	1131	
  124	1131	
  125	1132	
  126	1131	
  127	1131	
  128	1132	
  129	1133	
  130	1133	
  131	1133	
  132	1133	
  133	1134	
  134	1	
  135	1	
  136	1	
  137	1	
  138	1	
  139	1	
  140	1	
  141	1	
