    1	-11	
    2	-11	
    3	-11	
    4	-11	
    5	-11	
    6	-11	
    7	-11	
    8	-11	
    9	-11	
   10	-11	
   11	-11	
   12	-12	
   13	-12	
   14	-12	
   15	-11	
   16	-12	
   17	-11	
   18	-12	
   19	-12	
   20	804	
   21	989	
   22	900	
   23	761	
   24	676	
   25	613	
   26	559	
   27	527	
   28	498	
   29	479	
   30	462	
   31	444	
   32	432	
   33	50	
   34	-11	
   35	-11	
   36	-11	
   37	-11	
   38	-11	
   39	-11	
   40	-11	
   41	-11	
   42	-11	
   43	-11	
   44	-11	
   45	-11	
   46	-11	
   47	-11	
   48	-11	
   49	-12	
   50	-11	
   51	-11	
   52	665	
   53	896	
   54	926	
   55	942	
   56	965	
   57	973	
   58	982	
   59	983	
   60	981	
   61	986	
   62	985	
   63	986	
   64	981	
   65	979	
   66	975	
   67	972	
   68	969	
   69	967	
   70	966	
   71	964	
   72	963	
   73	959	
   74	957	
   75	956	
   76	955	
   77	957	
   78	955	
   79	954	
   80	955	
   81	953	
   82	950	
   83	950	
   84	950	
   85	951	
   86	949	
   87	949	
   88	950	
   89	950	
   90	951	
   91	950	
   92	949	
   93	950	
   94	950	
   95	950	
   96	950	
   97	951	
   98	950	
   99	950	
  100	951	
  101	952	
  102	953	
  103	952	
  104	953	
  105	955	
  106	955	
  107	957	
  108	965	
  109	979	
  110	987	
  111	994	
  112	985	
  113	984	
  114	982	
  115	981	
  116	979	
  117	977	
  118	973	
  119	972	
  120	969	
  121	967	
  122	966	
  123	966	
  124	966	
  125	966	
  126	966	
  127	966	
  128	966	
  129	965	
  130	967	
  131	966	
  132	967	
  133	128	
  134	-11	
  135	-11	
  136	-11	
  137	-11	
  138	-11	
  139	-11	
  140	-11	
  141	-11	
