    1	-1	
    2	-1	
    3	0	
    4	-1	
    5	0	
    6	-1	
    7	-1	
    8	-1	
    9	-1	
   10	-1	
   11	-1	
   12	-1	
   13	0	
   14	-1	
   15	-1	
   16	0	
   17	0	
   18	0	
   19	0	
   20	0	
   21	-1	
   22	0	
   23	0	
   24	-55	
   25	-42	
   26	-28	
   27	-24	
   28	-23	
   29	-21	
   30	-20	
   31	-20	
   32	-19	
   33	-19	
   34	-18	
   35	-18	
   36	-18	
   37	-1	
   38	0	
   39	-1	
   40	0	
   41	-1	
   42	0	
   43	0	
   44	-1	
   45	-1	
   46	0	
   47	-1	
   48	0	
   49	-1	
   50	0	
   51	-1	
   52	-1	
   53	0	
   54	31	
   55	-67	
   56	-101	
   57	-103	
   58	-103	
   59	-104	
   60	-104	
   61	-105	
   62	-106	
   63	-106	
   64	-106	
   65	-107	
   66	-107	
   67	-107	
   68	-107	
   69	-108	
   70	-108	
   71	-108	
   72	-107	
   73	-107	
   74	-107	
   75	-108	
   76	-107	
   77	-108	
   78	-108	
   79	-108	
   80	-108	
   81	-108	
   82	-108	
   83	-108	
   84	-108	
   85	-108	
   86	-108	
   87	-108	
   88	-108	
   89	-108	
   90	-108	
   91	-108	
   92	-108	
   93	-108	
   94	-108	
   95	-108	
   96	-108	
   97	-108	
   98	-108	
   99	-108	
  100	-108	
  101	-108	
  102	-108	
  103	-108	
  104	-108	
  105	-108	
  106	-108	
  107	-108	
  108	-108	
  109	-108	
  110	-108	
  111	-106	
  112	-104	
  113	-103	
  114	-101	
  115	-100	
  116	-100	
  117	-100	
  118	-100	
  119	-100	
  120	-100	
  121	-100	
  122	-100	
  123	-100	
  124	-100	
  125	-100	
  126	-100	
  127	-100	
  128	-100	
  129	-100	
  130	-100	
  131	-100	
  132	-100	
  133	-100	
  134	-1	
  135	0	
  136	0	
  137	-1	
  138	-1	
  139	-1	
  140	0	
  141	-1	
