    1	-11	
    2	-11	
    3	-11	
    4	-11	
    5	-11	
    6	-11	
    7	-11	
    8	-11	
    9	-11	
   10	-11	
   11	-11	
   12	-12	
   13	-12	
   14	-11	
   15	-12	
   16	-11	
   17	-11	
   18	-11	
   19	-12	
   20	816	
   21	998	
   22	893	
   23	755	
   24	673	
   25	612	
   26	556	
   27	524	
   28	493	
   29	473	
   30	455	
   31	437	
   32	426	
   33	48	
   34	-11	
   35	-11	
   36	-11	
   37	-11	
   38	-11	
   39	-11	
   40	-11	
   41	-11	
   42	-11	
   43	-11	
   44	-11	
   45	-12	
   46	-12	
   47	-11	
   48	-12	
   49	-11	
   50	-11	
   51	-11	
   52	665	
   53	909	
   54	935	
   55	946	
   56	960	
   57	966	
   58	977	
   59	982	
   60	982	
   61	985	
   62	983	
   63	981	
   64	979	
   65	977	
   66	975	
   67	972	
   68	970	
   69	968	
   70	966	
   71	964	
   72	962	
   73	961	
   74	963	
   75	962	
   76	960	
   77	958	
   78	957	
   79	955	
   80	955	
   81	954	
   82	954	
   83	952	
   84	952	
   85	953	
   86	951	
   87	951	
   88	950	
   89	949	
   90	948	
   91	947	
   92	948	
   93	947	
   94	946	
   95	946	
   96	947	
   97	947	
   98	947	
   99	947	
  100	948	
  101	948	
  102	949	
  103	949	
  104	949	
  105	948	
  106	950	
  107	956	
  108	968	
  109	977	
  110	986	
  111	979	
  112	980	
  113	981	
  114	979	
  115	977	
  116	973	
  117	972	
  118	969	
  119	970	
  120	967	
  121	966	
  122	965	
  123	964	
  124	964	
  125	964	
  126	964	
  127	964	
  128	964	
  129	964	
  130	963	
  131	963	
  132	-11	
  133	-11	
  134	-11	
  135	-11	
  136	-11	
  137	-12	
  138	-12	
  139	-12	
