    1	-11	
    2	-11	
    3	-11	
    4	-11	
    5	-11	
    6	-11	
    7	-11	
    8	-11	
    9	-11	
   10	-11	
   11	-11	
   12	-11	
   13	-12	
   14	-11	
   15	-12	
   16	-12	
   17	-11	
   18	-12	
   19	-12	
   20	-12	
   21	-11	
   22	847	
   23	953	
   24	835	
   25	733	
   26	638	
   27	583	
   28	535	
   29	504	
   30	479	
   31	456	
   32	440	
   33	424	
   34	412	
   35	46	
   36	-11	
   37	-11	
   38	-11	
   39	-11	
   40	-11	
   41	-11	
   42	-11	
   43	-11	
   44	-11	
   45	-11	
   46	-11	
   47	-11	
   48	-11	
   49	-12	
   50	-11	
   51	-11	
   52	-12	
   53	397	
   54	694	
   55	930	
   56	956	
   57	972	
   58	984	
   59	993	
   60	1002	
   61	1006	
   62	1008	
   63	1006	
   64	1002	
   65	1001	
   66	1000	
   67	996	
   68	994	
   69	992	
   70	990	
   71	987	
   72	984	
   73	980	
   74	980	
   75	977	
   76	977	
   77	976	
   78	976	
   79	976	
   80	975	
   81	975	
   82	975	
   83	975	
   84	974	
   85	973	
   86	973	
   87	971	
   88	971	
   89	972	
   90	971	
   91	971	
   92	970	
   93	970	
   94	972	
   95	970	
   96	969	
   97	968	
   98	971	
   99	970	
  100	972	
  101	972	
  102	970	
  103	973	
  104	975	
  105	976	
  106	979	
  107	988	
  108	996	
  109	1013	
  110	1010	
  111	996	
  112	989	
  113	984	
  114	980	
  115	978	
  116	975	
  117	974	
  118	970	
  119	968	
  120	967	
  121	970	
  122	968	
  123	967	
  124	966	
  125	966	
  126	967	
  127	967	
  128	968	
  129	969	
  130	-11	
  131	-11	
  132	-11	
  133	-11	
  134	-11	
  135	-11	
  136	-11	
  137	-12	
  138	-12	
