    1	1	
    2	1	
    3	1	
    4	1	
    5	1	
    6	1	
    7	1	
    8	1	
    9	1	
   10	1	
   11	1	
   12	1	
   13	1	
   14	1	
   15	1	
   16	2047	
   17	2047	
   18	2047	
   19	2047	
   20	2047	
   21	2047	
   22	2047	
   23	2047	
   24	2047	
   25	2044	
   26	2008	
   27	1972	
   28	1948	
   29	271	
   30	1	
   31	1	
   32	1	
   33	1	
   34	1	
   35	1	
   36	1	
   37	1	
   38	1	
   39	1	
   40	1	
   41	1	
   42	1	
   43	1	
   44	1	
   45	1	
   46	1	
   47	1	
   48	1	
   49	1	
   50	819	
   51	1115	
   52	1231	
   53	1233	
   54	1236	
   55	1243	
   56	1248	
   57	1252	
   58	1257	
   59	1260	
   60	1266	
   61	1268	
   62	1268	
   63	1270	
   64	1273	
   65	1279	
   66	1281	
   67	1284	
   68	1285	
   69	1286	
   70	1288	
   71	1289	
   72	1290	
   73	1293	
   74	1295	
   75	1297	
   76	1298	
   77	1300	
   78	1304	
   79	1305	
   80	1305	
   81	1306	
   82	1307	
   83	1309	
   84	1309	
   85	1311	
   86	1311	
   87	1314	
   88	1314	
   89	1318	
   90	1324	
   91	1323	
   92	1324	
   93	1322	
   94	1321	
   95	1322	
   96	1322	
   97	1323	
   98	1322	
   99	1322	
  100	1322	
  101	1317	
  102	1301	
  103	1266	
  104	1231	
  105	1189	
  106	1151	
  107	1137	
  108	1132	
  109	1130	
  110	1130	
  111	1130	
  112	1131	
  113	1131	
  114	1131	
  115	1130	
  116	1131	
  117	1129	
  118	1130	
  119	1130	
  120	1129	
  121	1129	
  122	1131	
  123	1131	
  124	1131	
  125	1	
  126	1	
  127	1	
  128	1	
  129	1	
  130	1	
  131	1	
  132	1	
