    1	-11	
    2	-11	
    3	-11	
    4	-11	
    5	-11	
    6	-11	
    7	-11	
    8	-11	
    9	-11	
   10	-11	
   11	-12	
   12	-11	
   13	-11	
   14	-12	
   15	-12	
   16	-12	
   17	-12	
   18	-12	
   19	-12	
   20	-11	
   21	-11	
   22	-12	
   23	203	
   24	866	
   25	954	
   26	801	
   27	706	
   28	618	
   29	568	
   30	530	
   31	495	
   32	473	
   33	451	
   34	436	
   35	423	
   36	409	
   37	-5	
   38	-11	
   39	-11	
   40	-11	
   41	-11	
   42	-11	
   43	-11	
   44	-11	
   45	-11	
   46	-12	
   47	-12	
   48	-11	
   49	-11	
   50	-11	
   51	-11	
   52	-12	
   53	-11	
   54	397	
   55	696	
   56	933	
   57	960	
   58	977	
   59	988	
   60	996	
   61	1002	
   62	1006	
   63	1006	
   64	1006	
   65	1004	
   66	1001	
   67	999	
   68	996	
   69	993	
   70	991	
   71	990	
   72	988	
   73	986	
   74	986	
   75	982	
   76	982	
   77	980	
   78	978	
   79	976	
   80	974	
   81	974	
   82	974	
   83	972	
   84	972	
   85	973	
   86	974	
   87	975	
   88	975	
   89	974	
   90	975	
   91	976	
   92	975	
   93	977	
   94	975	
   95	973	
   96	972	
   97	971	
   98	970	
   99	970	
  100	970	
  101	970	
  102	971	
  103	971	
  104	972	
  105	974	
  106	976	
  107	981	
  108	993	
  109	1005	
  110	1019	
  111	1006	
  112	996	
  113	989	
  114	985	
  115	982	
  116	978	
  117	974	
  118	970	
  119	970	
  120	971	
  121	969	
  122	966	
  123	966	
  124	966	
  125	966	
  126	966	
  127	966	
  128	966	
  129	967	
  130	-9	
  131	-11	
  132	-11	
  133	-11	
  134	-12	
  135	-12	
  136	-11	
  137	-12	
  138	-11	
