    1	-1	
    2	0	
    3	0	
    4	-1	
    5	-1	
    6	-1	
    7	-1	
    8	0	
    9	-1	
   10	-1	
   11	0	
   12	0	
   13	0	
   14	-1	
   15	-1	
   16	-1	
   17	0	
   18	0	
   19	-1	
   20	-1	
   21	0	
   22	-1	
   23	-1	
   24	-53	
   25	-42	
   26	-28	
   27	-24	
   28	-23	
   29	-22	
   30	-20	
   31	-20	
   32	-19	
   33	-19	
   34	-18	
   35	-18	
   36	-18	
   37	0	
   38	0	
   39	0	
   40	0	
   41	0	
   42	0	
   43	0	
   44	0	
   45	0	
   46	-1	
   47	-1	
   48	0	
   49	-1	
   50	0	
   51	-1	
   52	-1	
   53	-1	
   54	32	
   55	-69	
   56	-102	
   57	-102	
   58	-104	
   59	-104	
   60	-105	
   61	-106	
   62	-106	
   63	-107	
   64	-107	
   65	-108	
   66	-108	
   67	-108	
   68	-108	
   69	-109	
   70	-109	
   71	-109	
   72	-109	
   73	-109	
   74	-109	
   75	-109	
   76	-110	
   77	-110	
   78	-110	
   79	-111	
   80	-111	
   81	-111	
   82	-111	
   83	-111	
   84	-111	
   85	-111	
   86	-111	
   87	-111	
   88	-111	
   89	-111	
   90	-111	
   91	-111	
   92	-111	
   93	-111	
   94	-112	
   95	-112	
   96	-112	
   97	-112	
   98	-112	
   99	-112	
  100	-112	
  101	-112	
  102	-112	
  103	-111	
  104	-112	
  105	-112	
  106	-112	
  107	-112	
  108	-111	
  109	-107	
  110	-106	
  111	-104	
  112	-102	
  113	-102	
  114	-101	
  115	-101	
  116	-101	
  117	-101	
  118	-101	
  119	-100	
  120	-100	
  121	-100	
  122	-100	
  123	-100	
  124	-100	
  125	-100	
  126	-100	
  127	-100	
  128	-100	
  129	-100	
  130	-1	
  131	-1	
  132	-1	
  133	0	
  134	0	
  135	0	
  136	-1	
  137	-1	
  138	-1	
