    1	-11	
    2	-11	
    3	-11	
    4	-11	
    5	-11	
    6	-11	
    7	-12	
    8	-12	
    9	-12	
   10	-11	
   11	-11	
   12	-11	
   13	-11	
   14	-11	
   15	-12	
   16	809	
   17	927	
   18	805	
   19	701	
   20	604	
   21	551	
   22	512	
   23	477	
   24	455	
   25	432	
   26	416	
   27	401	
   28	391	
   29	43	
   30	-11	
   31	-11	
   32	-11	
   33	-11	
   34	-11	
   35	-11	
   36	-11	
   37	-11	
   38	-11	
   39	-11	
   40	-11	
   41	-11	
   42	-12	
   43	-11	
   44	-11	
   45	-11	
   46	-12	
   47	-11	
   48	-11	
   49	-11	
   50	566	
   51	745	
   52	919	
   53	938	
   54	948	
   55	960	
   56	966	
   57	973	
   58	977	
   59	980	
   60	981	
   61	980	
   62	975	
   63	975	
   64	974	
   65	976	
   66	975	
   67	973	
   68	972	
   69	970	
   70	968	
   71	967	
   72	965	
   73	967	
   74	967	
   75	968	
   76	967	
   77	966	
   78	969	
   79	969	
   80	966	
   81	966	
   82	965	
   83	967	
   84	966	
   85	966	
   86	965	
   87	968	
   88	968	
   89	970	
   90	978	
   91	976	
   92	977	
   93	976	
   94	975	
   95	977	
   96	978	
   97	979	
   98	978	
   99	979	
  100	981	
  101	981	
  102	985	
  103	989	
  104	1006	
  105	1011	
  106	997	
  107	994	
  108	989	
  109	985	
  110	983	
  111	979	
  112	977	
  113	975	
  114	973	
  115	970	
  116	969	
  117	965	
  118	965	
  119	964	
  120	962	
  121	961	
  122	962	
  123	962	
  124	962	
  125	-11	
  126	-11	
  127	-11	
  128	-11	
  129	-11	
  130	-11	
  131	-12	
  132	-11	
