    1	1	
    2	1	
    3	1	
    4	1	
    5	1	
    6	1	
    7	1	
    8	1	
    9	1	
   10	1	
   11	1	
   12	1	
   13	1	
   14	1	
   15	1	
   16	1	
   17	1	
   18	1	
   19	1	
   20	1	
   21	1	
   22	2047	
   23	2047	
   24	2047	
   25	2047	
   26	2047	
   27	2047	
   28	2047	
   29	2047	
   30	2047	
   31	2047	
   32	2047	
   33	2041	
   34	2004	
   35	281	
   36	1	
   37	1	
   38	1	
   39	1	
   40	1	
   41	1	
   42	1	
   43	1	
   44	1	
   45	1	
   46	1	
   47	1	
   48	1	
   49	1	
   50	1	
   51	1	
   52	1	
   53	1	
   54	1050	
   55	1220	
   56	1224	
   57	1229	
   58	1235	
   59	1241	
   60	1245	
   61	1251	
   62	1253	
   63	1256	
   64	1260	
   65	1263	
   66	1266	
   67	1269	
   68	1272	
   69	1275	
   70	1277	
   71	1280	
   72	1283	
   73	1282	
   74	1285	
   75	1286	
   76	1288	
   77	1291	
   78	1294	
   79	1296	
   80	1297	
   81	1298	
   82	1300	
   83	1302	
   84	1304	
   85	1305	
   86	1306	
   87	1308	
   88	1309	
   89	1310	
   90	1308	
   91	1308	
   92	1311	
   93	1312	
   94	1313	
   95	1314	
   96	1313	
   97	1312	
   98	1312	
   99	1311	
  100	1312	
  101	1311	
  102	1312	
  103	1313	
  104	1313	
  105	1313	
  106	1312	
  107	1306	
  108	1279	
  109	1237	
  110	1203	
  111	1163	
  112	1146	
  113	1134	
  114	1133	
  115	1132	
  116	1132	
  117	1132	
  118	1131	
  119	1131	
  120	1130	
  121	1131	
  122	1130	
  123	1130	
  124	1131	
  125	1130	
  126	1130	
  127	1131	
  128	1132	
  129	1132	
  130	4	
  131	1	
  132	1	
  133	1	
  134	1	
  135	1	
  136	1	
  137	1	
  138	1	
