    1	-11	
    2	-11	
    3	-11	
    4	-11	
    5	-11	
    6	-11	
    7	-12	
    8	-11	
    9	-11	
   10	-11	
   11	-12	
   12	-12	
   13	-12	
   14	-12	
   15	-12	
   16	-11	
   17	-12	
   18	-11	
   19	-11	
   20	-12	
   21	-11	
   22	815	
   23	956	
   24	840	
   25	737	
   26	642	
   27	586	
   28	536	
   29	505	
   30	482	
   31	459	
   32	444	
   33	426	
   34	415	
   35	47	
   36	-11	
   37	-11	
   38	-11	
   39	-11	
   40	-11	
   41	-11	
   42	-11	
   43	-11	
   44	-11	
   45	-12	
   46	-12	
   47	-11	
   48	-11	
   49	-11	
   50	-12	
   51	-11	
   52	-11	
   53	394	
   54	696	
   55	922	
   56	962	
   57	973	
   58	986	
   59	995	
   60	1001	
   61	1005	
   62	1007	
   63	1007	
   64	1006	
   65	1004	
   66	1004	
   67	1000	
   68	996	
   69	994	
   70	992	
   71	991	
   72	989	
   73	987	
   74	986	
   75	985	
   76	983	
   77	982	
   78	982	
   79	981	
   80	978	
   81	978	
   82	978	
   83	977	
   84	977	
   85	979	
   86	978	
   87	977	
   88	977	
   89	977	
   90	977	
   91	977	
   92	978	
   93	979	
   94	977	
   95	977	
   96	978	
   97	977	
   98	979	
   99	976	
  100	977	
  101	980	
  102	982	
  103	982	
  104	981	
  105	984	
  106	987	
  107	996	
  108	1008	
  109	1021	
  110	1020	
  111	1004	
  112	997	
  113	988	
  114	982	
  115	980	
  116	976	
  117	976	
  118	974	
  119	971	
  120	966	
  121	969	
  122	969	
  123	965	
  124	967	
  125	968	
  126	968	
  127	967	
  128	968	
  129	970	
  130	-9	
  131	-11	
  132	-11	
  133	-11	
  134	-12	
  135	-12	
  136	-12	
  137	-12	
  138	-12	
