    1	1	
    2	1	
    3	1	
    4	1	
    5	1	
    6	1	
    7	1	
    8	1	
    9	1	
   10	1	
   11	1	
   12	1	
   13	1	
   14	1	
   15	1	
   16	1	
   17	1	
   18	1	
   19	1	
   20	2047	
   21	2047	
   22	2047	
   23	2047	
   24	2047	
   25	2047	
   26	2047	
   27	2047	
   28	2047	
   29	2047	
   30	2047	
   31	2047	
   32	2030	
   33	2011	
   34	2	
   35	1	
   36	1	
   37	1	
   38	1	
   39	1	
   40	1	
   41	1	
   42	1	
   43	1	
   44	1	
   45	1	
   46	1	
   47	1	
   48	1	
   49	1	
   50	1	
   51	1026	
   52	1192	
   53	1219	
   54	1223	
   55	1228	
   56	1232	
   57	1237	
   58	1241	
   59	1246	
   60	1248	
   61	1253	
   62	1256	
   63	1257	
   64	1259	
   65	1263	
   66	1264	
   67	1266	
   68	1266	
   69	1270	
   70	1272	
   71	1272	
   72	1274	
   73	1276	
   74	1279	
   75	1279	
   76	1282	
   77	1284	
   78	1285	
   79	1288	
   80	1289	
   81	1292	
   82	1293	
   83	1294	
   84	1294	
   85	1296	
   86	1298	
   87	1299	
   88	1300	
   89	1301	
   90	1300	
   91	1301	
   92	1302	
   93	1304	
   94	1302	
   95	1302	
   96	1303	
   97	1303	
   98	1301	
   99	1301	
  100	1302	
  101	1301	
  102	1300	
  103	1297	
  104	1281	
  105	1252	
  106	1213	
  107	1180	
  108	1151	
  109	1134	
  110	1130	
  111	1130	
  112	1130	
  113	1131	
  114	1131	
  115	1132	
  116	1132	
  117	1136	
  118	1132	
  119	1136	
  120	1135	
  121	1140	
  122	1140	
  123	1140	
  124	1140	
  125	1139	
  126	1141	
  127	19	
  128	1	
  129	1	
  130	1	
  131	1	
  132	1	
  133	1	
  134	1	
  135	1	
