    1	1	
    2	1	
    3	1	
    4	1	
    5	1	
    6	1	
    7	1	
    8	1	
    9	1	
   10	1	
   11	1	
   12	1	
   13	1	
   14	1	
   15	1	
   16	1	
   17	2047	
   18	2047	
   19	2047	
   20	2047	
   21	2047	
   22	2047	
   23	2047	
   24	2047	
   25	2047	
   26	2041	
   27	2005	
   28	1981	
   29	1951	
   30	32	
   31	1	
   32	1	
   33	1	
   34	1	
   35	1	
   36	1	
   37	1	
   38	1	
   39	1	
   40	1	
   41	1	
   42	1	
   43	1	
   44	0	
   45	1	
   46	1	
   47	1	
   48	543	
   49	1059	
   50	1216	
   51	1216	
   52	1221	
   53	1226	
   54	1231	
   55	1236	
   56	1239	
   57	1243	
   58	1245	
   59	1250	
   60	1254	
   61	1254	
   62	1257	
   63	1260	
   64	1262	
   65	1266	
   66	1271	
   67	1273	
   68	1277	
   69	1279	
   70	1279	
   71	1277	
   72	1278	
   73	1280	
   74	1282	
   75	1286	
   76	1285	
   77	1288	
   78	1288	
   79	1291	
   80	1293	
   81	1296	
   82	1296	
   83	1295	
   84	1296	
   85	1298	
   86	1300	
   87	1300	
   88	1302	
   89	1303	
   90	1300	
   91	1300	
   92	1301	
   93	1301	
   94	1300	
   95	1299	
   96	1298	
   97	1300	
   98	1300	
   99	1300	
  100	1297	
  101	1287	
  102	1248	
  103	1211	
  104	1187	
  105	1147	
  106	1133	
  107	1129	
  108	1129	
  109	1129	
  110	1130	
  111	1130	
  112	1130	
  113	1131	
  114	1131	
  115	1131	
  116	1130	
  117	1130	
  118	1131	
  119	1131	
  120	1131	
  121	1132	
  122	1136	
  123	1133	
  124	3	
  125	1	
  126	1	
  127	1	
  128	1	
  129	1	
  130	1	
  131	1	
  132	1	
