    1	-11	
    2	-11	
    3	-11	
    4	-11	
    5	-11	
    6	-11	
    7	-11	
    8	-11	
    9	-11	
   10	-11	
   11	-12	
   12	-12	
   13	-12	
   14	-12	
   15	-12	
   16	-11	
   17	-11	
   18	-11	
   19	-12	
   20	-11	
   21	-11	
   22	-11	
   23	847	
   24	961	
   25	850	
   26	730	
   27	657	
   28	590	
   29	551	
   30	521	
   31	489	
   32	470	
   33	448	
   34	435	
   35	423	
   36	-5	
   37	-11	
   38	-11	
   39	-11	
   40	-11	
   41	-11	
   42	-11	
   43	-11	
   44	-11	
   45	-11	
   46	-12	
   47	-11	
   48	-12	
   49	-12	
   50	-11	
   51	-11	
   52	-12	
   53	-12	
   54	396	
   55	695	
   56	941	
   57	968	
   58	988	
   59	998	
   60	1007	
   61	1012	
   62	1013	
   63	1009	
   64	1007	
   65	1005	
   66	1002	
   67	997	
   68	993	
   69	992	
   70	988	
   71	986	
   72	983	
   73	981	
   74	981	
   75	983	
   76	982	
   77	979	
   78	977	
   79	975	
   80	976	
   81	976	
   82	977	
   83	976	
   84	975	
   85	973	
   86	972	
   87	972	
   88	972	
   89	973	
   90	975	
   91	975	
   92	974	
   93	974	
   94	974	
   95	973	
   96	973	
   97	975	
   98	974	
   99	976	
  100	977	
  101	979	
  102	978	
  103	981	
  104	981	
  105	981	
  106	982	
  107	987	
  108	998	
  109	1017	
  110	1021	
  111	1020	
  112	1014	
  113	1012	
  114	1008	
  115	1004	
  116	1000	
  117	997	
  118	995	
  119	994	
  120	992	
  121	988	
  122	985	
  123	986	
  124	984	
  125	984	
  126	982	
  127	981	
  128	981	
  129	980	
  130	-11	
  131	-11	
  132	-11	
  133	-11	
  134	-11	
  135	-11	
  136	-11	
  137	-12	
  138	-11	
