    1	0	
    2	0	
    3	0	
    4	0	
    5	0	
    6	0	
    7	-1	
    8	0	
    9	-1	
   10	-1	
   11	0	
   12	0	
   13	0	
   14	0	
   15	-1	
   16	0	
   17	0	
   18	0	
   19	0	
   20	-1	
   21	0	
   22	-1	
   23	-53	
   24	-42	
   25	-30	
   26	-25	
   27	-23	
   28	-22	
   29	-21	
   30	-20	
   31	-19	
   32	-19	
   33	-18	
   34	-18	
   35	-18	
   36	-1	
   37	-1	
   38	-1	
   39	-1	
   40	-1	
   41	-1	
   42	0	
   43	-1	
   44	-1	
   45	-1	
   46	-1	
   47	-1	
   48	-1	
   49	-1	
   50	-1	
   51	-1	
   52	-1	
   53	-1	
   54	30	
   55	-69	
   56	-104	
   57	-104	
   58	-106	
   59	-107	
   60	-107	
   61	-108	
   62	-109	
   63	-109	
   64	-109	
   65	-110	
   66	-110	
   67	-110	
   68	-110	
   69	-111	
   70	-111	
   71	-111	
   72	-111	
   73	-112	
   74	-112	
   75	-112	
   76	-112	
   77	-112	
   78	-112	
   79	-112	
   80	-112	
   81	-112	
   82	-112	
   83	-112	
   84	-112	
   85	-112	
   86	-112	
   87	-112	
   88	-112	
   89	-112	
   90	-112	
   91	-112	
   92	-112	
   93	-112	
   94	-112	
   95	-112	
   96	-112	
   97	-112	
   98	-112	
   99	-113	
  100	-113	
  101	-113	
  102	-113	
  103	-113	
  104	-113	
  105	-113	
  106	-113	
  107	-113	
  108	-110	
  109	-108	
  110	-107	
  111	-104	
  112	-102	
  113	-101	
  114	-101	
  115	-101	
  116	-101	
  117	-101	
  118	-101	
  119	-101	
  120	-101	
  121	-100	
  122	-100	
  123	-100	
  124	-100	
  125	-100	
  126	-100	
  127	-100	
  128	-100	
  129	-100	
  130	0	
  131	0	
  132	0	
  133	-1	
  134	0	
  135	0	
  136	-1	
  137	0	
  138	0	
