    1	-11	
    2	-11	
    3	-11	
    4	-11	
    5	-11	
    6	-11	
    7	-11	
    8	-11	
    9	-11	
   10	-12	
   11	-12	
   12	-11	
   13	-11	
   14	-12	
   15	-12	
   16	-11	
   17	-11	
   18	-11	
   19	-11	
   20	-11	
   21	-12	
   22	-12	
   23	833	
   24	962	
   25	838	
   26	712	
   27	637	
   28	582	
   29	532	
   30	502	
   31	474	
   32	456	
   33	441	
   34	424	
   35	413	
   36	-5	
   37	-11	
   38	-11	
   39	-11	
   40	-11	
   41	-11	
   42	-11	
   43	-11	
   44	-11	
   45	-11	
   46	-11	
   47	-11	
   48	-11	
   49	-11	
   50	-11	
   51	-11	
   52	-11	
   53	-12	
   54	688	
   55	895	
   56	933	
   57	952	
   58	958	
   59	969	
   60	977	
   61	985	
   62	984	
   63	983	
   64	980	
   65	977	
   66	973	
   67	974	
   68	972	
   69	970	
   70	969	
   71	968	
   72	968	
   73	965	
   74	965	
   75	967	
   76	966	
   77	964	
   78	962	
   79	962	
   80	962	
   81	960	
   82	960	
   83	960	
   84	956	
   85	957	
   86	953	
   87	954	
   88	955	
   89	955	
   90	954	
   91	955	
   92	954	
   93	954	
   94	952	
   95	953	
   96	953	
   97	954	
   98	954	
   99	955	
  100	950	
  101	953	
  102	954	
  103	955	
  104	956	
  105	958	
  106	965	
  107	970	
  108	976	
  109	985	
  110	985	
  111	980	
  112	982	
  113	980	
  114	975	
  115	974	
  116	972	
  117	970	
  118	968	
  119	966	
  120	965	
  121	964	
  122	964	
  123	964	
  124	960	
  125	961	
  126	961	
  127	963	
  128	962	
  129	-9	
  130	-11	
  131	-11	
  132	-11	
  133	-11	
  134	-11	
  135	-11	
  136	-11	
  137	-11	
