    1	-11	
    2	-11	
    3	-11	
    4	-11	
    5	-11	
    6	-11	
    7	-11	
    8	-11	
    9	-11	
   10	-11	
   11	-12	
   12	-11	
   13	-12	
   14	-11	
   15	-11	
   16	-11	
   17	-11	
   18	-11	
   19	-12	
   20	-12	
   21	-11	
   22	852	
   23	970	
   24	847	
   25	741	
   26	646	
   27	591	
   28	540	
   29	509	
   30	485	
   31	461	
   32	446	
   33	429	
   34	419	
   35	47	
   36	-11	
   37	-11	
   38	-11	
   39	-11	
   40	-11	
   41	-12	
   42	-11	
   43	-11	
   44	-11	
   45	-11	
   46	-12	
   47	-11	
   48	-12	
   49	-12	
   50	-12	
   51	-12	
   52	-11	
   53	-11	
   54	396	
   55	689	
   56	918	
   57	943	
   58	961	
   59	971	
   60	980	
   61	989	
   62	994	
   63	997	
   64	994	
   65	993	
   66	988	
   67	984	
   68	981	
   69	976	
   70	974	
   71	972	
   72	970	
   73	969	
   74	968	
   75	968	
   76	966	
   77	966	
   78	964	
   79	963	
   80	962	
   81	963	
   82	961	
   83	958	
   84	957	
   85	957	
   86	958	
   87	957	
   88	956	
   89	955	
   90	955	
   91	955	
   92	954	
   93	955	
   94	955	
   95	956	
   96	956	
   97	953	
   98	955	
   99	955	
  100	955	
  101	954	
  102	956	
  103	956	
  104	954	
  105	953	
  106	956	
  107	960	
  108	968	
  109	976	
  110	987	
  111	986	
  112	983	
  113	982	
  114	984	
  115	979	
  116	976	
  117	973	
  118	972	
  119	967	
  120	965	
  121	964	
  122	963	
  123	964	
  124	962	
  125	964	
  126	964	
  127	966	
  128	965	
  129	966	
  130	966	
  131	-11	
  132	-11	
  133	-11	
  134	-11	
  135	-12	
  136	-12	
  137	-11	
  138	-11	
  139	-12	
