    1	0	
    2	0	
    3	-1	
    4	-1	
    5	-1	
    6	-1	
    7	-1	
    8	-1	
    9	-1	
   10	-1	
   11	-1	
   12	-1	
   13	-1	
   14	-1	
   15	-1	
   16	-1	
   17	0	
   18	-1	
   19	-1	
   20	-1	
   21	0	
   22	-1	
   23	-1	
   24	-25	
   25	-52	
   26	-37	
   27	-28	
   28	-25	
   29	-23	
   30	-21	
   31	-20	
   32	-20	
   33	-19	
   34	-19	
   35	-18	
   36	-18	
   37	-18	
   38	-1	
   39	0	
   40	0	
   41	0	
   42	-1	
   43	-1	
   44	-1	
   45	-1	
   46	-1	
   47	-1	
   48	-1	
   49	-1	
   50	-1	
   51	-1	
   52	-1	
   53	-1	
   54	-1	
   55	31	
   56	-77	
   57	-102	
   58	-103	
   59	-104	
   60	-105	
   61	-106	
   62	-106	
   63	-107	
   64	-107	
   65	-108	
   66	-108	
   67	-108	
   68	-109	
   69	-109	
   70	-109	
   71	-109	
   72	-109	
   73	-109	
   74	-109	
   75	-109	
   76	-109	
   77	-109	
   78	-109	
   79	-109	
   80	-110	
   81	-110	
   82	-109	
   83	-109	
   84	-110	
   85	-110	
   86	-110	
   87	-109	
   88	-109	
   89	-110	
   90	-110	
   91	-110	
   92	-110	
   93	-109	
   94	-110	
   95	-110	
   96	-110	
   97	-110	
   98	-110	
   99	-110	
  100	-110	
  101	-110	
  102	-111	
  103	-111	
  104	-111	
  105	-111	
  106	-111	
  107	-111	
  108	-110	
  109	-109	
  110	-107	
  111	-106	
  112	-105	
  113	-103	
  114	-101	
  115	-101	
  116	-100	
  117	-100	
  118	-100	
  119	-100	
  120	-100	
  121	-100	
  122	-100	
  123	-100	
  124	-100	
  125	-100	
  126	-99	
  127	-100	
  128	-99	
  129	-99	
  130	-99	
  131	-99	
  132	0	
  133	0	
  134	0	
  135	-1	
  136	0	
  137	-1	
  138	0	
  139	0	
