    1	1	
    2	1	
    3	1	
    4	1	
    5	1	
    6	1	
    7	1	
    8	1	
    9	1	
   10	1	
   11	1	
   12	1	
   13	1	
   14	1	
   15	1	
   16	1	
   17	1	
   18	1	
   19	1	
   20	1	
   21	1	
   22	1	
   23	2047	
   24	2047	
   25	2047	
   26	2047	
   27	2047	
   28	2047	
   29	2047	
   30	2047	
   31	2047	
   32	2047	
   33	2047	
   34	2047	
   35	2047	
   36	33	
   37	2	
   38	1	
   39	1	
   40	1	
   41	1	
   42	1	
   43	1	
   44	1	
   45	1	
   46	1	
   47	1	
   48	1	
   49	1	
   50	1	
   51	1	
   52	1	
   53	1	
   54	548	
   55	1049	
   56	1222	
   57	1222	
   58	1225	
   59	1223	
   60	1229	
   61	1236	
   62	1240	
   63	1244	
   64	1246	
   65	1254	
   66	1258	
   67	1260	
   68	1261	
   69	1266	
   70	1269	
   71	1269	
   72	1271	
   73	1273	
   74	1276	
   75	1276	
   76	1280	
   77	1284	
   78	1286	
   79	1289	
   80	1292	
   81	1294	
   82	1295	
   83	1293	
   84	1296	
   85	1298	
   86	1299	
   87	1300	
   88	1301	
   89	1303	
   90	1303	
   91	1306	
   92	1307	
   93	1307	
   94	1307	
   95	1308	
   96	1309	
   97	1310	
   98	1312	
   99	1310	
  100	1310	
  101	1311	
  102	1310	
  103	1310	
  104	1310	
  105	1310	
  106	1309	
  107	1301	
  108	1284	
  109	1243	
  110	1221	
  111	1167	
  112	1147	
  113	1138	
  114	1136	
  115	1133	
  116	1133	
  117	1132	
  118	1134	
  119	1133	
  120	1132	
  121	1133	
  122	1133	
  123	1136	
  124	1134	
  125	1135	
  126	1135	
  127	1136	
  128	1136	
  129	1134	
  130	2	
  131	1	
  132	1	
  133	1	
  134	1	
  135	1	
  136	1	
  137	1	
  138	1	
