    1	1	
    2	1	
    3	1	
    4	1	
    5	1	
    6	1	
    7	1	
    8	1	
    9	1	
   10	1	
   11	1	
   12	1	
   13	1	
   14	1	
   15	1	
   16	1	
   17	1	
   18	1	
   19	1	
   20	1	
   21	1	
   22	1	
   23	1	
   24	659	
   25	2047	
   26	2047	
   27	2047	
   28	2047	
   29	2047	
   30	2047	
   31	2047	
   32	2047	
   33	2047	
   34	2047	
   35	2047	
   36	2043	
   37	2017	
   38	33	
   39	1	
   40	1	
   41	1	
   42	1	
   43	1	
   44	1	
   45	1	
   46	1	
   47	1	
   48	1	
   49	1	
   50	1	
   51	1	
   52	1	
   53	1	
   54	1	
   55	545	
   56	1096	
   57	1213	
   58	1207	
   59	1213	
   60	1217	
   61	1221	
   62	1225	
   63	1230	
   64	1233	
   65	1237	
   66	1242	
   67	1245	
   68	1248	
   69	1249	
   70	1252	
   71	1252	
   72	1258	
   73	1262	
   74	1264	
   75	1269	
   76	1272	
   77	1274	
   78	1279	
   79	1279	
   80	1280	
   81	1282	
   82	1284	
   83	1285	
   84	1288	
   85	1289	
   86	1286	
   87	1289	
   88	1290	
   89	1291	
   90	1292	
   91	1294	
   92	1295	
   93	1297	
   94	1298	
   95	1298	
   96	1300	
   97	1301	
   98	1302	
   99	1302	
  100	1303	
  101	1302	
  102	1302	
  103	1302	
  104	1301	
  105	1302	
  106	1301	
  107	1299	
  108	1290	
  109	1269	
  110	1235	
  111	1202	
  112	1182	
  113	1150	
  114	1138	
  115	1133	
  116	1129	
  117	1129	
  118	1129	
  119	1129	
  120	1127	
  121	1127	
  122	1127	
  123	1128	
  124	1127	
  125	1127	
  126	1126	
  127	1127	
  128	1126	
  129	1127	
  130	1127	
  131	1126	
  132	1	
  133	1	
  134	1	
  135	1	
  136	1	
  137	1	
  138	1	
  139	1	
