    1	-12	
    2	-11	
    3	-12	
    4	-11	
    5	-12	
    6	-12	
    7	-11	
    8	-11	
    9	-11	
   10	-11	
   11	-12	
   12	-12	
   13	-12	
   14	-12	
   15	-11	
   16	-11	
   17	-12	
   18	-12	
   19	-12	
   20	-12	
   21	-12	
   22	-12	
   23	857	
   24	957	
   25	837	
   26	712	
   27	637	
   28	570	
   29	531	
   30	500	
   31	472	
   32	455	
   33	438	
   34	426	
   35	415	
   36	-5	
   37	-11	
   38	-11	
   39	-11	
   40	-11	
   41	-11	
   42	-11	
   43	-11	
   44	-11	
   45	-12	
   46	-11	
   47	-11	
   48	-11	
   49	-12	
   50	-12	
   51	-11	
   52	-12	
   53	-11	
   54	394	
   55	685	
   56	911	
   57	929	
   58	963	
   59	973	
   60	981	
   61	991	
   62	995	
   63	995	
   64	995	
   65	993	
   66	988	
   67	986	
   68	984	
   69	979	
   70	976	
   71	975	
   72	974	
   73	972	
   74	971	
   75	970	
   76	970	
   77	968	
   78	967	
   79	965	
   80	965	
   81	963	
   82	963	
   83	963	
   84	962	
   85	963	
   86	963	
   87	961	
   88	961	
   89	961	
   90	960	
   91	960	
   92	960	
   93	960	
   94	960	
   95	960	
   96	960	
   97	961	
   98	960	
   99	961	
  100	960	
  101	961	
  102	962	
  103	963	
  104	961	
  105	963	
  106	965	
  107	972	
  108	982	
  109	992	
  110	1000	
  111	1002	
  112	991	
  113	988	
  114	983	
  115	981	
  116	978	
  117	979	
  118	977	
  119	975	
  120	974	
  121	974	
  122	973	
  123	972	
  124	970	
  125	969	
  126	968	
  127	968	
  128	967	
  129	967	
  130	968	
  131	-11	
  132	-11	
  133	-11	
  134	-11	
  135	-11	
  136	-11	
  137	-11	
  138	-11	
  139	-12	
