    1	0	
    2	-1	
    3	-1	
    4	0	
    5	-1	
    6	-1	
    7	-1	
    8	-1	
    9	-1	
   10	-1	
   11	-1	
   12	-1	
   13	-1	
   14	0	
   15	0	
   16	-1	
   17	0	
   18	0	
   19	-1	
   20	-1	
   21	-60	
   22	-44	
   23	-32	
   24	-25	
   25	-23	
   26	-22	
   27	-21	
   28	-20	
   29	-19	
   30	-19	
   31	-18	
   32	-18	
   33	-18	
   34	2	
   35	-1	
   36	-1	
   37	-1	
   38	0	
   39	0	
   40	0	
   41	0	
   42	0	
   43	0	
   44	0	
   45	-1	
   46	0	
   47	0	
   48	0	
   49	-1	
   50	0	
   51	-59	
   52	-98	
   53	-103	
   54	-103	
   55	-104	
   56	-105	
   57	-106	
   58	-106	
   59	-107	
   60	-107	
   61	-108	
   62	-108	
   63	-108	
   64	-108	
   65	-108	
   66	-109	
   67	-109	
   68	-109	
   69	-109	
   70	-109	
   71	-109	
   72	-108	
   73	-109	
   74	-109	
   75	-109	
   76	-109	
   77	-109	
   78	-109	
   79	-109	
   80	-109	
   81	-109	
   82	-109	
   83	-109	
   84	-109	
   85	-109	
   86	-109	
   87	-109	
   88	-110	
   89	-110	
   90	-110	
   91	-110	
   92	-110	
   93	-110	
   94	-110	
   95	-110	
   96	-110	
   97	-110	
   98	-110	
   99	-110	
  100	-110	
  101	-110	
  102	-111	
  103	-110	
  104	-110	
  105	-108	
  106	-107	
  107	-106	
  108	-104	
  109	-102	
  110	-101	
  111	-101	
  112	-100	
  113	-100	
  114	-100	
  115	-100	
  116	-100	
  117	-100	
  118	-100	
  119	-100	
  120	-100	
  121	-100	
  122	-100	
  123	-99	
  124	-99	
  125	-99	
  126	-99	
  127	-2	
  128	-1	
  129	-1	
  130	-1	
  131	-1	
  132	-1	
  133	-1	
  134	-1	
  135	-1	
