    1	-11	
    2	-11	
    3	-11	
    4	-11	
    5	-11	
    6	-11	
    7	-11	
    8	-11	
    9	-11	
   10	-11	
   11	-12	
   12	-12	
   13	-11	
   14	-12	
   15	-12	
   16	-11	
   17	-12	
   18	-12	
   19	-11	
   20	769	
   21	930	
   22	879	
   23	774	
   24	675	
   25	616	
   26	562	
   27	529	
   28	505	
   29	479	
   30	460	
   31	445	
   32	430	
   33	419	
   34	-11	
   35	-11	
   36	-11	
   37	-11	
   38	-11	
   39	-12	
   40	-11	
   41	-11	
   42	-11	
   43	-11	
   44	-12	
   45	-12	
   46	-12	
   47	-12	
   48	-11	
   49	-11	
   50	-12	
   51	647	
   52	894	
   53	954	
   54	980	
   55	1014	
   56	1027	
   57	1036	
   58	1037	
   59	1039	
   60	1037	
   61	1031	
   62	1028	
   63	1025	
   64	1020	
   65	1016	
   66	1010	
   67	1008	
   68	1006	
   69	1002	
   70	1002	
   71	1000	
   72	999	
   73	1000	
   74	997	
   75	998	
   76	996	
   77	997	
   78	996	
   79	997	
   80	994	
   81	995	
   82	992	
   83	993	
   84	991	
   85	991	
   86	991	
   87	992	
   88	993	
   89	991	
   90	990	
   91	991	
   92	990	
   93	990	
   94	990	
   95	989	
   96	989	
   97	989	
   98	992	
   99	995	
  100	996	
  101	997	
  102	999	
  103	1002	
  104	1011	
  105	1023	
  106	1034	
  107	1036	
  108	1034	
  109	1031	
  110	1025	
  111	1020	
  112	1017	
  113	1014	
  114	1012	
  115	1010	
  116	1008	
  117	1007	
  118	1007	
  119	1004	
  120	1004	
  121	1003	
  122	1002	
  123	1003	
  124	1003	
  125	133	
  126	-11	
  127	-11	
  128	-11	
  129	-11	
  130	-11	
  131	-11	
  132	-12	
  133	-11	
