    1	1	
    2	1	
    3	1	
    4	1	
    5	1	
    6	1	
    7	1	
    8	1	
    9	1	
   10	1	
   11	1	
   12	1	
   13	1	
   14	1	
   15	1	
   16	1	
   17	1	
   18	1	
   19	1	
   20	2047	
   21	2047	
   22	2047	
   23	2047	
   24	2047	
   25	2047	
   26	2047	
   27	2047	
   28	2047	
   29	2047	
   30	2047	
   31	2047	
   32	2047	
   33	2030	
   34	2	
   35	1	
   36	1	
   37	1	
   38	1	
   39	1	
   40	1	
   41	1	
   42	1	
   43	1	
   44	1	
   45	1	
   46	1	
   47	1	
   48	1	
   49	1	
   50	1	
   51	1024	
   52	1187	
   53	1210	
   54	1216	
   55	1221	
   56	1227	
   57	1230	
   58	1233	
   59	1238	
   60	1242	
   61	1245	
   62	1248	
   63	1252	
   64	1252	
   65	1256	
   66	1258	
   67	1260	
   68	1262	
   69	1264	
   70	1268	
   71	1271	
   72	1271	
   73	1273	
   74	1274	
   75	1277	
   76	1276	
   77	1277	
   78	1279	
   79	1282	
   80	1283	
   81	1284	
   82	1285	
   83	1286	
   84	1288	
   85	1290	
   86	1291	
   87	1292	
   88	1292	
   89	1293	
   90	1294	
   91	1296	
   92	1297	
   93	1297	
   94	1298	
   95	1299	
   96	1299	
   97	1301	
   98	1300	
   99	1298	
  100	1299	
  101	1300	
  102	1298	
  103	1297	
  104	1293	
  105	1279	
  106	1238	
  107	1211	
  108	1187	
  109	1153	
  110	1140	
  111	1133	
  112	1128	
  113	1128	
  114	1127	
  115	1127	
  116	1127	
  117	1127	
  118	1126	
  119	1128	
  120	1128	
  121	1126	
  122	1127	
  123	1128	
  124	1127	
  125	1127	
  126	1127	
  127	1127	
  128	1128	
  129	4	
  130	1	
  131	1	
  132	1	
  133	1	
  134	1	
  135	1	
  136	1	
  137	1	
