    1	-11	
    2	-11	
    3	-11	
    4	-11	
    5	-11	
    6	-12	
    7	-12	
    8	-11	
    9	-12	
   10	-11	
   11	-12	
   12	-12	
   13	-12	
   14	743	
   15	917	
   16	830	
   17	721	
   18	619	
   19	562	
   20	511	
   21	482	
   22	460	
   23	436	
   24	422	
   25	408	
   26	396	
   27	388	
   28	-11	
   29	-11	
   30	-11	
   31	-11	
   32	-11	
   33	-11	
   34	-11	
   35	-11	
   36	-12	
   37	-11	
   38	-12	
   39	-12	
   40	-11	
   41	-11	
   42	-12	
   43	-12	
   44	-11	
   45	665	
   46	861	
   47	916	
   48	940	
   49	950	
   50	963	
   51	969	
   52	975	
   53	979	
   54	980	
   55	980	
   56	980	
   57	977	
   58	977	
   59	977	
   60	974	
   61	972	
   62	971	
   63	970	
   64	969	
   65	970	
   66	967	
   67	968	
   68	968	
   69	965	
   70	965	
   71	966	
   72	965	
   73	965	
   74	965	
   75	965	
   76	965	
   77	967	
   78	965	
   79	965	
   80	965	
   81	967	
   82	967	
   83	968	
   84	966	
   85	969	
   86	968	
   87	969	
   88	971	
   89	971	
   90	973	
   91	973	
   92	973	
   93	974	
   94	974	
   95	973	
   96	972	
   97	977	
   98	982	
   99	990	
  100	1000	
  101	1005	
  102	1003	
  103	1002	
  104	1004	
  105	1002	
  106	1011	
  107	1003	
  108	1000	
  109	1000	
  110	994	
  111	991	
  112	990	
  113	987	
  114	986	
  115	984	
  116	984	
  117	981	
  118	981	
  119	983	
  120	5	
  121	-11	
  122	-11	
  123	-11	
  124	-11	
  125	-11	
  126	-12	
  127	-11	
  128	-11	
