    1	1	
    2	1	
    3	1	
    4	1	
    5	1	
    6	1	
    7	1	
    8	1	
    9	1	
   10	1	
   11	1	
   12	1	
   13	1	
   14	1	
   15	1	
   16	1	
   17	1	
   18	1	
   19	1	
   20	1	
   21	1	
   22	2047	
   23	2047	
   24	2047	
   25	2047	
   26	2047	
   27	2047	
   28	2047	
   29	2047	
   30	2047	
   31	2047	
   32	2047	
   33	2047	
   34	2037	
   35	289	
   36	2	
   37	1	
   38	1	
   39	1	
   40	1	
   41	1	
   42	1	
   43	1	
   44	1	
   45	1	
   46	1	
   47	1	
   48	1	
   49	1	
   50	1	
   51	1	
   52	1	
   53	1	
   54	1060	
   55	1216	
   56	1217	
   57	1221	
   58	1225	
   59	1230	
   60	1234	
   61	1238	
   62	1243	
   63	1246	
   64	1250	
   65	1253	
   66	1253	
   67	1256	
   68	1260	
   69	1263	
   70	1263	
   71	1264	
   72	1268	
   73	1269	
   74	1266	
   75	1267	
   76	1269	
   77	1272	
   78	1274	
   79	1276	
   80	1279	
   81	1280	
   82	1285	
   83	1286	
   84	1288	
   85	1290	
   86	1292	
   87	1294	
   88	1295	
   89	1296	
   90	1297	
   91	1297	
   92	1298	
   93	1299	
   94	1299	
   95	1299	
   96	1299	
   97	1300	
   98	1301	
   99	1301	
  100	1302	
  101	1304	
  102	1302	
  103	1301	
  104	1300	
  105	1298	
  106	1297	
  107	1284	
  108	1259	
  109	1224	
  110	1198	
  111	1173	
  112	1144	
  113	1137	
  114	1135	
  115	1134	
  116	1134	
  117	1134	
  118	1135	
  119	1134	
  120	1133	
  121	1133	
  122	1133	
  123	1134	
  124	1133	
  125	1133	
  126	1132	
  127	1132	
  128	1132	
  129	1132	
  130	1133	
  131	1133	
  132	2	
  133	1	
  134	1	
  135	1	
  136	1	
  137	1	
  138	1	
  139	1	
  140	1	
