    1	-1	
    2	-1	
    3	0	
    4	0	
    5	0	
    6	0	
    7	0	
    8	0	
    9	-1	
   10	0	
   11	-1	
   12	-1	
   13	-1	
   14	-1	
   15	-1	
   16	0	
   17	0	
   18	-1	
   19	0	
   20	-74	
   21	-44	
   22	-32	
   23	-26	
   24	-23	
   25	-22	
   26	-21	
   27	-20	
   28	-20	
   29	-19	
   30	-18	
   31	-18	
   32	-18	
   33	-18	
   34	-1	
   35	-1	
   36	-1	
   37	-1	
   38	-1	
   39	0	
   40	-1	
   41	-1	
   42	0	
   43	-1	
   44	-1	
   45	0	
   46	0	
   47	-1	
   48	0	
   49	0	
   50	0	
   51	-59	
   52	-99	
   53	-102	
   54	-104	
   55	-104	
   56	-105	
   57	-106	
   58	-106	
   59	-107	
   60	-107	
   61	-107	
   62	-108	
   63	-108	
   64	-108	
   65	-109	
   66	-109	
   67	-109	
   68	-109	
   69	-109	
   70	-110	
   71	-110	
   72	-110	
   73	-109	
   74	-110	
   75	-110	
   76	-110	
   77	-110	
   78	-110	
   79	-110	
   80	-110	
   81	-111	
   82	-111	
   83	-110	
   84	-111	
   85	-111	
   86	-111	
   87	-111	
   88	-111	
   89	-111	
   90	-111	
   91	-111	
   92	-111	
   93	-111	
   94	-112	
   95	-112	
   96	-112	
   97	-112	
   98	-112	
   99	-112	
  100	-112	
  101	-112	
  102	-112	
  103	-111	
  104	-111	
  105	-110	
  106	-108	
  107	-106	
  108	-105	
  109	-102	
  110	-101	
  111	-100	
  112	-99	
  113	-99	
  114	-99	
  115	-98	
  116	-98	
  117	-98	
  118	-98	
  119	-98	
  120	-98	
  121	-98	
  122	-98	
  123	-98	
  124	-98	
  125	-98	
  126	-98	
  127	-98	
  128	-98	
  129	0	
  130	0	
  131	-1	
  132	-1	
  133	0	
  134	0	
  135	-1	
  136	0	
  137	-1	
