    1	1	
    2	1	
    3	1	
    4	1	
    5	1	
    6	1	
    7	1	
    8	1	
    9	1	
   10	1	
   11	1	
   12	1	
   13	1	
   14	1	
   15	1	
   16	1	
   17	1	
   18	1	
   19	1	
   20	1	
   21	1	
   22	1	
   23	617	
   24	2047	
   25	2047	
   26	2047	
   27	2047	
   28	2047	
   29	2047	
   30	2047	
   31	2047	
   32	2047	
   33	2047	
   34	2047	
   35	2047	
   36	2025	
   37	33	
   38	1	
   39	1	
   40	1	
   41	1	
   42	1	
   43	1	
   44	1	
   45	1	
   46	1	
   47	1	
   48	1	
   49	1	
   50	1	
   51	1	
   52	1	
   53	549	
   54	1054	
   55	1212	
   56	1219	
   57	1224	
   58	1228	
   59	1234	
   60	1236	
   61	1242	
   62	1246	
   63	1249	
   64	1250	
   65	1253	
   66	1253	
   67	1256	
   68	1257	
   69	1260	
   70	1261	
   71	1263	
   72	1265	
   73	1267	
   74	1270	
   75	1272	
   76	1271	
   77	1273	
   78	1275	
   79	1277	
   80	1278	
   81	1280	
   82	1281	
   83	1282	
   84	1284	
   85	1285	
   86	1287	
   87	1288	
   88	1289	
   89	1290	
   90	1292	
   91	1293	
   92	1294	
   93	1294	
   94	1295	
   95	1296	
   96	1297	
   97	1297	
   98	1297	
   99	1297	
  100	1295	
  101	1293	
  102	1295	
  103	1295	
  104	1294	
  105	1294	
  106	1291	
  107	1284	
  108	1262	
  109	1233	
  110	1205	
  111	1171	
  112	1144	
  113	1135	
  114	1128	
  115	1129	
  116	1128	
  117	1129	
  118	1129	
  119	1129	
  120	1130	
  121	1130	
  122	1130	
  123	1131	
  124	1130	
  125	1131	
  126	1131	
  127	1131	
  128	1131	
  129	1130	
  130	1130	
  131	1129	
  132	1	
  133	1	
  134	1	
  135	1	
  136	1	
  137	1	
  138	1	
  139	1	
