    1	-1	
    2	-1	
    3	-1	
    4	-1	
    5	0	
    6	0	
    7	-1	
    8	-1	
    9	0	
   10	0	
   11	0	
   12	0	
   13	-1	
   14	0	
   15	0	
   16	-1	
   17	0	
   18	-1	
   19	-1	
   20	-1	
   21	-59	
   22	-43	
   23	-31	
   24	-25	
   25	-24	
   26	-22	
   27	-21	
   28	-20	
   29	-20	
   30	-19	
   31	-19	
   32	-18	
   33	-18	
   34	1	
   35	0	
   36	-1	
   37	-1	
   38	-1	
   39	-1	
   40	-1	
   41	-1	
   42	-1	
   43	-1	
   44	-1	
   45	-1	
   46	-1	
   47	0	
   48	-1	
   49	-1	
   50	0	
   51	-1	
   52	-1	
   53	-60	
   54	-101	
   55	-102	
   56	-104	
   57	-104	
   58	-105	
   59	-106	
   60	-107	
   61	-107	
   62	-108	
   63	-108	
   64	-108	
   65	-109	
   66	-109	
   67	-110	
   68	-110	
   69	-111	
   70	-111	
   71	-111	
   72	-111	
   73	-111	
   74	-111	
   75	-111	
   76	-111	
   77	-111	
   78	-111	
   79	-111	
   80	-110	
   81	-111	
   82	-111	
   83	-111	
   84	-111	
   85	-111	
   86	-111	
   87	-111	
   88	-111	
   89	-111	
   90	-111	
   91	-111	
   92	-111	
   93	-111	
   94	-111	
   95	-112	
   96	-112	
   97	-112	
   98	-111	
   99	-112	
  100	-112	
  101	-112	
  102	-112	
  103	-112	
  104	-112	
  105	-112	
  106	-111	
  107	-109	
  108	-108	
  109	-106	
  110	-104	
  111	-102	
  112	-101	
  113	-101	
  114	-101	
  115	-101	
  116	-100	
  117	-100	
  118	-100	
  119	-100	
  120	-100	
  121	-100	
  122	-100	
  123	-100	
  124	-100	
  125	-100	
  126	-100	
  127	-100	
  128	-100	
  129	-100	
  130	-100	
  131	-1	
  132	-1	
  133	-1	
  134	0	
  135	0	
  136	-1	
  137	-1	
  138	-1	
  139	-1	
