    1	-11	
    2	-11	
    3	-11	
    4	-11	
    5	-11	
    6	-11	
    7	-11	
    8	-11	
    9	-11	
   10	-11	
   11	-11	
   12	-11	
   13	-11	
   14	-12	
   15	-12	
   16	-12	
   17	-12	
   18	-11	
   19	-11	
   20	-11	
   21	-11	
   22	-11	
   23	-11	
   24	92	
   25	903	
   26	937	
   27	822	
   28	705	
   29	635	
   30	573	
   31	536	
   32	508	
   33	481	
   34	463	
   35	444	
   36	431	
   37	418	
   38	-10	
   39	-11	
   40	-11	
   41	-11	
   42	-11	
   43	-11	
   44	-11	
   45	-11	
   46	-11	
   47	-11	
   48	-11	
   49	-11	
   50	-11	
   51	-11	
   52	-11	
   53	-11	
   54	-11	
   55	-11	
   56	559	
   57	751	
   58	943	
   59	969	
   60	987	
   61	996	
   62	1003	
   63	1008	
   64	1009	
   65	1008	
   66	1007	
   67	1005	
   68	1000	
   69	997	
   70	995	
   71	992	
   72	988	
   73	986	
   74	986	
   75	987	
   76	985	
   77	983	
   78	982	
   79	982	
   80	976	
   81	975	
   82	974	
   83	973	
   84	972	
   85	970	
   86	970	
   87	971	
   88	969	
   89	967	
   90	967	
   91	968	
   92	968	
   93	967	
   94	967	
   95	966	
   96	966	
   97	966	
   98	963	
   99	966	
  100	968	
  101	968	
  102	970	
  103	970	
  104	972	
  105	970	
  106	971	
  107	971	
  108	970	
  109	972	
  110	980	
  111	985	
  112	992	
  113	1003	
  114	1004	
  115	1003	
  116	1002	
  117	1001	
  118	998	
  119	994	
  120	992	
  121	989	
  122	989	
  123	988	
  124	987	
  125	986	
  126	984	
  127	984	
  128	982	
  129	981	
  130	981	
  131	981	
  132	981	
  133	981	
  134	130	
  135	-11	
  136	-11	
  137	-12	
  138	-11	
  139	-11	
  140	-11	
  141	-11	
  142	-11	
