    1	-1	
    2	-1	
    3	-1	
    4	0	
    5	-1	
    6	0	
    7	0	
    8	-1	
    9	0	
   10	0	
   11	-1	
   12	-1	
   13	-1	
   14	0	
   15	-1	
   16	0	
   17	0	
   18	-1	
   19	-1	
   20	0	
   21	-1	
   22	0	
   23	-53	
   24	-40	
   25	-28	
   26	-24	
   27	-22	
   28	-21	
   29	-20	
   30	-19	
   31	-19	
   32	-19	
   33	-18	
   34	-18	
   35	-17	
   36	-1	
   37	-1	
   38	-1	
   39	-1	
   40	0	
   41	0	
   42	0	
   43	0	
   44	0	
   45	0	
   46	0	
   47	-1	
   48	-1	
   49	-1	
   50	-1	
   51	-1	
   52	0	
   53	31	
   54	-67	
   55	-102	
   56	-103	
   57	-104	
   58	-104	
   59	-105	
   60	-106	
   61	-107	
   62	-107	
   63	-108	
   64	-108	
   65	-108	
   66	-108	
   67	-108	
   68	-108	
   69	-108	
   70	-108	
   71	-108	
   72	-108	
   73	-108	
   74	-108	
   75	-109	
   76	-109	
   77	-109	
   78	-109	
   79	-109	
   80	-109	
   81	-109	
   82	-109	
   83	-109	
   84	-109	
   85	-110	
   86	-110	
   87	-109	
   88	-110	
   89	-110	
   90	-110	
   91	-110	
   92	-110	
   93	-110	
   94	-111	
   95	-111	
   96	-111	
   97	-110	
   98	-111	
   99	-110	
  100	-111	
  101	-111	
  102	-110	
  103	-111	
  104	-110	
  105	-110	
  106	-111	
  107	-109	
  108	-108	
  109	-107	
  110	-106	
  111	-103	
  112	-101	
  113	-100	
  114	-100	
  115	-99	
  116	-99	
  117	-99	
  118	-99	
  119	-99	
  120	-99	
  121	-99	
  122	-99	
  123	-98	
  124	-99	
  125	-99	
  126	-99	
  127	-98	
  128	-98	
  129	-98	
  130	-98	
  131	-6	
  132	0	
  133	-1	
  134	-1	
  135	-1	
  136	-1	
  137	-1	
  138	-1	
  139	0	
