    1	-11	
    2	-12	
    3	-11	
    4	-11	
    5	-11	
    6	-11	
    7	-11	
    8	-11	
    9	-11	
   10	-11	
   11	-12	
   12	-11	
   13	-11	
   14	-11	
   15	-11	
   16	-11	
   17	-11	
   18	-11	
   19	-12	
   20	-11	
   21	-11	
   22	-11	
   23	151	
   24	854	
   25	952	
   26	816	
   27	722	
   28	632	
   29	581	
   30	543	
   31	506	
   32	484	
   33	459	
   34	441	
   35	430	
   36	417	
   37	-5	
   38	-11	
   39	-11	
   40	-11	
   41	-11	
   42	-11	
   43	-11	
   44	-11	
   45	-11	
   46	-11	
   47	-11	
   48	-11	
   49	-11	
   50	-11	
   51	-11	
   52	-11	
   53	-11	
   54	387	
   55	701	
   56	928	
   57	953	
   58	970	
   59	984	
   60	996	
   61	1004	
   62	1006	
   63	1005	
   64	1004	
   65	999	
   66	996	
   67	993	
   68	988	
   69	986	
   70	983	
   71	978	
   72	977	
   73	977	
   74	976	
   75	977	
   76	975	
   77	972	
   78	972	
   79	971	
   80	970	
   81	970	
   82	970	
   83	969	
   84	967	
   85	966	
   86	966	
   87	966	
   88	965	
   89	965	
   90	966	
   91	966	
   92	967	
   93	966	
   94	966	
   95	966	
   96	966	
   97	966	
   98	965	
   99	965	
  100	965	
  101	966	
  102	965	
  103	966	
  104	966	
  105	969	
  106	972	
  107	975	
  108	983	
  109	995	
  110	1004	
  111	1006	
  112	998	
  113	997	
  114	997	
  115	993	
  116	991	
  117	987	
  118	986	
  119	985	
  120	984	
  121	984	
  122	982	
  123	981	
  124	980	
  125	979	
  126	978	
  127	980	
  128	978	
  129	981	
  130	978	
  131	-11	
  132	-11	
  133	-11	
  134	-11	
  135	-11	
  136	-12	
  137	-11	
  138	-11	
