    1	1	
    2	1	
    3	1	
    4	1	
    5	1	
    6	1	
    7	1	
    8	1	
    9	1	
   10	1	
   11	1	
   12	1	
   13	1	
   14	1	
   15	1	
   16	1	
   17	1	
   18	1	
   19	1	
   20	2016	
   21	2047	
   22	2047	
   23	2047	
   24	2047	
   25	2047	
   26	2047	
   27	2047	
   28	2047	
   29	2047	
   30	2047	
   31	2047	
   32	2047	
   33	2029	
   34	2	
   35	1	
   36	1	
   37	1	
   38	1	
   39	1	
   40	1	
   41	1	
   42	1	
   43	1	
   44	1	
   45	1	
   46	1	
   47	1	
   48	1	
   49	1	
   50	1	
   51	1	
   52	1	
   53	1	
   54	547	
   55	1049	
   56	1214	
   57	1212	
   58	1217	
   59	1224	
   60	1229	
   61	1234	
   62	1237	
   63	1242	
   64	1247	
   65	1250	
   66	1253	
   67	1257	
   68	1260	
   69	1259	
   70	1261	
   71	1265	
   72	1267	
   73	1269	
   74	1272	
   75	1272	
   76	1275	
   77	1269	
   78	1277	
   79	1279	
   80	1280	
   81	1281	
   82	1283	
   83	1284	
   84	1285	
   85	1287	
   86	1288	
   87	1290	
   88	1292	
   89	1292	
   90	1295	
   91	1296	
   92	1298	
   93	1298	
   94	1297	
   95	1298	
   96	1298	
   97	1298	
   98	1300	
   99	1300	
  100	1300	
  101	1301	
  102	1301	
  103	1300	
  104	1300	
  105	1301	
  106	1300	
  107	1297	
  108	1283	
  109	1258	
  110	1222	
  111	1200	
  112	1172	
  113	1147	
  114	1135	
  115	1132	
  116	1130	
  117	1128	
  118	1129	
  119	1129	
  120	1130	
  121	1130	
  122	1130	
  123	1130	
  124	1131	
  125	1132	
  126	1133	
  127	1133	
  128	1132	
  129	1132	
  130	1132	
  131	1132	
  132	169	
  133	1	
  134	1	
  135	1	
  136	1	
  137	1	
  138	1	
  139	1	
  140	1	
