    1	1	
    2	1	
    3	1	
    4	1	
    5	1	
    6	1	
    7	1	
    8	1	
    9	1	
   10	1	
   11	1	
   12	1	
   13	1	
   14	1	
   15	1	
   16	1	
   17	1	
   18	1	
   19	1	
   20	1	
   21	1	
   22	1	
   23	1	
   24	2047	
   25	2047	
   26	2047	
   27	2047	
   28	2047	
   29	2047	
   30	2047	
   31	2047	
   32	2047	
   33	2047	
   34	2047	
   35	2047	
   36	2016	
   37	33	
   38	1	
   39	1	
   40	1	
   41	1	
   42	1	
   43	1	
   44	1	
   45	1	
   46	1	
   47	1	
   48	1	
   49	1	
   50	1	
   51	1	
   52	1	
   53	1	
   54	544	
   55	1044	
   56	1209	
   57	1209	
   58	1213	
   59	1218	
   60	1222	
   61	1227	
   62	1231	
   63	1235	
   64	1241	
   65	1244	
   66	1249	
   67	1252	
   68	1256	
   69	1258	
   70	1258	
   71	1261	
   72	1263	
   73	1265	
   74	1269	
   75	1272	
   76	1275	
   77	1274	
   78	1276	
   79	1278	
   80	1280	
   81	1281	
   82	1281	
   83	1283	
   84	1285	
   85	1286	
   86	1288	
   87	1290	
   88	1290	
   89	1291	
   90	1293	
   91	1292	
   92	1294	
   93	1295	
   94	1296	
   95	1295	
   96	1298	
   97	1297	
   98	1298	
   99	1298	
  100	1297	
  101	1298	
  102	1299	
  103	1299	
  104	1299	
  105	1299	
  106	1298	
  107	1290	
  108	1271	
  109	1226	
  110	1199	
  111	1165	
  112	1144	
  113	1133	
  114	1130	
  115	1129	
  116	1129	
  117	1129	
  118	1129	
  119	1129	
  120	1128	
  121	1129	
  122	1129	
  123	1130	
  124	1130	
  125	1129	
  126	1128	
  127	1128	
  128	1127	
  129	1128	
  130	1128	
  131	2	
  132	1	
  133	1	
  134	1	
  135	1	
  136	1	
  137	1	
  138	1	
