    1	1	
    2	1	
    3	1	
    4	1	
    5	1	
    6	1	
    7	1	
    8	1	
    9	1	
   10	1	
   11	1	
   12	1	
   13	1	
   14	1	
   15	1	
   16	1	
   17	1	
   18	1	
   19	1	
   20	2047	
   21	2047	
   22	2047	
   23	2047	
   24	2047	
   25	2047	
   26	2047	
   27	2047	
   28	2047	
   29	2047	
   30	2047	
   31	2042	
   32	2019	
   33	1995	
   34	2	
   35	1	
   36	1	
   37	1	
   38	1	
   39	1	
   40	1	
   41	1	
   42	1	
   43	1	
   44	1	
   45	1	
   46	1	
   47	1	
   48	1	
   49	1	
   50	1	
   51	1	
   52	1027	
   53	1193	
   54	1217	
   55	1220	
   56	1226	
   57	1231	
   58	1235	
   59	1240	
   60	1242	
   61	1245	
   62	1249	
   63	1253	
   64	1257	
   65	1259	
   66	1263	
   67	1265	
   68	1267	
   69	1269	
   70	1271	
   71	1272	
   72	1274	
   73	1277	
   74	1279	
   75	1280	
   76	1283	
   77	1284	
   78	1286	
   79	1288	
   80	1287	
   81	1289	
   82	1290	
   83	1292	
   84	1294	
   85	1294	
   86	1296	
   87	1296	
   88	1297	
   89	1301	
   90	1301	
   91	1304	
   92	1304	
   93	1304	
   94	1304	
   95	1303	
   96	1303	
   97	1305	
   98	1304	
   99	1304	
  100	1303	
  101	1304	
  102	1303	
  103	1301	
  104	1291	
  105	1269	
  106	1228	
  107	1203	
  108	1180	
  109	1149	
  110	1139	
  111	1133	
  112	1132	
  113	1130	
  114	1129	
  115	1129	
  116	1129	
  117	1128	
  118	1129	
  119	1130	
  120	1131	
  121	1131	
  122	1131	
  123	1130	
  124	1129	
  125	1128	
  126	1128	
  127	19	
  128	1	
  129	1	
  130	1	
  131	1	
  132	1	
  133	1	
  134	1	
  135	1	
