    1	-1	
    2	0	
    3	0	
    4	0	
    5	-1	
    6	-1	
    7	0	
    8	-1	
    9	0	
   10	0	
   11	-1	
   12	-1	
   13	-1	
   14	-1	
   15	-1	
   16	0	
   17	-1	
   18	-1	
   19	-70	
   20	-49	
   21	-31	
   22	-26	
   23	-23	
   24	-22	
   25	-21	
   26	-20	
   27	-19	
   28	-19	
   29	-19	
   30	-18	
   31	-18	
   32	-17	
   33	-1	
   34	-1	
   35	-1	
   36	0	
   37	0	
   38	0	
   39	0	
   40	0	
   41	0	
   42	0	
   43	0	
   44	-1	
   45	0	
   46	-1	
   47	-1	
   48	-1	
   49	0	
   50	0	
   51	-60	
   52	-99	
   53	-102	
   54	-102	
   55	-103	
   56	-105	
   57	-106	
   58	-106	
   59	-107	
   60	-107	
   61	-107	
   62	-108	
   63	-108	
   64	-109	
   65	-109	
   66	-109	
   67	-109	
   68	-110	
   69	-110	
   70	-110	
   71	-110	
   72	-110	
   73	-110	
   74	-111	
   75	-110	
   76	-110	
   77	-110	
   78	-111	
   79	-111	
   80	-111	
   81	-111	
   82	-111	
   83	-111	
   84	-111	
   85	-111	
   86	-111	
   87	-111	
   88	-111	
   89	-111	
   90	-111	
   91	-111	
   92	-111	
   93	-111	
   94	-111	
   95	-111	
   96	-112	
   97	-111	
   98	-112	
   99	-112	
  100	-112	
  101	-112	
  102	-112	
  103	-112	
  104	-111	
  105	-111	
  106	-108	
  107	-107	
  108	-104	
  109	-102	
  110	-101	
  111	-100	
  112	-100	
  113	-100	
  114	-99	
  115	-99	
  116	-99	
  117	-99	
  118	-99	
  119	-99	
  120	-99	
  121	-99	
  122	-99	
  123	-99	
  124	-99	
  125	-99	
  126	-99	
  127	-99	
  128	-99	
  129	0	
  130	-1	
  131	0	
  132	-1	
  133	-1	
  134	-1	
  135	0	
  136	-1	
