    1	0	
    2	0	
    3	-1	
    4	-1	
    5	-1	
    6	-1	
    7	-1	
    8	-1	
    9	-1	
   10	-1	
   11	-1	
   12	-1	
   13	-1	
   14	-1	
   15	-1	
   16	0	
   17	0	
   18	0	
   19	0	
   20	0	
   21	-57	
   22	-43	
   23	-31	
   24	-25	
   25	-23	
   26	-22	
   27	-20	
   28	-20	
   29	-19	
   30	-19	
   31	-18	
   32	-18	
   33	-17	
   34	2	
   35	-1	
   36	-1	
   37	-1	
   38	0	
   39	-1	
   40	-1	
   41	-1	
   42	-1	
   43	0	
   44	-1	
   45	-1	
   46	-1	
   47	-1	
   48	-1	
   49	-1	
   50	0	
   51	0	
   52	-1	
   53	-60	
   54	-101	
   55	-102	
   56	-103	
   57	-105	
   58	-106	
   59	-107	
   60	-107	
   61	-108	
   62	-108	
   63	-109	
   64	-109	
   65	-109	
   66	-110	
   67	-110	
   68	-110	
   69	-110	
   70	-110	
   71	-110	
   72	-110	
   73	-110	
   74	-111	
   75	-111	
   76	-111	
   77	-111	
   78	-111	
   79	-111	
   80	-110	
   81	-111	
   82	-111	
   83	-111	
   84	-111	
   85	-111	
   86	-111	
   87	-111	
   88	-111	
   89	-111	
   90	-111	
   91	-111	
   92	-112	
   93	-112	
   94	-112	
   95	-111	
   96	-112	
   97	-112	
   98	-112	
   99	-112	
  100	-112	
  101	-112	
  102	-112	
  103	-112	
  104	-112	
  105	-112	
  106	-110	
  107	-108	
  108	-108	
  109	-105	
  110	-103	
  111	-101	
  112	-101	
  113	-101	
  114	-101	
  115	-100	
  116	-100	
  117	-100	
  118	-100	
  119	-100	
  120	-100	
  121	-100	
  122	-100	
  123	-100	
  124	-100	
  125	-100	
  126	-99	
  127	-100	
  128	-100	
  129	-1	
  130	-1	
  131	-1	
  132	-1	
  133	-1	
  134	-1	
  135	-1	
  136	-1	
  137	-1	
