    1	1	
    2	1	
    3	1	
    4	1	
    5	1	
    6	1	
    7	1	
    8	1	
    9	1	
   10	1	
   11	1	
   12	1	
   13	1	
   14	1	
   15	1	
   16	1	
   17	1	
   18	1	
   19	1	
   20	1	
   21	1	
   22	1	
   23	2047	
   24	2047	
   25	2047	
   26	2047	
   27	2047	
   28	2047	
   29	2047	
   30	2047	
   31	2047	
   32	2047	
   33	2047	
   34	2038	
   35	2010	
   36	33	
   37	2	
   38	1	
   39	1	
   40	1	
   41	1	
   42	1	
   43	1	
   44	1	
   45	1	
   46	1	
   47	1	
   48	1	
   49	1	
   50	1	
   51	1	
   52	1	
   53	1	
   54	548	
   55	1097	
   56	1216	
   57	1219	
   58	1225	
   59	1231	
   60	1236	
   61	1242	
   62	1246	
   63	1251	
   64	1254	
   65	1258	
   66	1258	
   67	1260	
   68	1263	
   69	1265	
   70	1268	
   71	1264	
   72	1271	
   73	1273	
   74	1275	
   75	1277	
   76	1279	
   77	1279	
   78	1280	
   79	1281	
   80	1284	
   81	1287	
   82	1289	
   83	1292	
   84	1294	
   85	1295	
   86	1297	
   87	1297	
   88	1298	
   89	1300	
   90	1301	
   91	1303	
   92	1304	
   93	1305	
   94	1305	
   95	1307	
   96	1307	
   97	1307	
   98	1308	
   99	1308	
  100	1309	
  101	1309	
  102	1308	
  103	1309	
  104	1309	
  105	1309	
  106	1307	
  107	1305	
  108	1292	
  109	1262	
  110	1221	
  111	1187	
  112	1154	
  113	1137	
  114	1135	
  115	1133	
  116	1133	
  117	1133	
  118	1132	
  119	1133	
  120	1137	
  121	1135	
  122	1135	
  123	1136	
  124	1136	
  125	1136	
  126	1134	
  127	1136	
  128	1135	
  129	1136	
  130	1135	
  131	2	
  132	1	
  133	1	
  134	1	
  135	1	
  136	1	
  137	1	
  138	1	
