    1	0	
    2	0	
    3	-1	
    4	-1	
    5	-1	
    6	0	
    7	0	
    8	-1	
    9	0	
   10	0	
   11	-1	
   12	0	
   13	0	
   14	0	
   15	-1	
   16	0	
   17	-1	
   18	0	
   19	0	
   20	0	
   21	0	
   22	-58	
   23	-44	
   24	-30	
   25	-25	
   26	-23	
   27	-22	
   28	-21	
   29	-20	
   30	-19	
   31	-19	
   32	-18	
   33	-18	
   34	-18	
   35	1	
   36	-1	
   37	-1	
   38	-1	
   39	0	
   40	-1	
   41	-1	
   42	-1	
   43	0	
   44	-1	
   45	-1	
   46	-1	
   47	-1	
   48	-1	
   49	-1	
   50	-1	
   51	-1	
   52	-1	
   53	-1	
   54	-68	
   55	-100	
   56	-102	
   57	-103	
   58	-104	
   59	-104	
   60	-105	
   61	-106	
   62	-106	
   63	-107	
   64	-107	
   65	-108	
   66	-108	
   67	-108	
   68	-108	
   69	-109	
   70	-109	
   71	-109	
   72	-110	
   73	-110	
   74	-110	
   75	-110	
   76	-110	
   77	-110	
   78	-110	
   79	-110	
   80	-110	
   81	-110	
   82	-110	
   83	-110	
   84	-110	
   85	-110	
   86	-111	
   87	-111	
   88	-111	
   89	-111	
   90	-111	
   91	-111	
   92	-111	
   93	-111	
   94	-111	
   95	-111	
   96	-111	
   97	-111	
   98	-111	
   99	-111	
  100	-111	
  101	-111	
  102	-112	
  103	-112	
  104	-112	
  105	-112	
  106	-111	
  107	-111	
  108	-111	
  109	-109	
  110	-107	
  111	-105	
  112	-102	
  113	-100	
  114	-100	
  115	-99	
  116	-99	
  117	-99	
  118	-99	
  119	-99	
  120	-99	
  121	-99	
  122	-99	
  123	-99	
  124	-99	
  125	-99	
  126	-99	
  127	-99	
  128	-99	
  129	-99	
  130	-99	
  131	-99	
  132	0	
  133	-1	
  134	0	
  135	0	
  136	0	
  137	0	
  138	0	
  139	0	
