    1	-1	
    2	-1	
    3	-1	
    4	-1	
    5	-1	
    6	-1	
    7	0	
    8	-1	
    9	0	
   10	0	
   11	-1	
   12	0	
   13	0	
   14	-1	
   15	0	
   16	-1	
   17	-1	
   18	-1	
   19	-1	
   20	0	
   21	0	
   22	-58	
   23	-41	
   24	-30	
   25	-25	
   26	-23	
   27	-22	
   28	-20	
   29	-20	
   30	-19	
   31	-19	
   32	-18	
   33	-18	
   34	-18	
   35	2	
   36	-1	
   37	0	
   38	0	
   39	-1	
   40	-1	
   41	0	
   42	0	
   43	-1	
   44	-1	
   45	0	
   46	0	
   47	0	
   48	0	
   49	-1	
   50	-1	
   51	-1	
   52	-1	
   53	-67	
   54	-100	
   55	-101	
   56	-102	
   57	-104	
   58	-104	
   59	-105	
   60	-106	
   61	-106	
   62	-107	
   63	-107	
   64	-108	
   65	-108	
   66	-108	
   67	-109	
   68	-109	
   69	-109	
   70	-109	
   71	-110	
   72	-110	
   73	-110	
   74	-110	
   75	-110	
   76	-110	
   77	-110	
   78	-110	
   79	-110	
   80	-110	
   81	-110	
   82	-110	
   83	-110	
   84	-110	
   85	-110	
   86	-110	
   87	-110	
   88	-110	
   89	-110	
   90	-110	
   91	-111	
   92	-111	
   93	-111	
   94	-111	
   95	-111	
   96	-111	
   97	-111	
   98	-111	
   99	-111	
  100	-111	
  101	-111	
  102	-111	
  103	-111	
  104	-111	
  105	-111	
  106	-111	
  107	-110	
  108	-108	
  109	-107	
  110	-105	
  111	-103	
  112	-101	
  113	-101	
  114	-101	
  115	-101	
  116	-100	
  117	-100	
  118	-100	
  119	-100	
  120	-99	
  121	-100	
  122	-100	
  123	-100	
  124	-99	
  125	-99	
  126	-99	
  127	-100	
  128	-99	
  129	-99	
  130	-99	
  131	0	
  132	0	
  133	0	
  134	0	
  135	0	
  136	0	
  137	-1	
  138	-1	
  139	0	
