    1	-11	
    2	-11	
    3	-11	
    4	-11	
    5	-11	
    6	-11	
    7	-11	
    8	-11	
    9	-11	
   10	-11	
   11	-11	
   12	-11	
   13	-12	
   14	-11	
   15	-11	
   16	-12	
   17	-12	
   18	-12	
   19	-12	
   20	-11	
   21	-12	
   22	-12	
   23	857	
   24	947	
   25	805	
   26	711	
   27	639	
   28	574	
   29	537	
   30	500	
   31	477	
   32	459	
   33	439	
   34	425	
   35	412	
   36	-5	
   37	-11	
   38	-11	
   39	-11	
   40	-11	
   41	-11	
   42	-11	
   43	-11	
   44	-11	
   45	-11	
   46	-11	
   47	-12	
   48	-11	
   49	-12	
   50	-12	
   51	-11	
   52	-11	
   53	-11	
   54	397	
   55	744	
   56	941	
   57	968	
   58	986	
   59	997	
   60	1007	
   61	1015	
   62	1017	
   63	1016	
   64	1014	
   65	1010	
   66	1005	
   67	1001	
   68	997	
   69	994	
   70	991	
   71	984	
   72	986	
   73	984	
   74	982	
   75	981	
   76	980	
   77	977	
   78	975	
   79	974	
   80	975	
   81	975	
   82	975	
   83	976	
   84	977	
   85	975	
   86	976	
   87	975	
   88	973	
   89	975	
   90	975	
   91	975	
   92	974	
   93	975	
   94	974	
   95	975	
   96	975	
   97	974	
   98	976	
   99	977	
  100	978	
  101	978	
  102	978	
  103	980	
  104	980	
  105	980	
  106	980	
  107	982	
  108	989	
  109	995	
  110	1015	
  111	1021	
  112	1012	
  113	1004	
  114	1000	
  115	995	
  116	992	
  117	991	
  118	988	
  119	987	
  120	990	
  121	986	
  122	985	
  123	985	
  124	984	
  125	983	
  126	980	
  127	982	
  128	980	
  129	980	
  130	979	
  131	-11	
  132	-11	
  133	-11	
  134	-11	
  135	-11	
  136	-11	
  137	-11	
  138	-11	
