    1	0	
    2	-1	
    3	0	
    4	0	
    5	-1	
    6	-1	
    7	-1	
    8	-1	
    9	-1	
   10	-1	
   11	-1	
   12	-1	
   13	-1	
   14	0	
   15	-1	
   16	-1	
   17	-1	
   18	0	
   19	-1	
   20	-68	
   21	-43	
   22	-31	
   23	-26	
   24	-23	
   25	-22	
   26	-21	
   27	-20	
   28	-20	
   29	-19	
   30	-18	
   31	-18	
   32	-18	
   33	-17	
   34	-1	
   35	-1	
   36	0	
   37	0	
   38	0	
   39	0	
   40	-1	
   41	-1	
   42	-1	
   43	-1	
   44	-1	
   45	0	
   46	0	
   47	0	
   48	0	
   49	0	
   50	-1	
   51	-1	
   52	-61	
   53	-99	
   54	-102	
   55	-103	
   56	-104	
   57	-106	
   58	-106	
   59	-107	
   60	-107	
   61	-107	
   62	-108	
   63	-108	
   64	-108	
   65	-109	
   66	-109	
   67	-109	
   68	-109	
   69	-109	
   70	-110	
   71	-110	
   72	-110	
   73	-110	
   74	-111	
   75	-111	
   76	-111	
   77	-111	
   78	-111	
   79	-111	
   80	-111	
   81	-111	
   82	-111	
   83	-111	
   84	-111	
   85	-111	
   86	-111	
   87	-111	
   88	-111	
   89	-111	
   90	-111	
   91	-111	
   92	-111	
   93	-111	
   94	-111	
   95	-111	
   96	-111	
   97	-111	
   98	-112	
   99	-112	
  100	-111	
  101	-112	
  102	-112	
  103	-111	
  104	-111	
  105	-111	
  106	-109	
  107	-108	
  108	-105	
  109	-103	
  110	-101	
  111	-100	
  112	-100	
  113	-99	
  114	-99	
  115	-99	
  116	-100	
  117	-99	
  118	-99	
  119	-99	
  120	-99	
  121	-99	
  122	-99	
  123	-99	
  124	-99	
  125	-99	
  126	-99	
  127	-99	
  128	0	
  129	0	
  130	-1	
  131	0	
  132	0	
  133	-1	
  134	-1	
  135	0	
  136	-1	
