    1	1	
    2	1	
    3	1	
    4	1	
    5	1	
    6	1	
    7	1	
    8	1	
    9	1	
   10	1	
   11	1	
   12	1	
   13	1	
   14	1	
   15	1	
   16	1	
   17	1	
   18	1	
   19	1	
   20	1	
   21	2047	
   22	2047	
   23	2047	
   24	2047	
   25	2047	
   26	2047	
   27	2047	
   28	2047	
   29	2047	
   30	2047	
   31	2047	
   32	2047	
   33	2028	
   34	33	
   35	2	
   36	1	
   37	1	
   38	1	
   39	1	
   40	1	
   41	1	
   42	1	
   43	1	
   44	1	
   45	1	
   46	1	
   47	1	
   48	1	
   49	1	
   50	1	
   51	1	
   52	548	
   53	1062	
   54	1224	
   55	1226	
   56	1234	
   57	1238	
   58	1243	
   59	1249	
   60	1252	
   61	1259	
   62	1264	
   63	1264	
   64	1265	
   65	1267	
   66	1270	
   67	1272	
   68	1274	
   69	1277	
   70	1280	
   71	1282	
   72	1284	
   73	1286	
   74	1288	
   75	1289	
   76	1292	
   77	1293	
   78	1294	
   79	1297	
   80	1298	
   81	1297	
   82	1299	
   83	1301	
   84	1302	
   85	1302	
   86	1304	
   87	1306	
   88	1306	
   89	1309	
   90	1310	
   91	1312	
   92	1312	
   93	1313	
   94	1313	
   95	1313	
   96	1310	
   97	1310	
   98	1309	
   99	1310	
  100	1310	
  101	1312	
  102	1310	
  103	1310	
  104	1310	
  105	1307	
  106	1292	
  107	1263	
  108	1236	
  109	1193	
  110	1168	
  111	1148	
  112	1138	
  113	1136	
  114	1136	
  115	1137	
  116	1136	
  117	1136	
  118	1136	
  119	1136	
  120	1136	
  121	1137	
  122	1137	
  123	1137	
  124	1138	
  125	1137	
  126	1136	
  127	1136	
  128	1136	
  129	1	
  130	1	
  131	1	
  132	1	
  133	1	
  134	1	
  135	1	
  136	1	
