    1	-1	
    2	-1	
    3	0	
    4	-1	
    5	-1	
    6	0	
    7	0	
    8	0	
    9	0	
   10	0	
   11	0	
   12	0	
   13	-1	
   14	-1	
   15	0	
   16	0	
   17	-1	
   18	0	
   19	0	
   20	-1	
   21	0	
   22	0	
   23	-57	
   24	-42	
   25	-29	
   26	-24	
   27	-23	
   28	-21	
   29	-20	
   30	-20	
   31	-19	
   32	-19	
   33	-18	
   34	-18	
   35	-17	
   36	-1	
   37	-1	
   38	-1	
   39	-1	
   40	0	
   41	-1	
   42	-1	
   43	-1	
   44	-1	
   45	0	
   46	-1	
   47	-1	
   48	-1	
   49	-1	
   50	0	
   51	0	
   52	0	
   53	0	
   54	34	
   55	-68	
   56	-102	
   57	-103	
   58	-104	
   59	-105	
   60	-106	
   61	-106	
   62	-107	
   63	-107	
   64	-108	
   65	-108	
   66	-108	
   67	-109	
   68	-109	
   69	-109	
   70	-109	
   71	-110	
   72	-110	
   73	-110	
   74	-110	
   75	-110	
   76	-111	
   77	-111	
   78	-111	
   79	-111	
   80	-111	
   81	-111	
   82	-110	
   83	-111	
   84	-111	
   85	-111	
   86	-111	
   87	-111	
   88	-111	
   89	-111	
   90	-111	
   91	-111	
   92	-111	
   93	-111	
   94	-111	
   95	-111	
   96	-111	
   97	-111	
   98	-111	
   99	-111	
  100	-111	
  101	-111	
  102	-111	
  103	-111	
  104	-111	
  105	-112	
  106	-112	
  107	-112	
  108	-111	
  109	-109	
  110	-107	
  111	-106	
  112	-103	
  113	-101	
  114	-100	
  115	-100	
  116	-100	
  117	-100	
  118	-100	
  119	-100	
  120	-100	
  121	-99	
  122	-99	
  123	-99	
  124	-99	
  125	-99	
  126	-99	
  127	-99	
  128	-99	
  129	-99	
  130	-99	
  131	-99	
  132	-99	
  133	-1	
  134	-1	
  135	-1	
  136	-1	
  137	-1	
  138	-1	
  139	0	
  140	0	
