    1	-1	
    2	0	
    3	0	
    4	-1	
    5	0	
    6	-1	
    7	0	
    8	0	
    9	0	
   10	0	
   11	0	
   12	0	
   13	0	
   14	-1	
   15	-1	
   16	-1	
   17	0	
   18	0	
   19	-1	
   20	0	
   21	0	
   22	-59	
   23	-42	
   24	-30	
   25	-25	
   26	-23	
   27	-22	
   28	-20	
   29	-20	
   30	-19	
   31	-19	
   32	-18	
   33	-18	
   34	-18	
   35	0	
   36	0	
   37	-1	
   38	-1	
   39	-1	
   40	0	
   41	0	
   42	-1	
   43	0	
   44	0	
   45	0	
   46	-1	
   47	0	
   48	-1	
   49	0	
   50	0	
   51	0	
   52	-1	
   53	33	
   54	-67	
   55	-101	
   56	-101	
   57	-102	
   58	-103	
   59	-104	
   60	-104	
   61	-105	
   62	-106	
   63	-106	
   64	-106	
   65	-107	
   66	-107	
   67	-107	
   68	-107	
   69	-107	
   70	-107	
   71	-107	
   72	-108	
   73	-108	
   74	-108	
   75	-108	
   76	-108	
   77	-108	
   78	-108	
   79	-109	
   80	-108	
   81	-108	
   82	-108	
   83	-108	
   84	-108	
   85	-108	
   86	-108	
   87	-108	
   88	-108	
   89	-109	
   90	-109	
   91	-109	
   92	-109	
   93	-109	
   94	-109	
   95	-109	
   96	-109	
   97	-109	
   98	-109	
   99	-109	
  100	-109	
  101	-109	
  102	-109	
  103	-109	
  104	-109	
  105	-109	
  106	-109	
  107	-109	
  108	-108	
  109	-108	
  110	-106	
  111	-104	
  112	-102	
  113	-101	
  114	-100	
  115	-99	
  116	-99	
  117	-99	
  118	-99	
  119	-99	
  120	-99	
  121	-99	
  122	-99	
  123	-99	
  124	-98	
  125	-98	
  126	-98	
  127	-98	
  128	-98	
  129	-98	
  130	-98	
  131	-98	
  132	-6	
  133	0	
  134	0	
  135	0	
  136	-1	
  137	-1	
  138	0	
  139	-1	
  140	0	
