    1	-1	
    2	-1	
    3	0	
    4	-1	
    5	0	
    6	-1	
    7	-1	
    8	-1	
    9	0	
   10	0	
   11	-1	
   12	-1	
   13	-1	
   14	0	
   15	-1	
   16	0	
   17	-1	
   18	0	
   19	0	
   20	0	
   21	0	
   22	-1	
   23	-19	
   24	-51	
   25	-36	
   26	-28	
   27	-24	
   28	-22	
   29	-21	
   30	-20	
   31	-19	
   32	-19	
   33	-18	
   34	-17	
   35	-17	
   36	-17	
   37	0	
   38	-1	
   39	-1	
   40	0	
   41	-1	
   42	-1	
   43	-1	
   44	-1	
   45	0	
   46	-1	
   47	0	
   48	0	
   49	-1	
   50	-1	
   51	-1	
   52	-1	
   53	-1	
   54	-1	
   55	-14	
   56	-75	
   57	-100	
   58	-103	
   59	-103	
   60	-104	
   61	-105	
   62	-106	
   63	-106	
   64	-107	
   65	-107	
   66	-107	
   67	-107	
   68	-107	
   69	-107	
   70	-107	
   71	-107	
   72	-107	
   73	-108	
   74	-108	
   75	-108	
   76	-108	
   77	-108	
   78	-108	
   79	-109	
   80	-109	
   81	-109	
   82	-109	
   83	-109	
   84	-109	
   85	-109	
   86	-109	
   87	-109	
   88	-109	
   89	-109	
   90	-109	
   91	-109	
   92	-110	
   93	-109	
   94	-110	
   95	-110	
   96	-110	
   97	-110	
   98	-110	
   99	-110	
  100	-110	
  101	-110	
  102	-110	
  103	-110	
  104	-110	
  105	-110	
  106	-110	
  107	-110	
  108	-110	
  109	-110	
  110	-110	
  111	-109	
  112	-107	
  113	-104	
  114	-103	
  115	-102	
  116	-101	
  117	-101	
  118	-101	
  119	-101	
  120	-101	
  121	-100	
  122	-100	
  123	-99	
  124	-99	
  125	-99	
  126	-99	
  127	-99	
  128	-99	
  129	-99	
  130	-99	
  131	-99	
  132	-99	
  133	-99	
  134	-2	
  135	0	
  136	0	
  137	-1	
  138	0	
  139	-1	
  140	0	
  141	0	
  142	0	
