    1	1	
    2	1	
    3	1	
    4	1	
    5	1	
    6	1	
    7	1	
    8	1	
    9	1	
   10	1	
   11	1	
   12	1	
   13	1	
   14	1	
   15	1	
   16	1	
   17	1	
   18	1	
   19	1	
   20	1	
   21	1	
   22	693	
   23	2047	
   24	2047	
   25	2047	
   26	2047	
   27	2047	
   28	2047	
   29	2047	
   30	2047	
   31	2047	
   32	2047	
   33	2047	
   34	2047	
   35	2024	
   36	33	
   37	1	
   38	1	
   39	1	
   40	1	
   41	1	
   42	1	
   43	1	
   44	1	
   45	1	
   46	1	
   47	1	
   48	1	
   49	1	
   50	1	
   51	1	
   52	1	
   53	552	
   54	1099	
   55	1222	
   56	1224	
   57	1232	
   58	1236	
   59	1242	
   60	1248	
   61	1252	
   62	1256	
   63	1258	
   64	1262	
   65	1263	
   66	1266	
   67	1269	
   68	1268	
   69	1272	
   70	1274	
   71	1277	
   72	1280	
   73	1281	
   74	1284	
   75	1286	
   76	1288	
   77	1289	
   78	1292	
   79	1294	
   80	1296	
   81	1297	
   82	1299	
   83	1300	
   84	1301	
   85	1300	
   86	1301	
   87	1303	
   88	1304	
   89	1306	
   90	1307	
   91	1308	
   92	1309	
   93	1308	
   94	1309	
   95	1310	
   96	1311	
   97	1312	
   98	1312	
   99	1312	
  100	1312	
  101	1312	
  102	1312	
  103	1312	
  104	1312	
  105	1312	
  106	1311	
  107	1311	
  108	1309	
  109	1304	
  110	1285	
  111	1239	
  112	1202	
  113	1170	
  114	1150	
  115	1143	
  116	1138	
  117	1138	
  118	1137	
  119	1136	
  120	1135	
  121	1135	
  122	1134	
  123	1136	
  124	1136	
  125	1136	
  126	1137	
  127	1136	
  128	1137	
  129	1138	
  130	1138	
  131	1138	
  132	1136	
  133	164	
  134	1	
  135	1	
  136	1	
  137	1	
  138	1	
  139	1	
  140	1	
  141	1	
