    1	-12	
    2	-11	
    3	-11	
    4	-11	
    5	-11	
    6	-11	
    7	-11	
    8	-11	
    9	-11	
   10	-11	
   11	-12	
   12	-12	
   13	-12	
   14	-11	
   15	-12	
   16	-12	
   17	-11	
   18	-12	
   19	-12	
   20	-11	
   21	-12	
   22	-12	
   23	146	
   24	905	
   25	930	
   26	816	
   27	696	
   28	627	
   29	564	
   30	528	
   31	495	
   32	475	
   33	458	
   34	440	
   35	427	
   36	415	
   37	-11	
   38	-11	
   39	-11	
   40	-11	
   41	-11	
   42	-11	
   43	-11	
   44	-11	
   45	-11	
   46	-11	
   47	-11	
   48	-11	
   49	-11	
   50	-11	
   51	-11	
   52	-11	
   53	-11	
   54	819	
   55	941	
   56	961	
   57	976	
   58	986	
   59	998	
   60	1005	
   61	1006	
   62	1006	
   63	1007	
   64	1004	
   65	998	
   66	995	
   67	993	
   68	991	
   69	990	
   70	989	
   71	985	
   72	984	
   73	980	
   74	980	
   75	979	
   76	977	
   77	977	
   78	978	
   79	976	
   80	976	
   81	974	
   82	974	
   83	974	
   84	973	
   85	973	
   86	975	
   87	977	
   88	977	
   89	977	
   90	977	
   91	978	
   92	977	
   93	973	
   94	975	
   95	975	
   96	976	
   97	976	
   98	975	
   99	975	
  100	974	
  101	973	
  102	974	
  103	976	
  104	975	
  105	976	
  106	976	
  107	976	
  108	978	
  109	985	
  110	989	
  111	1000	
  112	995	
  113	995	
  114	990	
  115	986	
  116	982	
  117	979	
  118	976	
  119	975	
  120	973	
  121	973	
  122	972	
  123	970	
  124	970	
  125	970	
  126	970	
  127	970	
  128	970	
  129	969	
  130	969	
  131	969	
  132	5	
  133	-11	
  134	-11	
  135	-11	
  136	-12	
  137	-12	
  138	-12	
  139	-11	
  140	-11	
