    1	-11	
    2	-11	
    3	-11	
    4	-11	
    5	-11	
    6	-11	
    7	-11	
    8	-11	
    9	-11	
   10	-11	
   11	-11	
   12	-12	
   13	-11	
   14	-11	
   15	-11	
   16	-11	
   17	-11	
   18	-12	
   19	-11	
   20	-11	
   21	-11	
   22	-12	
   23	204	
   24	875	
   25	941	
   26	825	
   27	708	
   28	638	
   29	586	
   30	540	
   31	511	
   32	484	
   33	465	
   34	449	
   35	433	
   36	421	
   37	-4	
   38	-11	
   39	-11	
   40	-11	
   41	-11	
   42	-11	
   43	-11	
   44	-11	
   45	-11	
   46	-11	
   47	-11	
   48	-11	
   49	-11	
   50	-11	
   51	-12	
   52	-11	
   53	-11	
   54	-11	
   55	560	
   56	752	
   57	932	
   58	951	
   59	964	
   60	979	
   61	987	
   62	996	
   63	996	
   64	998	
   65	996	
   66	994	
   67	992	
   68	989	
   69	987	
   70	986	
   71	984	
   72	979	
   73	978	
   74	979	
   75	977	
   76	979	
   77	979	
   78	977	
   79	975	
   80	973	
   81	973	
   82	972	
   83	971	
   84	970	
   85	969	
   86	970	
   87	969	
   88	968	
   89	969	
   90	968	
   91	968	
   92	968	
   93	967	
   94	966	
   95	965	
   96	966	
   97	966	
   98	963	
   99	965	
  100	966	
  101	967	
  102	968	
  103	967	
  104	967	
  105	967	
  106	965	
  107	967	
  108	969	
  109	968	
  110	972	
  111	980	
  112	984	
  113	996	
  114	995	
  115	990	
  116	982	
  117	980	
  118	977	
  119	974	
  120	971	
  121	970	
  122	967	
  123	967	
  124	967	
  125	966	
  126	966	
  127	964	
  128	966	
  129	965	
  130	965	
  131	965	
  132	965	
  133	964	
  134	5	
  135	-11	
  136	-11	
  137	-11	
  138	-11	
  139	-11	
  140	-11	
  141	-11	
  142	-12	
