    1	0	
    2	-1	
    3	0	
    4	0	
    5	-1	
    6	-1	
    7	-1	
    8	-1	
    9	-1	
   10	-1	
   11	-1	
   12	0	
   13	-1	
   14	0	
   15	0	
   16	0	
   17	0	
   18	-1	
   19	-1	
   20	-1	
   21	-1	
   22	0	
   23	-19	
   24	-51	
   25	-37	
   26	-27	
   27	-24	
   28	-23	
   29	-22	
   30	-20	
   31	-20	
   32	-19	
   33	-19	
   34	-19	
   35	-18	
   36	-18	
   37	0	
   38	-1	
   39	-1	
   40	-1	
   41	-1	
   42	-1	
   43	-1	
   44	0	
   45	0	
   46	-1	
   47	0	
   48	0	
   49	-1	
   50	0	
   51	-1	
   52	-1	
   53	-1	
   54	-1	
   55	-10	
   56	-90	
   57	-101	
   58	-102	
   59	-103	
   60	-103	
   61	-104	
   62	-104	
   63	-105	
   64	-106	
   65	-106	
   66	-106	
   67	-106	
   68	-107	
   69	-107	
   70	-107	
   71	-107	
   72	-107	
   73	-107	
   74	-108	
   75	-108	
   76	-108	
   77	-108	
   78	-108	
   79	-108	
   80	-108	
   81	-108	
   82	-108	
   83	-108	
   84	-108	
   85	-108	
   86	-108	
   87	-108	
   88	-108	
   89	-109	
   90	-109	
   91	-109	
   92	-109	
   93	-109	
   94	-109	
   95	-109	
   96	-109	
   97	-109	
   98	-109	
   99	-109	
  100	-109	
  101	-109	
  102	-109	
  103	-109	
  104	-109	
  105	-109	
  106	-109	
  107	-109	
  108	-109	
  109	-109	
  110	-109	
  111	-108	
  112	-106	
  113	-105	
  114	-103	
  115	-101	
  116	-100	
  117	-100	
  118	-100	
  119	-99	
  120	-99	
  121	-99	
  122	-99	
  123	-99	
  124	-99	
  125	-99	
  126	-99	
  127	-99	
  128	-99	
  129	-99	
  130	-99	
  131	-99	
  132	-99	
  133	-99	
  134	-99	
  135	-1	
  136	0	
  137	-1	
  138	0	
  139	-1	
  140	-1	
  141	-1	
  142	-1	
  143	-1	
