    1	1	
    2	1	
    3	1	
    4	1	
    5	1	
    6	1	
    7	1	
    8	1	
    9	1	
   10	1	
   11	1	
   12	1	
   13	1	
   14	1	
   15	1	
   16	1	
   17	1	
   18	1	
   19	2047	
   20	2047	
   21	2047	
   22	2047	
   23	2047	
   24	2047	
   25	2047	
   26	2047	
   27	2047	
   28	2047	
   29	2047	
   30	2047	
   31	2047	
   32	310	
   33	2	
   34	1	
   35	1	
   36	1	
   37	1	
   38	1	
   39	1	
   40	1	
   41	1	
   42	1	
   43	1	
   44	1	
   45	1	
   46	1	
   47	1	
   48	1	
   49	1	
   50	1029	
   51	1220	
   52	1225	
   53	1229	
   54	1236	
   55	1241	
   56	1245	
   57	1249	
   58	1253	
   59	1257	
   60	1260	
   61	1264	
   62	1267	
   63	1268	
   64	1272	
   65	1274	
   66	1277	
   67	1279	
   68	1282	
   69	1284	
   70	1283	
   71	1284	
   72	1286	
   73	1288	
   74	1290	
   75	1291	
   76	1292	
   77	1293	
   78	1295	
   79	1298	
   80	1299	
   81	1300	
   82	1301	
   83	1304	
   84	1302	
   85	1302	
   86	1304	
   87	1305	
   88	1306	
   89	1309	
   90	1310	
   91	1312	
   92	1312	
   93	1313	
   94	1312	
   95	1313	
   96	1313	
   97	1313	
   98	1312	
   99	1313	
  100	1313	
  101	1312	
  102	1312	
  103	1311	
  104	1309	
  105	1304	
  106	1280	
  107	1246	
  108	1210	
  109	1170	
  110	1150	
  111	1144	
  112	1141	
  113	1140	
  114	1140	
  115	1140	
  116	1140	
  117	1139	
  118	1141	
  119	1140	
  120	1139	
  121	1138	
  122	1139	
  123	1138	
  124	1138	
  125	1140	
  126	1140	
  127	1140	
  128	1141	
  129	1142	
  130	1	
  131	1	
  132	1	
  133	1	
  134	1	
  135	1	
  136	1	
  137	1	
