    1	-1	
    2	0	
    3	0	
    4	0	
    5	0	
    6	-1	
    7	-1	
    8	0	
    9	0	
   10	0	
   11	0	
   12	0	
   13	0	
   14	-1	
   15	0	
   16	0	
   17	0	
   18	0	
   19	-1	
   20	-1	
   21	-54	
   22	-41	
   23	-28	
   24	-24	
   25	-23	
   26	-21	
   27	-20	
   28	-20	
   29	-19	
   30	-18	
   31	-18	
   32	-18	
   33	-18	
   34	-1	
   35	-1	
   36	-1	
   37	-1	
   38	-1	
   39	-1	
   40	0	
   41	-1	
   42	-1	
   43	0	
   44	-1	
   45	0	
   46	0	
   47	0	
   48	0	
   49	-1	
   50	0	
   51	34	
   52	-75	
   53	-100	
   54	-101	
   55	-103	
   56	-104	
   57	-104	
   58	-105	
   59	-105	
   60	-105	
   61	-106	
   62	-106	
   63	-106	
   64	-106	
   65	-107	
   66	-107	
   67	-107	
   68	-107	
   69	-107	
   70	-107	
   71	-108	
   72	-108	
   73	-108	
   74	-108	
   75	-108	
   76	-108	
   77	-108	
   78	-109	
   79	-109	
   80	-109	
   81	-109	
   82	-110	
   83	-110	
   84	-110	
   85	-110	
   86	-110	
   87	-110	
   88	-110	
   89	-110	
   90	-110	
   91	-110	
   92	-110	
   93	-110	
   94	-110	
   95	-110	
   96	-110	
   97	-111	
   98	-110	
   99	-110	
  100	-110	
  101	-110	
  102	-110	
  103	-110	
  104	-110	
  105	-110	
  106	-110	
  107	-109	
  108	-106	
  109	-104	
  110	-103	
  111	-101	
  112	-100	
  113	-100	
  114	-100	
  115	-100	
  116	-100	
  117	-100	
  118	-100	
  119	-100	
  120	-100	
  121	-100	
  122	-100	
  123	-99	
  124	-99	
  125	-99	
  126	-99	
  127	-99	
  128	-99	
  129	-99	
  130	-6	
  131	0	
  132	0	
  133	0	
  134	0	
  135	0	
  136	-1	
  137	0	
  138	0	
