    1	-11	
    2	-12	
    3	-12	
    4	-11	
    5	-11	
    6	-11	
    7	-11	
    8	-11	
    9	-11	
   10	-11	
   11	-12	
   12	-12	
   13	-12	
   14	-12	
   15	-12	
   16	-11	
   17	-12	
   18	-12	
   19	-11	
   20	-11	
   21	-12	
   22	-12	
   23	685	
   24	921	
   25	915	
   26	799	
   27	686	
   28	621	
   29	573	
   30	529	
   31	503	
   32	476	
   33	459	
   34	444	
   35	428	
   36	417	
   37	-11	
   38	-11	
   39	-11	
   40	-11	
   41	-11	
   42	-11	
   43	-11	
   44	-11	
   45	-11	
   46	-12	
   47	-12	
   48	-12	
   49	-12	
   50	-12	
   51	-11	
   52	-11	
   53	-12	
   54	-12	
   55	-12	
   56	649	
   57	880	
   58	937	
   59	960	
   60	972	
   61	980	
   62	990	
   63	995	
   64	998	
   65	998	
   66	997	
   67	994	
   68	993	
   69	989	
   70	988	
   71	984	
   72	982	
   73	980	
   74	978	
   75	977	
   76	976	
   77	977	
   78	977	
   79	976	
   80	973	
   81	971	
   82	970	
   83	968	
   84	968	
   85	968	
   86	968	
   87	967	
   88	966	
   89	966	
   90	966	
   91	965	
   92	963	
   93	965	
   94	965	
   95	965	
   96	965	
   97	966	
   98	966	
   99	966	
  100	966	
  101	967	
  102	967	
  103	967	
  104	966	
  105	968	
  106	969	
  107	970	
  108	971	
  109	971	
  110	971	
  111	973	
  112	975	
  113	981	
  114	989	
  115	1005	
  116	1000	
  117	993	
  118	990	
  119	986	
  120	981	
  121	978	
  122	976	
  123	974	
  124	972	
  125	971	
  126	971	
  127	970	
  128	968	
  129	968	
  130	967	
  131	965	
  132	967	
  133	967	
  134	968	
  135	967	
  136	968	
  137	129	
  138	-11	
  139	-11	
  140	-11	
  141	-12	
  142	-11	
  143	-12	
  144	-12	
  145	-12	
