    1	-11	
    2	-11	
    3	-11	
    4	-11	
    5	-11	
    6	-12	
    7	-11	
    8	-11	
    9	-11	
   10	-12	
   11	-11	
   12	-12	
   13	-11	
   14	-12	
   15	-12	
   16	-12	
   17	-11	
   18	-12	
   19	-12	
   20	-12	
   21	-12	
   22	825	
   23	967	
   24	849	
   25	724	
   26	651	
   27	596	
   28	546	
   29	516	
   30	485	
   31	466	
   32	450	
   33	433	
   34	422	
   35	-5	
   36	-11	
   37	-11	
   38	-12	
   39	-11	
   40	-11	
   41	-11	
   42	-11	
   43	-11	
   44	-12	
   45	-12	
   46	-12	
   47	-12	
   48	-11	
   49	-12	
   50	-11	
   51	-11	
   52	-12	
   53	705	
   54	917	
   55	950	
   56	964	
   57	975	
   58	985	
   59	992	
   60	997	
   61	1000	
   62	999	
   63	999	
   64	998	
   65	991	
   66	989	
   67	988	
   68	987	
   69	986	
   70	984	
   71	981	
   72	979	
   73	976	
   74	975	
   75	974	
   76	972	
   77	968	
   78	967	
   79	967	
   80	965	
   81	965	
   82	965	
   83	965	
   84	966	
   85	967	
   86	967	
   87	966	
   88	968	
   89	967	
   90	966	
   91	965	
   92	965	
   93	965	
   94	965	
   95	966	
   96	965	
   97	967	
   98	968	
   99	968	
  100	968	
  101	967	
  102	968	
  103	967	
  104	968	
  105	967	
  106	968	
  107	968	
  108	971	
  109	974	
  110	986	
  111	995	
  112	1003	
  113	995	
  114	993	
  115	988	
  116	985	
  117	983	
  118	980	
  119	979	
  120	977	
  121	976	
  122	974	
  123	974	
  124	975	
  125	973	
  126	972	
  127	971	
  128	970	
  129	970	
  130	970	
  131	969	
  132	969	
  133	969	
  134	128	
  135	-11	
  136	-11	
  137	-12	
  138	-12	
  139	-12	
  140	-11	
  141	-12	
  142	-12	
