    1	1	
    2	1	
    3	1	
    4	1	
    5	1	
    6	1	
    7	1	
    8	1	
    9	1	
   10	1	
   11	1	
   12	1	
   13	1	
   14	1	
   15	1	
   16	1	
   17	1	
   18	1	
   19	1	
   20	1	
   21	1	
   22	1	
   23	700	
   24	2047	
   25	2047	
   26	2047	
   27	2047	
   28	2047	
   29	2047	
   30	2047	
   31	2047	
   32	2047	
   33	2047	
   34	2047	
   35	2047	
   36	2029	
   37	6	
   38	1	
   39	1	
   40	1	
   41	1	
   42	1	
   43	1	
   44	1	
   45	1	
   46	1	
   47	1	
   48	1	
   49	1	
   50	1	
   51	1	
   52	1	
   53	1	
   54	1	
   55	967	
   56	1142	
   57	1217	
   58	1219	
   59	1226	
   60	1235	
   61	1241	
   62	1244	
   63	1249	
   64	1252	
   65	1256	
   66	1259	
   67	1262	
   68	1264	
   69	1266	
   70	1269	
   71	1272	
   72	1274	
   73	1274	
   74	1275	
   75	1278	
   76	1279	
   77	1281	
   78	1282	
   79	1287	
   80	1289	
   81	1291	
   82	1293	
   83	1295	
   84	1296	
   85	1298	
   86	1300	
   87	1301	
   88	1303	
   89	1304	
   90	1305	
   91	1306	
   92	1307	
   93	1309	
   94	1309	
   95	1311	
   96	1311	
   97	1311	
   98	1312	
   99	1313	
  100	1313	
  101	1313	
  102	1313	
  103	1313	
  104	1313	
  105	1312	
  106	1312	
  107	1312	
  108	1312	
  109	1311	
  110	1310	
  111	1308	
  112	1297	
  113	1261	
  114	1221	
  115	1178	
  116	1156	
  117	1147	
  118	1143	
  119	1142	
  120	1141	
  121	1141	
  122	1142	
  123	1141	
  124	1140	
  125	1141	
  126	1140	
  127	1140	
  128	1140	
  129	1140	
  130	1141	
  131	1141	
  132	1141	
  133	1140	
  134	1142	
  135	1141	
  136	1141	
  137	1	
  138	1	
  139	1	
  140	1	
  141	1	
  142	1	
  143	1	
  144	1	
  145	1	
