    1	-12	
    2	-11	
    3	-12	
    4	-11	
    5	-11	
    6	-11	
    7	-11	
    8	-11	
    9	-11	
   10	-12	
   11	-12	
   12	-12	
   13	-12	
   14	-12	
   15	-12	
   16	-12	
   17	-12	
   18	-12	
   19	-12	
   20	-12	
   21	849	
   22	983	
   23	857	
   24	729	
   25	655	
   26	585	
   27	545	
   28	516	
   29	487	
   30	468	
   31	448	
   32	435	
   33	425	
   34	-5	
   35	-11	
   36	-11	
   37	-11	
   38	-11	
   39	-11	
   40	-11	
   41	-11	
   42	-11	
   43	-12	
   44	-12	
   45	-12	
   46	-11	
   47	-12	
   48	-12	
   49	-12	
   50	-12	
   51	-11	
   52	399	
   53	752	
   54	926	
   55	957	
   56	971	
   57	981	
   58	990	
   59	997	
   60	1001	
   61	1003	
   62	1004	
   63	1002	
   64	1000	
   65	993	
   66	990	
   67	988	
   68	986	
   69	984	
   70	983	
   71	981	
   72	980	
   73	978	
   74	978	
   75	977	
   76	976	
   77	976	
   78	975	
   79	973	
   80	971	
   81	972	
   82	971	
   83	970	
   84	970	
   85	968	
   86	968	
   87	968	
   88	968	
   89	967	
   90	967	
   91	967	
   92	968	
   93	968	
   94	968	
   95	969	
   96	969	
   97	969	
   98	970	
   99	970	
  100	971	
  101	971	
  102	970	
  103	972	
  104	972	
  105	973	
  106	974	
  107	975	
  108	978	
  109	986	
  110	998	
  111	1011	
  112	1012	
  113	1001	
  114	994	
  115	990	
  116	985	
  117	980	
  118	978	
  119	975	
  120	974	
  121	972	
  122	972	
  123	970	
  124	970	
  125	969	
  126	968	
  127	968	
  128	968	
  129	968	
  130	968	
  131	967	
  132	967	
  133	967	
  134	-9	
  135	-11	
  136	-11	
  137	-12	
  138	-12	
  139	-12	
  140	-12	
  141	-12	
  142	-12	
