    1	-11	
    2	-11	
    3	-11	
    4	-11	
    5	-11	
    6	-12	
    7	-11	
    8	-11	
    9	-11	
   10	-11	
   11	-12	
   12	-12	
   13	-12	
   14	-12	
   15	-12	
   16	-11	
   17	-11	
   18	-12	
   19	-12	
   20	-12	
   21	-11	
   22	844	
   23	967	
   24	849	
   25	726	
   26	653	
   27	597	
   28	547	
   29	516	
   30	487	
   31	468	
   32	452	
   33	436	
   34	424	
   35	-4	
   36	-11	
   37	-11	
   38	-11	
   39	-11	
   40	-11	
   41	-11	
   42	-11	
   43	-11	
   44	-11	
   45	-11	
   46	-12	
   47	-12	
   48	-11	
   49	-12	
   50	-11	
   51	-12	
   52	-11	
   53	393	
   54	700	
   55	919	
   56	941	
   57	957	
   58	971	
   59	980	
   60	987	
   61	992	
   62	993	
   63	992	
   64	991	
   65	986	
   66	984	
   67	981	
   68	979	
   69	979	
   70	975	
   71	975	
   72	975	
   73	974	
   74	974	
   75	972	
   76	972	
   77	970	
   78	970	
   79	969	
   80	968	
   81	968	
   82	967	
   83	968	
   84	968	
   85	964	
   86	965	
   87	964	
   88	965	
   89	965	
   90	966	
   91	966	
   92	966	
   93	967	
   94	967	
   95	968	
   96	967	
   97	967	
   98	966	
   99	966	
  100	968	
  101	969	
  102	969	
  103	970	
  104	972	
  105	971	
  106	972	
  107	973	
  108	975	
  109	979	
  110	982	
  111	997	
  112	1001	
  113	996	
  114	994	
  115	990	
  116	984	
  117	978	
  118	975	
  119	973	
  120	971	
  121	970	
  122	968	
  123	967	
  124	965	
  125	967	
  126	964	
  127	964	
  128	965	
  129	965	
  130	965	
  131	964	
  132	964	
  133	125	
  134	-11	
  135	-11	
  136	-11	
  137	-12	
  138	-12	
  139	-12	
  140	-12	
  141	-12	
