    1	1	
    2	1	
    3	1	
    4	1	
    5	1	
    6	1	
    7	1	
    8	1	
    9	1	
   10	1	
   11	1	
   12	1	
   13	1	
   14	1	
   15	1	
   16	1	
   17	1	
   18	1	
   19	1	
   20	1	
   21	1	
   22	1	
   23	686	
   24	2047	
   25	2047	
   26	2047	
   27	2047	
   28	2047	
   29	2047	
   30	2047	
   31	2047	
   32	2047	
   33	2047	
   34	2047	
   35	2047	
   36	2044	
   37	6	
   38	1	
   39	1	
   40	1	
   41	1	
   42	1	
   43	1	
   44	1	
   45	1	
   46	1	
   47	1	
   48	1	
   49	1	
   50	1	
   51	1	
   52	1	
   53	1	
   54	552	
   55	1103	
   56	1224	
   57	1225	
   58	1232	
   59	1237	
   60	1243	
   61	1247	
   62	1252	
   63	1256	
   64	1259	
   65	1264	
   66	1264	
   67	1269	
   68	1272	
   69	1273	
   70	1273	
   71	1276	
   72	1276	
   73	1277	
   74	1280	
   75	1281	
   76	1285	
   77	1286	
   78	1288	
   79	1290	
   80	1291	
   81	1292	
   82	1293	
   83	1296	
   84	1300	
   85	1302	
   86	1302	
   87	1304	
   88	1304	
   89	1304	
   90	1306	
   91	1307	
   92	1307	
   93	1307	
   94	1309	
   95	1309	
   96	1309	
   97	1311	
   98	1312	
   99	1312	
  100	1310	
  101	1311	
  102	1311	
  103	1311	
  104	1311	
  105	1310	
  106	1311	
  107	1309	
  108	1309	
  109	1307	
  110	1303	
  111	1292	
  112	1254	
  113	1218	
  114	1171	
  115	1153	
  116	1145	
  117	1139	
  118	1137	
  119	1136	
  120	1136	
  121	1135	
  122	1135	
  123	1134	
  124	1135	
  125	1135	
  126	1134	
  127	1135	
  128	1135	
  129	1134	
  130	1135	
  131	1136	
  132	1136	
  133	1136	
  134	166	
  135	1	
  136	1	
  137	1	
  138	1	
  139	1	
  140	1	
  141	1	
  142	1	
