    1	1	
    2	1	
    3	1	
    4	1	
    5	1	
    6	1	
    7	1	
    8	1	
    9	1	
   10	1	
   11	1	
   12	1	
   13	1	
   14	1	
   15	1	
   16	1	
   17	1	
   18	1	
   19	1	
   20	1	
   21	1	
   22	1	
   23	1	
   24	2047	
   25	2047	
   26	2047	
   27	2047	
   28	2047	
   29	2047	
   30	2047	
   31	2047	
   32	2047	
   33	2047	
   34	2047	
   35	2047	
   36	2043	
   37	2025	
   38	6	
   39	1	
   40	1	
   41	1	
   42	1	
   43	1	
   44	1	
   45	1	
   46	1	
   47	1	
   48	1	
   49	1	
   50	1	
   51	1	
   52	1	
   53	1	
   54	1	
   55	981	
   56	1189	
   57	1217	
   58	1218	
   59	1228	
   60	1233	
   61	1239	
   62	1244	
   63	1248	
   64	1250	
   65	1253	
   66	1256	
   67	1260	
   68	1262	
   69	1265	
   70	1267	
   71	1268	
   72	1271	
   73	1276	
   74	1278	
   75	1280	
   76	1282	
   77	1284	
   78	1286	
   79	1288	
   80	1289	
   81	1290	
   82	1292	
   83	1293	
   84	1297	
   85	1298	
   86	1300	
   87	1301	
   88	1303	
   89	1304	
   90	1305	
   91	1306	
   92	1307	
   93	1308	
   94	1308	
   95	1309	
   96	1310	
   97	1311	
   98	1311	
   99	1312	
  100	1312	
  101	1312	
  102	1312	
  103	1312	
  104	1313	
  105	1313	
  106	1313	
  107	1312	
  108	1312	
  109	1312	
  110	1311	
  111	1307	
  112	1291	
  113	1257	
  114	1213	
  115	1180	
  116	1156	
  117	1148	
  118	1141	
  119	1141	
  120	1140	
  121	1140	
  122	1140	
  123	1140	
  124	1138	
  125	1138	
  126	1138	
  127	1137	
  128	1137	
  129	1137	
  130	1137	
  131	1138	
  132	1138	
  133	1138	
  134	1138	
  135	1138	
  136	1138	
  137	1	
  138	1	
  139	1	
  140	1	
  141	1	
  142	1	
  143	1	
  144	1	
