    1	-12	
    2	-11	
    3	-11	
    4	-11	
    5	-11	
    6	-11	
    7	-11	
    8	-11	
    9	-11	
   10	-11	
   11	-12	
   12	-12	
   13	-12	
   14	-12	
   15	-12	
   16	-12	
   17	-12	
   18	-12	
   19	-12	
   20	-12	
   21	-11	
   22	132	
   23	873	
   24	967	
   25	816	
   26	719	
   27	629	
   28	578	
   29	540	
   30	506	
   31	484	
   32	463	
   33	448	
   34	432	
   35	418	
   36	-5	
   37	-11	
   38	-11	
   39	-11	
   40	-11	
   41	-11	
   42	-11	
   43	-11	
   44	-11	
   45	-11	
   46	-11	
   47	-12	
   48	-12	
   49	-12	
   50	-11	
   51	-12	
   52	-11	
   53	400	
   54	704	
   55	929	
   56	952	
   57	970	
   58	976	
   59	985	
   60	994	
   61	998	
   62	1002	
   63	999	
   64	996	
   65	995	
   66	991	
   67	988	
   68	985	
   69	983	
   70	981	
   71	979	
   72	976	
   73	976	
   74	975	
   75	972	
   76	970	
   77	968	
   78	968	
   79	968	
   80	969	
   81	970	
   82	969	
   83	969	
   84	968	
   85	968	
   86	968	
   87	968	
   88	967	
   89	966	
   90	965	
   91	965	
   92	965	
   93	964	
   94	965	
   95	966	
   96	965	
   97	966	
   98	968	
   99	968	
  100	968	
  101	970	
  102	970	
  103	970	
  104	971	
  105	971	
  106	973	
  107	972	
  108	973	
  109	976	
  110	984	
  111	1001	
  112	1010	
  113	1002	
  114	994	
  115	990	
  116	984	
  117	979	
  118	978	
  119	976	
  120	975	
  121	972	
  122	971	
  123	970	
  124	968	
  125	969	
  126	967	
  127	967	
  128	969	
  129	968	
  130	967	
  131	966	
  132	967	
  133	124	
  134	-11	
  135	-11	
  136	-11	
  137	-11	
  138	-12	
  139	-12	
  140	-12	
  141	-11	
