    1	-11	
    2	-11	
    3	-12	
    4	-11	
    5	-11	
    6	-11	
    7	-11	
    8	-11	
    9	-11	
   10	-11	
   11	-12	
   12	-11	
   13	-12	
   14	-11	
   15	-12	
   16	-12	
   17	-12	
   18	-12	
   19	-12	
   20	-12	
   21	-12	
   22	-11	
   23	118	
   24	876	
   25	938	
   26	824	
   27	707	
   28	638	
   29	587	
   30	537	
   31	507	
   32	478	
   33	461	
   34	448	
   35	433	
   36	423	
   37	-10	
   38	-11	
   39	-11	
   40	-11	
   41	-11	
   42	-12	
   43	-11	
   44	-11	
   45	-11	
   46	-11	
   47	-11	
   48	-12	
   49	-12	
   50	-11	
   51	-11	
   52	-11	
   53	-12	
   54	398	
   55	746	
   56	929	
   57	956	
   58	969	
   59	980	
   60	991	
   61	997	
   62	1002	
   63	1002	
   64	1004	
   65	1002	
   66	1000	
   67	997	
   68	995	
   69	992	
   70	989	
   71	987	
   72	984	
   73	980	
   74	978	
   75	978	
   76	981	
   77	979	
   78	978	
   79	978	
   80	977	
   81	977	
   82	973	
   83	973	
   84	972	
   85	972	
   86	970	
   87	970	
   88	970	
   89	970	
   90	971	
   91	970	
   92	969	
   93	970	
   94	971	
   95	971	
   96	969	
   97	969	
   98	970	
   99	970	
  100	971	
  101	972	
  102	972	
  103	972	
  104	973	
  105	972	
  106	973	
  107	974	
  108	974	
  109	977	
  110	978	
  111	981	
  112	990	
  113	1000	
  114	1011	
  115	1000	
  116	995	
  117	991	
  118	988	
  119	984	
  120	982	
  121	982	
  122	981	
  123	979	
  124	979	
  125	977	
  126	976	
  127	974	
  128	972	
  129	970	
  130	970	
  131	971	
  132	971	
  133	970	
  134	971	
  135	970	
  136	5	
  137	-11	
  138	-11	
  139	-12	
  140	-12	
  141	-12	
  142	-11	
  143	-12	
  144	-12	
