    1	-1	
    2	-1	
    3	-1	
    4	0	
    5	0	
    6	0	
    7	-1	
    8	-1	
    9	0	
   10	-1	
   11	-1	
   12	0	
   13	0	
   14	0	
   15	0	
   16	0	
   17	0	
   18	0	
   19	-74	
   20	-44	
   21	-32	
   22	-25	
   23	-23	
   24	-22	
   25	-21	
   26	-20	
   27	-20	
   28	-19	
   29	-19	
   30	-18	
   31	-18	
   32	2	
   33	0	
   34	0	
   35	0	
   36	0	
   37	0	
   38	0	
   39	0	
   40	0	
   41	0	
   42	0	
   43	0	
   44	0	
   45	0	
   46	0	
   47	-1	
   48	-1	
   49	0	
   50	-1	
   51	-67	
   52	-100	
   53	-100	
   54	-103	
   55	-103	
   56	-104	
   57	-104	
   58	-104	
   59	-105	
   60	-106	
   61	-106	
   62	-106	
   63	-106	
   64	-106	
   65	-107	
   66	-107	
   67	-107	
   68	-107	
   69	-108	
   70	-108	
   71	-108	
   72	-108	
   73	-108	
   74	-108	
   75	-108	
   76	-108	
   77	-108	
   78	-108	
   79	-108	
   80	-108	
   81	-108	
   82	-108	
   83	-108	
   84	-108	
   85	-108	
   86	-108	
   87	-108	
   88	-108	
   89	-109	
   90	-109	
   91	-108	
   92	-108	
   93	-108	
   94	-108	
   95	-108	
   96	-109	
   97	-109	
   98	-109	
   99	-109	
  100	-109	
  101	-109	
  102	-109	
  103	-109	
  104	-109	
  105	-109	
  106	-109	
  107	-108	
  108	-107	
  109	-104	
  110	-103	
  111	-101	
  112	-100	
  113	-99	
  114	-99	
  115	-99	
  116	-99	
  117	-99	
  118	-99	
  119	-99	
  120	-99	
  121	-99	
  122	-98	
  123	-98	
  124	-98	
  125	-98	
  126	-98	
  127	-98	
  128	-98	
  129	-98	
  130	-98	
  131	-98	
  132	-2	
  133	-1	
  134	-1	
  135	-1	
  136	-1	
  137	0	
  138	0	
  139	-1	
  140	-1	
