    1	1	
    2	1	
    3	1	
    4	1	
    5	1	
    6	1	
    7	1	
    8	1	
    9	1	
   10	1	
   11	1	
   12	1	
   13	1	
   14	1	
   15	1	
   16	1	
   17	1	
   18	1	
   19	1	
   20	1	
   21	1	
   22	557	
   23	2047	
   24	2047	
   25	2047	
   26	2047	
   27	2047	
   28	2047	
   29	2047	
   30	2047	
   31	2047	
   32	2047	
   33	2047	
   34	2047	
   35	2027	
   36	32	
   37	1	
   38	1	
   39	1	
   40	1	
   41	1	
   42	1	
   43	1	
   44	1	
   45	1	
   46	1	
   47	1	
   48	1	
   49	1	
   50	1	
   51	1	
   52	1	
   53	553	
   54	1058	
   55	1226	
   56	1226	
   57	1233	
   58	1235	
   59	1240	
   60	1246	
   61	1251	
   62	1256	
   63	1258	
   64	1259	
   65	1263	
   66	1264	
   67	1266	
   68	1268	
   69	1271	
   70	1273	
   71	1276	
   72	1278	
   73	1280	
   74	1282	
   75	1283	
   76	1284	
   77	1284	
   78	1287	
   79	1290	
   80	1292	
   81	1296	
   82	1297	
   83	1298	
   84	1300	
   85	1301	
   86	1302	
   87	1304	
   88	1304	
   89	1305	
   90	1305	
   91	1307	
   92	1308	
   93	1307	
   94	1309	
   95	1310	
   96	1310	
   97	1311	
   98	1312	
   99	1312	
  100	1312	
  101	1313	
  102	1313	
  103	1312	
  104	1312	
  105	1311	
  106	1313	
  107	1310	
  108	1308	
  109	1299	
  110	1280	
  111	1240	
  112	1202	
  113	1169	
  114	1148	
  115	1142	
  116	1139	
  117	1136	
  118	1137	
  119	1137	
  120	1137	
  121	1137	
  122	1136	
  123	1136	
  124	1136	
  125	1137	
  126	1136	
  127	1136	
  128	1137	
  129	1137	
  130	1136	
  131	1136	
  132	1136	
  133	162	
  134	1	
  135	1	
  136	1	
  137	1	
  138	1	
  139	1	
  140	1	
  141	1	
