    1	-1	
    2	-1	
    3	-1	
    4	-1	
    5	-1	
    6	-1	
    7	-1	
    8	0	
    9	-1	
   10	-1	
   11	-1	
   12	-1	
   13	-1	
   14	-1	
   15	-1	
   16	-1	
   17	0	
   18	-1	
   19	0	
   20	0	
   21	0	
   22	0	
   23	-24	
   24	-52	
   25	-37	
   26	-28	
   27	-24	
   28	-23	
   29	-21	
   30	-20	
   31	-20	
   32	-19	
   33	-19	
   34	-18	
   35	-18	
   36	-18	
   37	-1	
   38	-1	
   39	0	
   40	-1	
   41	-1	
   42	-1	
   43	-1	
   44	0	
   45	-1	
   46	-1	
   47	-1	
   48	-1	
   49	0	
   50	-1	
   51	0	
   52	0	
   53	-1	
   54	31	
   55	-77	
   56	-100	
   57	-102	
   58	-103	
   59	-103	
   60	-104	
   61	-104	
   62	-105	
   63	-105	
   64	-106	
   65	-106	
   66	-106	
   67	-107	
   68	-107	
   69	-107	
   70	-107	
   71	-107	
   72	-107	
   73	-107	
   74	-107	
   75	-107	
   76	-107	
   77	-107	
   78	-108	
   79	-108	
   80	-108	
   81	-107	
   82	-108	
   83	-108	
   84	-108	
   85	-108	
   86	-108	
   87	-108	
   88	-108	
   89	-108	
   90	-108	
   91	-108	
   92	-108	
   93	-108	
   94	-108	
   95	-108	
   96	-108	
   97	-108	
   98	-109	
   99	-109	
  100	-109	
  101	-109	
  102	-109	
  103	-109	
  104	-109	
  105	-109	
  106	-109	
  107	-109	
  108	-109	
  109	-108	
  110	-108	
  111	-108	
  112	-105	
  113	-104	
  114	-102	
  115	-100	
  116	-100	
  117	-99	
  118	-99	
  119	-99	
  120	-99	
  121	-99	
  122	-98	
  123	-98	
  124	-98	
  125	-98	
  126	-98	
  127	-98	
  128	-98	
  129	-98	
  130	-98	
  131	-98	
  132	-98	
  133	-98	
  134	-6	
  135	0	
  136	-1	
  137	-1	
  138	0	
  139	0	
  140	0	
  141	-1	
  142	0	
