    1	-1	
    2	-1	
    3	-1	
    4	-1	
    5	-1	
    6	-1	
    7	0	
    8	-1	
    9	-1	
   10	-1	
   11	-1	
   12	-1	
   13	0	
   14	-1	
   15	-1	
   16	-1	
   17	-1	
   18	-1	
   19	0	
   20	0	
   21	-59	
   22	-46	
   23	-34	
   24	-29	
   25	-27	
   26	-25	
   27	-24	
   28	-23	
   29	-23	
   30	-22	
   31	-21	
   32	-21	
   33	-20	
   34	-1	
   35	-1	
   36	0	
   37	0	
   38	0	
   39	0	
   40	-1	
   41	-1	
   42	-1	
   43	-1	
   44	-1	
   45	-1	
   46	0	
   47	-1	
   48	0	
   49	-1	
   50	-1	
   51	-1	
   52	-7	
   53	-68	
   54	-83	
   55	-79	
   56	-80	
   57	-81	
   58	-81	
   59	-81	
   60	-82	
   61	-82	
   62	-82	
   63	-83	
   64	-83	
   65	-83	
   66	-83	
   67	-84	
   68	-83	
   69	-85	
   70	-85	
   71	-86	
   72	-86	
   73	-86	
   74	-87	
   75	-87	
   76	-87	
   77	-87	
   78	-87	
   79	-87	
   80	-87	
   81	-87	
   82	-87	
   83	-87	
   84	-87	
   85	-87	
   86	-87	
   87	-87	
   88	-87	
   89	-87	
   90	-87	
   91	-87	
   92	-87	
   93	-87	
   94	-87	
   95	-87	
   96	-87	
   97	-87	
   98	-87	
   99	-87	
  100	-87	
  101	-87	
  102	-87	
  103	-86	
  104	-84	
  105	-83	
  106	-82	
  107	-82	
  108	-81	
  109	-80	
  110	-79	
  111	-79	
  112	-78	
  113	-79	
  114	-78	
  115	-78	
  116	-79	
  117	-78	
  118	-78	
  119	-78	
  120	-78	
  121	-78	
  122	-78	
  123	-78	
  124	-78	
  125	-78	
  126	-78	
  127	-1	
  128	-1	
  129	-1	
  130	-1	
  131	0	
  132	0	
  133	0	
  134	-1	
