    1	1	
    2	1	
    3	1	
    4	1	
    5	1	
    6	1	
    7	1	
    8	1	
    9	1	
   10	1	
   11	1	
   12	1	
   13	1	
   14	1	
   15	1	
   16	1	
   17	1	
   18	1	
   19	803	
   20	1682	
   21	2047	
   22	2047	
   23	2047	
   24	2047	
   25	2047	
   26	2047	
   27	2047	
   28	2047	
   29	2047	
   30	2047	
   31	2047	
   32	6	
   33	1	
   34	1	
   35	1	
   36	1	
   37	1	
   38	1	
   39	1	
   40	1	
   41	1	
   42	1	
   43	1	
   44	1	
   45	1	
   46	1	
   47	1	
   48	1	
   49	837	
   50	1126	
   51	1181	
   52	1195	
   53	1191	
   54	1191	
   55	1195	
   56	1199	
   57	1201	
   58	1202	
   59	1204	
   60	1204	
   61	1205	
   62	1208	
   63	1208	
   64	1211	
   65	1212	
   66	1216	
   67	1218	
   68	1220	
   69	1224	
   70	1226	
   71	1229	
   72	1231	
   73	1231	
   74	1234	
   75	1234	
   76	1237	
   77	1238	
   78	1240	
   79	1242	
   80	1244	
   81	1246	
   82	1248	
   83	1250	
   84	1251	
   85	1252	
   86	1253	
   87	1253	
   88	1254	
   89	1256	
   90	1258	
   91	1256	
   92	1256	
   93	1257	
   94	1257	
   95	1257	
   96	1257	
   97	1257	
   98	1256	
   99	1256	
  100	1256	
  101	1249	
  102	1229	
  103	1189	
  104	1163	
  105	1141	
  106	1125	
  107	1112	
  108	1100	
  109	1093	
  110	1090	
  111	1090	
  112	1089	
  113	1089	
  114	1088	
  115	1090	
  116	1091	
  117	1091	
  118	1090	
  119	1091	
  120	1092	
  121	1092	
  122	1092	
  123	1092	
  124	1094	
  125	159	
  126	1	
  127	1	
  128	1	
  129	1	
  130	1	
  131	1	
  132	1	
  133	1	
