    1	-11	
    2	-11	
    3	-11	
    4	-11	
    5	-11	
    6	-11	
    7	-11	
    8	-11	
    9	-11	
   10	-11	
   11	-11	
   12	-12	
   13	-11	
   14	-11	
   15	-11	
   16	-11	
   17	-11	
   18	-12	
   19	-12	
   20	-11	
   21	-12	
   22	958	
   23	1123	
   24	924	
   25	802	
   26	713	
   27	632	
   28	586	
   29	543	
   30	517	
   31	496	
   32	473	
   33	458	
   34	446	
   35	-4	
   36	-11	
   37	-11	
   38	-11	
   39	-11	
   40	-11	
   41	-11	
   42	-11	
   43	-11	
   44	-11	
   45	-11	
   46	-11	
   47	-11	
   48	-11	
   49	-11	
   50	-11	
   51	-11	
   52	-11	
   53	412	
   54	713	
   55	974	
   56	1005	
   57	1024	
   58	1035	
   59	1043	
   60	1052	
   61	1052	
   62	1051	
   63	1049	
   64	1044	
   65	1040	
   66	1036	
   67	1032	
   68	1030	
   69	1028	
   70	1025	
   71	1024	
   72	1022	
   73	1020	
   74	1018	
   75	1016	
   76	1015	
   77	1015	
   78	1014	
   79	1013	
   80	1013	
   81	1014	
   82	1012	
   83	1012	
   84	1012	
   85	1011	
   86	1011	
   87	1013	
   88	1011	
   89	1012	
   90	1014	
   91	1013	
   92	1010	
   93	1010	
   94	1011	
   95	1010	
   96	1011	
   97	1011	
   98	1011	
   99	1011	
  100	1011	
  101	1012	
  102	1013	
  103	1011	
  104	1011	
  105	1013	
  106	1012	
  107	1012	
  108	1013	
  109	1015	
  110	1014	
  111	1017	
  112	1019	
  113	1029	
  114	1031	
  115	1036	
  116	1043	
  117	1041	
  118	1038	
  119	1024	
  120	1022	
  121	1020	
  122	1017	
  123	1016	
  124	1015	
  125	1013	
  126	1011	
  127	1010	
  128	1010	
  129	1010	
  130	1006	
  131	1005	
  132	1005	
  133	1008	
  134	1009	
  135	1012	
  136	1014	
  137	-9	
  138	-11	
  139	-11	
  140	-11	
  141	-11	
  142	-11	
  143	-11	
  144	-11	
  145	-11	
