    1	-11	
    2	-11	
    3	-11	
    4	-11	
    5	-11	
    6	-11	
    7	-11	
    8	-11	
    9	-11	
   10	-11	
   11	-11	
   12	-12	
   13	-11	
   14	-12	
   15	-11	
   16	-11	
   17	-12	
   18	-12	
   19	-12	
   20	-11	
   21	-12	
   22	-12	
   23	-11	
   24	901	
   25	1004	
   26	854	
   27	755	
   28	678	
   29	608	
   30	566	
   31	523	
   32	498	
   33	479	
   34	458	
   35	444	
   36	429	
   37	-4	
   38	-11	
   39	-11	
   40	-11	
   41	-11	
   42	-11	
   43	-11	
   44	-11	
   45	-11	
   46	-11	
   47	-11	
   48	-11	
   49	-11	
   50	-11	
   51	-11	
   52	-11	
   53	-11	
   54	410	
   55	712	
   56	925	
   57	990	
   58	1008	
   59	1024	
   60	1030	
   61	1037	
   62	1038	
   63	1039	
   64	1037	
   65	1034	
   66	1026	
   67	1024	
   68	1021	
   69	1018	
   70	1016	
   71	1015	
   72	1014	
   73	1013	
   74	1007	
   75	1005	
   76	1005	
   77	1005	
   78	1007	
   79	1006	
   80	1006	
   81	1003	
   82	1003	
   83	1002	
   84	1001	
   85	1000	
   86	1000	
   87	999	
   88	1000	
   89	1000	
   90	997	
   91	998	
   92	998	
   93	998	
   94	997	
   95	997	
   96	998	
   97	999	
   98	999	
   99	999	
  100	999	
  101	996	
  102	999	
  103	1002	
  104	1001	
  105	1003	
  106	1005	
  107	1006	
  108	1007	
  109	1009	
  110	1006	
  111	1009	
  112	1013	
  113	1019	
  114	1024	
  115	1031	
  116	1034	
  117	1035	
  118	1029	
  119	1019	
  120	1018	
  121	1018	
  122	1016	
  123	1014	
  124	1007	
  125	1003	
  126	1002	
  127	1003	
  128	1001	
  129	1000	
  130	998	
  131	998	
  132	998	
  133	997	
  134	996	
  135	994	
  136	996	
  137	996	
  138	5	
  139	-11	
  140	-11	
  141	-11	
  142	-11	
  143	-11	
  144	-11	
  145	-12	
  146	-11	
