    1	1	
    2	1	
    3	1	
    4	1	
    5	1	
    6	1	
    7	1	
    8	1	
    9	1	
   10	1	
   11	1	
   12	1	
   13	1	
   14	1	
   15	1	
   16	1	
   17	1	
   18	1	
   19	1	
   20	1	
   21	1	
   22	1	
   23	688	
   24	2047	
   25	2047	
   26	2047	
   27	2047	
   28	2047	
   29	2047	
   30	2047	
   31	2047	
   32	2047	
   33	2047	
   34	2047	
   35	2047	
   36	2047	
   37	36	
   38	1	
   39	1	
   40	1	
   41	1	
   42	1	
   43	1	
   44	1	
   45	1	
   46	1	
   47	1	
   48	1	
   49	1	
   50	1	
   51	1	
   52	1	
   53	1	
   54	556	
   55	1086	
   56	1247	
   57	1246	
   58	1252	
   59	1258	
   60	1264	
   61	1268	
   62	1272	
   63	1276	
   64	1280	
   65	1281	
   66	1284	
   67	1286	
   68	1291	
   69	1293	
   70	1296	
   71	1299	
   72	1300	
   73	1303	
   74	1304	
   75	1307	
   76	1306	
   77	1308	
   78	1311	
   79	1311	
   80	1312	
   81	1314	
   82	1316	
   83	1317	
   84	1319	
   85	1320	
   86	1324	
   87	1324	
   88	1324	
   89	1325	
   90	1324	
   91	1326	
   92	1327	
   93	1328	
   94	1329	
   95	1330	
   96	1330	
   97	1331	
   98	1333	
   99	1331	
  100	1332	
  101	1333	
  102	1332	
  103	1333	
  104	1334	
  105	1332	
  106	1332	
  107	1332	
  108	1329	
  109	1321	
  110	1307	
  111	1267	
  112	1245	
  113	1230	
  114	1219	
  115	1206	
  116	1186	
  117	1168	
  118	1161	
  119	1156	
  120	1155	
  121	1155	
  122	1154	
  123	1153	
  124	1153	
  125	1153	
  126	1153	
  127	1152	
  128	1152	
  129	1152	
  130	1153	
  131	1154	
  132	1155	
  133	1156	
  134	1156	
  135	168	
  136	1	
  137	1	
  138	1	
  139	1	
  140	1	
  141	1	
  142	1	
  143	1	
