    1	-1	
    2	0	
    3	0	
    4	0	
    5	0	
    6	0	
    7	0	
    8	0	
    9	0	
   10	0	
   11	0	
   12	-1	
   13	-1	
   14	-1	
   15	-1	
   16	-1	
   17	-1	
   18	-1	
   19	-1	
   20	-1	
   21	-1	
   22	-1	
   23	-40	
   24	-47	
   25	-42	
   26	-41	
   27	-38	
   28	-36	
   29	-34	
   30	-32	
   31	-31	
   32	-29	
   33	-28	
   34	-28	
   35	-27	
   36	-26	
   37	0	
   38	0	
   39	0	
   40	0	
   41	-1	
   42	-1	
   43	-1	
   44	-1	
   45	-1	
   46	-1	
   47	-1	
   48	-1	
   49	-1	
   50	-1	
   51	0	
   52	0	
   53	0	
   54	0	
   55	-2	
   56	-66	
   57	-92	
   58	-94	
   59	-96	
   60	-97	
   61	-97	
   62	-98	
   63	-98	
   64	-99	
   65	-99	
   66	-100	
   67	-100	
   68	-100	
   69	-100	
   70	-101	
   71	-101	
   72	-101	
   73	-101	
   74	-101	
   75	-101	
   76	-101	
   77	-101	
   78	-101	
   79	-101	
   80	-102	
   81	-102	
   82	-102	
   83	-102	
   84	-103	
   85	-103	
   86	-103	
   87	-103	
   88	-103	
   89	-103	
   90	-103	
   91	-103	
   92	-103	
   93	-104	
   94	-103	
   95	-103	
   96	-103	
   97	-103	
   98	-103	
   99	-103	
  100	-104	
  101	-104	
  102	-104	
  103	-103	
  104	-103	
  105	-103	
  106	-104	
  107	-104	
  108	-103	
  109	-104	
  110	-104	
  111	-103	
  112	-103	
  113	-100	
  114	-99	
  115	-98	
  116	-96	
  117	-96	
  118	-94	
  119	-92	
  120	-91	
  121	-91	
  122	-90	
  123	-90	
  124	-91	
  125	-91	
  126	-91	
  127	-91	
  128	-91	
  129	-91	
  130	-91	
  131	-91	
  132	-91	
  133	-91	
  134	-91	
  135	-91	
  136	-91	
  137	-90	
  138	-1	
  139	-1	
  140	0	
  141	0	
  142	-1	
  143	-1	
  144	-1	
  145	-1	
  146	-1	
