    1	-11	
    2	-11	
    3	-11	
    4	-11	
    5	-11	
    6	-11	
    7	-11	
    8	-11	
    9	-11	
   10	-11	
   11	-11	
   12	-11	
   13	-11	
   14	-11	
   15	-12	
   16	-11	
   17	737	
   18	975	
   19	940	
   20	820	
   21	710	
   22	645	
   23	586	
   24	551	
   25	524	
   26	497	
   27	477	
   28	458	
   29	446	
   30	435	
   31	-11	
   32	-11	
   33	-11	
   34	-11	
   35	-11	
   36	-11	
   37	-11	
   38	-11	
   39	-11	
   40	-11	
   41	-12	
   42	-11	
   43	-11	
   44	-11	
   45	-11	
   46	-11	
   47	-11	
   48	-11	
   49	667	
   50	911	
   51	975	
   52	997	
   53	1014	
   54	1024	
   55	1029	
   56	1038	
   57	1039	
   58	1036	
   59	1031	
   60	1029	
   61	1027	
   62	1023	
   63	1020	
   64	1019	
   65	1013	
   66	1012	
   67	1010	
   68	1008	
   69	1007	
   70	1005	
   71	1004	
   72	1002	
   73	1001	
   74	1002	
   75	1002	
   76	1003	
   77	1004	
   78	1002	
   79	1002	
   80	1000	
   81	1000	
   82	1000	
   83	999	
   84	999	
   85	999	
   86	999	
   87	998	
   88	994	
   89	993	
   90	994	
   91	995	
   92	996	
   93	996	
   94	996	
   95	995	
   96	999	
   97	999	
   98	1000	
   99	1000	
  100	998	
  101	998	
  102	999	
  103	999	
  104	999	
  105	1003	
  106	1009	
  107	1018	
  108	1024	
  109	1025	
  110	1032	
  111	1035	
  112	1025	
  113	1021	
  114	1019	
  115	1017	
  116	1014	
  117	1010	
  118	1009	
  119	1007	
  120	1004	
  121	1004	
  122	1004	
  123	1002	
  124	1002	
  125	1003	
  126	1002	
  127	1001	
  128	1000	
  129	998	
  130	998	
  131	132	
  132	-11	
  133	-11	
  134	-11	
  135	-11	
  136	-11	
  137	-11	
  138	-11	
  139	-12	
