    1	0	
    2	-1	
    3	0	
    4	0	
    5	0	
    6	0	
    7	0	
    8	-1	
    9	-1	
   10	-1	
   11	-1	
   12	-1	
   13	-1	
   14	-1	
   15	-1	
   16	0	
   17	0	
   18	-1	
   19	-1	
   20	-1	
   21	-49	
   22	-45	
   23	-41	
   24	-39	
   25	-37	
   26	-34	
   27	-32	
   28	-31	
   29	-29	
   30	-28	
   31	-27	
   32	-26	
   33	-26	
   34	-1	
   35	-1	
   36	-1	
   37	-1	
   38	-1	
   39	0	
   40	-1	
   41	-1	
   42	-1	
   43	-1	
   44	-1	
   45	-1	
   46	0	
   47	0	
   48	0	
   49	-1	
   50	-1	
   51	45	
   52	-55	
   53	-92	
   54	-95	
   55	-96	
   56	-97	
   57	-98	
   58	-99	
   59	-99	
   60	-100	
   61	-100	
   62	-100	
   63	-100	
   64	-101	
   65	-101	
   66	-102	
   67	-102	
   68	-102	
   69	-102	
   70	-102	
   71	-102	
   72	-102	
   73	-102	
   74	-103	
   75	-103	
   76	-103	
   77	-103	
   78	-103	
   79	-103	
   80	-103	
   81	-103	
   82	-103	
   83	-104	
   84	-104	
   85	-104	
   86	-104	
   87	-103	
   88	-103	
   89	-103	
   90	-103	
   91	-103	
   92	-103	
   93	-103	
   94	-103	
   95	-104	
   96	-104	
   97	-104	
   98	-104	
   99	-104	
  100	-104	
  101	-104	
  102	-104	
  103	-104	
  104	-104	
  105	-104	
  106	-104	
  107	-104	
  108	-103	
  109	-100	
  110	-99	
  111	-98	
  112	-96	
  113	-96	
  114	-94	
  115	-92	
  116	-92	
  117	-91	
  118	-91	
  119	-91	
  120	-91	
  121	-91	
  122	-91	
  123	-91	
  124	-91	
  125	-91	
  126	-90	
  127	-91	
  128	-91	
  129	-91	
  130	-91	
  131	-91	
  132	-91	
  133	-1	
  134	-1	
  135	0	
  136	-1	
  137	0	
  138	-1	
  139	0	
  140	0	
  141	0	
