    1	1	
    2	1	
    3	1	
    4	1	
    5	1	
    6	1	
    7	1	
    8	1	
    9	1	
   10	1	
   11	1	
   12	1	
   13	1	
   14	1	
   15	0	
   16	1	
   17	1	
   18	1	
   19	2047	
   20	2047	
   21	2047	
   22	2047	
   23	2047	
   24	2047	
   25	2047	
   26	2047	
   27	2047	
   28	2047	
   29	2047	
   30	2047	
   31	2047	
   32	297	
   33	2	
   34	1	
   35	1	
   36	1	
   37	1	
   38	1	
   39	1	
   40	1	
   41	1	
   42	1	
   43	1	
   44	0	
   45	1	
   46	1	
   47	1	
   48	1	
   49	989	
   50	1204	
   51	1242	
   52	1242	
   53	1250	
   54	1255	
   55	1261	
   56	1267	
   57	1270	
   58	1275	
   59	1277	
   60	1280	
   61	1284	
   62	1287	
   63	1289	
   64	1292	
   65	1293	
   66	1295	
   67	1296	
   68	1298	
   69	1300	
   70	1302	
   71	1304	
   72	1305	
   73	1308	
   74	1309	
   75	1311	
   76	1312	
   77	1314	
   78	1316	
   79	1317	
   80	1318	
   81	1320	
   82	1320	
   83	1321	
   84	1322	
   85	1324	
   86	1324	
   87	1325	
   88	1326	
   89	1324	
   90	1325	
   91	1326	
   92	1326	
   93	1326	
   94	1327	
   95	1329	
   96	1330	
   97	1331	
   98	1331	
   99	1329	
  100	1327	
  101	1327	
  102	1327	
  103	1326	
  104	1325	
  105	1320	
  106	1306	
  107	1280	
  108	1253	
  109	1236	
  110	1220	
  111	1208	
  112	1183	
  113	1161	
  114	1156	
  115	1154	
  116	1158	
  117	1157	
  118	1157	
  119	1157	
  120	1157	
  121	1157	
  122	1157	
  123	1156	
  124	1153	
  125	1153	
  126	1153	
  127	1153	
  128	1153	
  129	1153	
  130	1153	
  131	1153	
  132	169	
  133	1	
  134	1	
  135	1	
  136	1	
  137	1	
  138	1	
  139	1	
  140	1	
