    1	0	
    2	0	
    3	-1	
    4	0	
    5	0	
    6	0	
    7	0	
    8	0	
    9	0	
   10	0	
   11	0	
   12	0	
   13	0	
   14	-1	
   15	-1	
   16	-1	
   17	0	
   18	-1	
   19	-1	
   20	-1	
   21	-1	
   22	-1	
   23	0	
   24	-50	
   25	-43	
   26	-38	
   27	-36	
   28	-34	
   29	-32	
   30	-30	
   31	-28	
   32	-27	
   33	-27	
   34	-26	
   35	-25	
   36	-24	
   37	-1	
   38	0	
   39	-1	
   40	-1	
   41	-1	
   42	0	
   43	0	
   44	0	
   45	-1	
   46	-1	
   47	0	
   48	0	
   49	-1	
   50	-1	
   51	-1	
   52	-1	
   53	-1	
   54	44	
   55	-55	
   56	-84	
   57	-94	
   58	-95	
   59	-96	
   60	-97	
   61	-98	
   62	-98	
   63	-99	
   64	-100	
   65	-100	
   66	-100	
   67	-100	
   68	-100	
   69	-101	
   70	-101	
   71	-101	
   72	-102	
   73	-102	
   74	-102	
   75	-102	
   76	-102	
   77	-102	
   78	-102	
   79	-103	
   80	-103	
   81	-103	
   82	-103	
   83	-102	
   84	-103	
   85	-103	
   86	-103	
   87	-103	
   88	-103	
   89	-103	
   90	-103	
   91	-103	
   92	-103	
   93	-103	
   94	-103	
   95	-103	
   96	-103	
   97	-103	
   98	-103	
   99	-103	
  100	-103	
  101	-103	
  102	-103	
  103	-103	
  104	-103	
  105	-103	
  106	-103	
  107	-104	
  108	-103	
  109	-104	
  110	-103	
  111	-103	
  112	-102	
  113	-100	
  114	-98	
  115	-98	
  116	-96	
  117	-96	
  118	-94	
  119	-92	
  120	-91	
  121	-91	
  122	-91	
  123	-91	
  124	-90	
  125	-90	
  126	-90	
  127	-90	
  128	-90	
  129	-90	
  130	-90	
  131	-90	
  132	-90	
  133	-90	
  134	-90	
  135	-89	
  136	-89	
  137	-90	
  138	-1	
  139	0	
  140	-1	
  141	-1	
  142	0	
  143	-1	
  144	0	
  145	0	
  146	0	
