    1	0	
    2	-1	
    3	0	
    4	-1	
    5	0	
    6	0	
    7	0	
    8	0	
    9	0	
   10	-1	
   11	0	
   12	0	
   13	0	
   14	-1	
   15	0	
   16	0	
   17	0	
   18	0	
   19	-1	
   20	0	
   21	-1	
   22	0	
   23	0	
   24	-31	
   25	-47	
   26	-40	
   27	-38	
   28	-36	
   29	-34	
   30	-32	
   31	-30	
   32	-29	
   33	-28	
   34	-27	
   35	-26	
   36	-25	
   37	-24	
   38	0	
   39	-1	
   40	-1	
   41	-1	
   42	0	
   43	0	
   44	-1	
   45	0	
   46	-1	
   47	0	
   48	-1	
   49	0	
   50	0	
   51	-1	
   52	-1	
   53	-1	
   54	-1	
   55	0	
   56	2	
   57	-76	
   58	-92	
   59	-94	
   60	-95	
   61	-96	
   62	-97	
   63	-97	
   64	-98	
   65	-98	
   66	-99	
   67	-100	
   68	-100	
   69	-100	
   70	-100	
   71	-100	
   72	-101	
   73	-101	
   74	-101	
   75	-101	
   76	-101	
   77	-101	
   78	-102	
   79	-102	
   80	-102	
   81	-102	
   82	-102	
   83	-103	
   84	-102	
   85	-103	
   86	-102	
   87	-103	
   88	-103	
   89	-102	
   90	-103	
   91	-103	
   92	-103	
   93	-103	
   94	-103	
   95	-103	
   96	-103	
   97	-103	
   98	-103	
   99	-103	
  100	-103	
  101	-103	
  102	-103	
  103	-103	
  104	-103	
  105	-102	
  106	-102	
  107	-103	
  108	-103	
  109	-103	
  110	-103	
  111	-103	
  112	-103	
  113	-103	
  114	-101	
  115	-100	
  116	-99	
  117	-97	
  118	-96	
  119	-95	
  120	-93	
  121	-91	
  122	-91	
  123	-91	
  124	-91	
  125	-90	
  126	-90	
  127	-90	
  128	-91	
  129	-91	
  130	-90	
  131	-90	
  132	-90	
  133	-90	
  134	-90	
  135	-90	
  136	-90	
  137	-90	
  138	-90	
  139	-5	
  140	0	
  141	-1	
  142	0	
  143	-1	
  144	-1	
  145	-1	
  146	0	
  147	-1	
