    1	0	
    2	0	
    3	-1	
    4	-1	
    5	-1	
    6	-1	
    7	-1	
    8	-1	
    9	-1	
   10	-1	
   11	-1	
   12	-1	
   13	-1	
   14	0	
   15	-1	
   16	-1	
   17	0	
   18	0	
   19	0	
   20	0	
   21	0	
   22	-56	
   23	-45	
   24	-41	
   25	-39	
   26	-36	
   27	-34	
   28	-32	
   29	-31	
   30	-30	
   31	-28	
   32	-27	
   33	-26	
   34	-26	
   35	-1	
   36	-1	
   37	-1	
   38	0	
   39	-1	
   40	0	
   41	-1	
   42	-1	
   43	-1	
   44	0	
   45	-1	
   46	-1	
   47	0	
   48	0	
   49	0	
   50	0	
   51	-1	
   52	-1	
   53	44	
   54	-56	
   55	-92	
   56	-93	
   57	-95	
   58	-96	
   59	-96	
   60	-97	
   61	-98	
   62	-98	
   63	-99	
   64	-99	
   65	-99	
   66	-100	
   67	-100	
   68	-100	
   69	-101	
   70	-101	
   71	-101	
   72	-102	
   73	-102	
   74	-102	
   75	-102	
   76	-102	
   77	-102	
   78	-102	
   79	-102	
   80	-102	
   81	-102	
   82	-102	
   83	-102	
   84	-102	
   85	-103	
   86	-103	
   87	-103	
   88	-103	
   89	-104	
   90	-104	
   91	-104	
   92	-104	
   93	-104	
   94	-104	
   95	-104	
   96	-104	
   97	-104	
   98	-104	
   99	-104	
  100	-104	
  101	-104	
  102	-104	
  103	-104	
  104	-104	
  105	-104	
  106	-104	
  107	-104	
  108	-104	
  109	-104	
  110	-103	
  111	-100	
  112	-99	
  113	-98	
  114	-97	
  115	-96	
  116	-94	
  117	-92	
  118	-91	
  119	-91	
  120	-91	
  121	-91	
  122	-91	
  123	-91	
  124	-91	
  125	-91	
  126	-91	
  127	-91	
  128	-91	
  129	-91	
  130	-91	
  131	-91	
  132	-91	
  133	-91	
  134	-91	
  135	-90	
  136	-2	
  137	0	
  138	-1	
  139	-1	
  140	-1	
  141	0	
  142	-1	
  143	0	
  144	0	
