    1	0	
    2	0	
    3	0	
    4	0	
    5	0	
    6	-1	
    7	0	
    8	0	
    9	-1	
   10	0	
   11	0	
   12	-1	
   13	0	
   14	0	
   15	0	
   16	0	
   17	0	
   18	0	
   19	-1	
   20	-1	
   21	-57	
   22	-46	
   23	-42	
   24	-39	
   25	-36	
   26	-34	
   27	-33	
   28	-31	
   29	-30	
   30	-29	
   31	-28	
   32	-27	
   33	-27	
   34	1	
   35	-1	
   36	-1	
   37	-1	
   38	0	
   39	0	
   40	0	
   41	0	
   42	-1	
   43	-1	
   44	0	
   45	0	
   46	0	
   47	-1	
   48	0	
   49	0	
   50	0	
   51	-1	
   52	-1	
   53	44	
   54	-55	
   55	-91	
   56	-93	
   57	-95	
   58	-95	
   59	-96	
   60	-97	
   61	-98	
   62	-98	
   63	-99	
   64	-99	
   65	-100	
   66	-100	
   67	-100	
   68	-100	
   69	-100	
   70	-100	
   71	-100	
   72	-100	
   73	-100	
   74	-100	
   75	-100	
   76	-100	
   77	-100	
   78	-101	
   79	-101	
   80	-101	
   81	-101	
   82	-101	
   83	-101	
   84	-102	
   85	-102	
   86	-102	
   87	-102	
   88	-102	
   89	-102	
   90	-102	
   91	-102	
   92	-102	
   93	-103	
   94	-103	
   95	-103	
   96	-103	
   97	-103	
   98	-103	
   99	-104	
  100	-103	
  101	-103	
  102	-104	
  103	-104	
  104	-104	
  105	-104	
  106	-104	
  107	-103	
  108	-103	
  109	-103	
  110	-103	
  111	-102	
  112	-99	
  113	-98	
  114	-97	
  115	-96	
  116	-95	
  117	-93	
  118	-92	
  119	-90	
  120	-90	
  121	-90	
  122	-90	
  123	-90	
  124	-90	
  125	-90	
  126	-90	
  127	-90	
  128	-90	
  129	-90	
  130	-90	
  131	-90	
  132	-90	
  133	-90	
  134	-90	
  135	-90	
  136	-90	
  137	-90	
  138	-90	
  139	-1	
  140	0	
  141	-1	
  142	0	
  143	0	
  144	-1	
  145	0	
  146	-1	
