    1	1	
    2	1	
    3	1	
    4	1	
    5	1	
    6	1	
    7	1	
    8	1	
    9	1	
   10	1	
   11	1	
   12	1	
   13	1	
   14	1	
   15	1	
   16	1	
   17	1	
   18	1	
   19	1	
   20	2047	
   21	2047	
   22	2047	
   23	2047	
   24	2047	
   25	2047	
   26	2047	
   27	2047	
   28	2047	
   29	2047	
   30	2047	
   31	2047	
   32	2047	
   33	302	
   34	2	
   35	1	
   36	1	
   37	1	
   38	1	
   39	1	
   40	1	
   41	1	
   42	1	
   43	1	
   44	1	
   45	1	
   46	1	
   47	1	
   48	1	
   49	1	
   50	1	
   51	1061	
   52	1217	
   53	1245	
   54	1248	
   55	1251	
   56	1255	
   57	1263	
   58	1267	
   59	1272	
   60	1274	
   61	1280	
   62	1283	
   63	1286	
   64	1289	
   65	1290	
   66	1291	
   67	1293	
   68	1296	
   69	1298	
   70	1301	
   71	1303	
   72	1305	
   73	1308	
   74	1310	
   75	1311	
   76	1313	
   77	1313	
   78	1314	
   79	1315	
   80	1316	
   81	1318	
   82	1320	
   83	1321	
   84	1320	
   85	1322	
   86	1324	
   87	1325	
   88	1326	
   89	1328	
   90	1328	
   91	1330	
   92	1332	
   93	1333	
   94	1333	
   95	1334	
   96	1335	
   97	1334	
   98	1334	
   99	1333	
  100	1333	
  101	1333	
  102	1334	
  103	1333	
  104	1335	
  105	1333	
  106	1329	
  107	1317	
  108	1288	
  109	1260	
  110	1243	
  111	1227	
  112	1214	
  113	1194	
  114	1171	
  115	1159	
  116	1156	
  117	1154	
  118	1154	
  119	1154	
  120	1153	
  121	1153	
  122	1154	
  123	1154	
  124	1154	
  125	1156	
  126	1156	
  127	1156	
  128	1156	
  129	1156	
  130	1156	
  131	1157	
  132	1156	
  133	167	
  134	1	
  135	1	
  136	1	
  137	1	
  138	1	
  139	1	
  140	1	
  141	1	
