    1	-11	
    2	-11	
    3	-11	
    4	-11	
    5	-11	
    6	-11	
    7	-11	
    8	-11	
    9	-11	
   10	-12	
   11	-11	
   12	-12	
   13	-11	
   14	-11	
   15	-11	
   16	-11	
   17	-12	
   18	-11	
   19	-12	
   20	-12	
   21	-11	
   22	176	
   23	924	
   24	990	
   25	872	
   26	772	
   27	677	
   28	624	
   29	574	
   30	543	
   31	516	
   32	491	
   33	473	
   34	455	
   35	444	
   36	-4	
   37	-11	
   38	-11	
   39	-11	
   40	-11	
   41	-11	
   42	-11	
   43	-11	
   44	-11	
   45	-11	
   46	-11	
   47	-12	
   48	-11	
   49	-11	
   50	-11	
   51	-11	
   52	-11	
   53	-11	
   54	767	
   55	928	
   56	994	
   57	1009	
   58	1023	
   59	1035	
   60	1041	
   61	1044	
   62	1044	
   63	1039	
   64	1035	
   65	1030	
   66	1025	
   67	1024	
   68	1022	
   69	1020	
   70	1017	
   71	1015	
   72	1011	
   73	1010	
   74	1010	
   75	1009	
   76	1012	
   77	1011	
   78	1009	
   79	1008	
   80	1005	
   81	1005	
   82	1005	
   83	1005	
   84	1004	
   85	1004	
   86	1001	
   87	1002	
   88	1001	
   89	1003	
   90	1002	
   91	1004	
   92	1004	
   93	1005	
   94	1006	
   95	1007	
   96	1008	
   97	1005	
   98	1007	
   99	1008	
  100	1004	
  101	1006	
  102	1004	
  103	1006	
  104	1007	
  105	1008	
  106	1013	
  107	1015	
  108	1014	
  109	1012	
  110	1012	
  111	1017	
  112	1027	
  113	1029	
  114	1031	
  115	1036	
  116	1030	
  117	1018	
  118	1017	
  119	1015	
  120	1013	
  121	1010	
  122	1009	
  123	1008	
  124	1008	
  125	1006	
  126	1005	
  127	1004	
  128	1002	
  129	1001	
  130	998	
  131	1000	
  132	1000	
  133	1000	
  134	1000	
  135	999	
  136	-9	
  137	-11	
  138	-11	
  139	-11	
  140	-11	
  141	-11	
  142	-11	
  143	-11	
  144	-11	
