    1	1	
    2	1	
    3	1	
    4	1	
    5	1	
    6	1	
    7	1	
    8	1	
    9	1	
   10	1	
   11	1	
   12	1	
   13	1	
   14	1	
   15	1	
   16	1	
   17	1	
   18	1	
   19	2047	
   20	2047	
   21	2047	
   22	2047	
   23	2047	
   24	2047	
   25	2047	
   26	2047	
   27	2047	
   28	2047	
   29	2047	
   30	2047	
   31	2047	
   32	299	
   33	2	
   34	1	
   35	1	
   36	1	
   37	1	
   38	1	
   39	1	
   40	1	
   41	1	
   42	1	
   43	1	
   44	1	
   45	1	
   46	1	
   47	1	
   48	1	
   49	1	
   50	1	
   51	1047	
   52	1228	
   53	1248	
   54	1252	
   55	1259	
   56	1266	
   57	1272	
   58	1275	
   59	1280	
   60	1283	
   61	1285	
   62	1288	
   63	1290	
   64	1293	
   65	1296	
   66	1297	
   67	1301	
   68	1304	
   69	1305	
   70	1306	
   71	1307	
   72	1310	
   73	1312	
   74	1313	
   75	1313	
   76	1315	
   77	1314	
   78	1317	
   79	1318	
   80	1320	
   81	1321	
   82	1322	
   83	1325	
   84	1325	
   85	1326	
   86	1327	
   87	1328	
   88	1329	
   89	1330	
   90	1329	
   91	1332	
   92	1334	
   93	1335	
   94	1334	
   95	1336	
   96	1336	
   97	1336	
   98	1336	
   99	1335	
  100	1336	
  101	1337	
  102	1338	
  103	1339	
  104	1339	
  105	1339	
  106	1337	
  107	1330	
  108	1318	
  109	1295	
  110	1272	
  111	1254	
  112	1235	
  113	1224	
  114	1202	
  115	1180	
  116	1171	
  117	1166	
  118	1163	
  119	1163	
  120	1162	
  121	1162	
  122	1162	
  123	1161	
  124	1163	
  125	1164	
  126	1164	
  127	1164	
  128	1164	
  129	1164	
  130	1164	
  131	1163	
  132	1163	
  133	1163	
  134	1164	
  135	1164	
  136	4	
  137	1	
  138	1	
  139	1	
  140	1	
  141	1	
  142	1	
  143	1	
  144	1	
