    1	0	
    2	-1	
    3	0	
    4	-1	
    5	0	
    6	-1	
    7	0	
    8	-1	
    9	-1	
   10	-1	
   11	0	
   12	-1	
   13	-1	
   14	-1	
   15	0	
   16	-1	
   17	0	
   18	-1	
   19	0	
   20	-1	
   21	0	
   22	-17	
   23	-51	
   24	-40	
   25	-37	
   26	-34	
   27	-31	
   28	-30	
   29	-27	
   30	-26	
   31	-25	
   32	-24	
   33	-23	
   34	-23	
   35	-23	
   36	0	
   37	-1	
   38	-1	
   39	-1	
   40	-1	
   41	-1	
   42	0	
   43	-1	
   44	-1	
   45	-1	
   46	0	
   47	-1	
   48	0	
   49	-1	
   50	0	
   51	0	
   52	-1	
   53	-1	
   54	-1	
   55	0	
   56	-64	
   57	-92	
   58	-94	
   59	-96	
   60	-97	
   61	-97	
   62	-98	
   63	-98	
   64	-99	
   65	-99	
   66	-99	
   67	-99	
   68	-100	
   69	-100	
   70	-100	
   71	-101	
   72	-101	
   73	-101	
   74	-101	
   75	-101	
   76	-101	
   77	-101	
   78	-101	
   79	-101	
   80	-102	
   81	-102	
   82	-102	
   83	-102	
   84	-102	
   85	-102	
   86	-102	
   87	-102	
   88	-102	
   89	-103	
   90	-103	
   91	-103	
   92	-103	
   93	-103	
   94	-103	
   95	-103	
   96	-103	
   97	-103	
   98	-103	
   99	-103	
  100	-103	
  101	-103	
  102	-103	
  103	-103	
  104	-103	
  105	-103	
  106	-103	
  107	-103	
  108	-103	
  109	-103	
  110	-104	
  111	-103	
  112	-103	
  113	-103	
  114	-100	
  115	-99	
  116	-98	
  117	-96	
  118	-96	
  119	-93	
  120	-91	
  121	-91	
  122	-91	
  123	-91	
  124	-91	
  125	-91	
  126	-91	
  127	-91	
  128	-90	
  129	-90	
  130	-90	
  131	-90	
  132	-90	
  133	-90	
  134	-90	
  135	-90	
  136	-90	
  137	-90	
  138	-90	
  139	-90	
  140	-90	
  141	0	
  142	0	
  143	0	
  144	-1	
  145	-1	
  146	0	
  147	0	
  148	-1	
