    1	-1	
    2	0	
    3	0	
    4	0	
    5	0	
    6	0	
    7	0	
    8	0	
    9	0	
   10	0	
   11	-1	
   12	-1	
   13	0	
   14	-1	
   15	0	
   16	0	
   17	0	
   18	-1	
   19	-1	
   20	-1	
   21	0	
   22	-1	
   23	-27	
   24	-48	
   25	-43	
   26	-41	
   27	-39	
   28	-37	
   29	-35	
   30	-33	
   31	-32	
   32	-30	
   33	-29	
   34	-28	
   35	-28	
   36	-27	
   37	0	
   38	0	
   39	0	
   40	0	
   41	0	
   42	0	
   43	0	
   44	-1	
   45	0	
   46	0	
   47	0	
   48	-1	
   49	-1	
   50	0	
   51	-1	
   52	-1	
   53	-1	
   54	6	
   55	-66	
   56	-92	
   57	-94	
   58	-95	
   59	-96	
   60	-97	
   61	-98	
   62	-99	
   63	-99	
   64	-100	
   65	-100	
   66	-100	
   67	-100	
   68	-100	
   69	-100	
   70	-101	
   71	-101	
   72	-101	
   73	-101	
   74	-101	
   75	-102	
   76	-102	
   77	-102	
   78	-102	
   79	-102	
   80	-102	
   81	-102	
   82	-103	
   83	-102	
   84	-103	
   85	-103	
   86	-103	
   87	-103	
   88	-103	
   89	-103	
   90	-103	
   91	-103	
   92	-103	
   93	-103	
   94	-103	
   95	-103	
   96	-103	
   97	-103	
   98	-103	
   99	-103	
  100	-103	
  101	-103	
  102	-103	
  103	-103	
  104	-103	
  105	-103	
  106	-103	
  107	-103	
  108	-103	
  109	-103	
  110	-103	
  111	-102	
  112	-99	
  113	-98	
  114	-97	
  115	-96	
  116	-94	
  117	-92	
  118	-91	
  119	-90	
  120	-91	
  121	-90	
  122	-90	
  123	-90	
  124	-90	
  125	-90	
  126	-90	
  127	-90	
  128	-90	
  129	-90	
  130	-90	
  131	-90	
  132	-90	
  133	-90	
  134	-91	
  135	-90	
  136	-90	
  137	0	
  138	-1	
  139	-1	
  140	-1	
  141	-1	
  142	-1	
  143	-1	
  144	-1	
  145	-1	
