    1	-11	
    2	-11	
    3	-11	
    4	-11	
    5	-11	
    6	-11	
    7	-11	
    8	-11	
    9	-12	
   10	-11	
   11	-12	
   12	-12	
   13	-11	
   14	-11	
   15	-11	
   16	-11	
   17	745	
   18	998	
   19	948	
   20	806	
   21	718	
   22	638	
   23	592	
   24	558	
   25	524	
   26	502	
   27	481	
   28	462	
   29	448	
   30	433	
   31	-11	
   32	-11	
   33	-11	
   34	-11	
   35	-11	
   36	-11	
   37	-11	
   38	-11	
   39	-11	
   40	-12	
   41	-11	
   42	-11	
   43	-11	
   44	-11	
   45	-11	
   46	-11	
   47	-11	
   48	708	
   49	917	
   50	992	
   51	1010	
   52	1024	
   53	1036	
   54	1042	
   55	1046	
   56	1047	
   57	1046	
   58	1042	
   59	1040	
   60	1036	
   61	1035	
   62	1032	
   63	1027	
   64	1024	
   65	1022	
   66	1021	
   67	1021	
   68	1018	
   69	1015	
   70	1013	
   71	1012	
   72	1012	
   73	1009	
   74	1007	
   75	1006	
   76	1006	
   77	1007	
   78	1006	
   79	1008	
   80	1006	
   81	1003	
   82	1003	
   83	1002	
   84	1001	
   85	999	
   86	999	
   87	998	
   88	998	
   89	998	
   90	997	
   91	996	
   92	995	
   93	996	
   94	994	
   95	993	
   96	993	
   97	992	
   98	993	
   99	992	
  100	991	
  101	992	
  102	991	
  103	988	
  104	988	
  105	989	
  106	986	
  107	985	
  108	980	
  109	981	
  110	978	
  111	981	
  112	982	
  113	975	
  114	981	
  115	988	
  116	993	
  117	997	
  118	998	
  119	999	
  120	1000	
  121	999	
  122	998	
  123	998	
  124	995	
  125	994	
  126	994	
  127	992	
  128	991	
  129	992	
  130	992	
  131	994	
  132	992	
  133	994	
  134	-9	
  135	-11	
  136	-11	
  137	-11	
  138	-11	
  139	-11	
  140	-11	
  141	-11	
  142	-11	
