    1	-1	
    2	-1	
    3	0	
    4	-1	
    5	-1	
    6	0	
    7	0	
    8	0	
    9	0	
   10	0	
   11	0	
   12	-1	
   13	0	
   14	0	
   15	-1	
   16	-1	
   17	0	
   18	-1	
   19	-1	
   20	-1	
   21	-1	
   22	0	
   23	-49	
   24	-45	
   25	-42	
   26	-40	
   27	-38	
   28	-35	
   29	-33	
   30	-32	
   31	-31	
   32	-29	
   33	-28	
   34	-27	
   35	-26	
   36	0	
   37	0	
   38	-1	
   39	0	
   40	0	
   41	-1	
   42	-1	
   43	-1	
   44	0	
   45	0	
   46	0	
   47	0	
   48	0	
   49	-1	
   50	0	
   51	0	
   52	0	
   53	-1	
   54	44	
   55	-64	
   56	-83	
   57	-94	
   58	-96	
   59	-96	
   60	-97	
   61	-98	
   62	-99	
   63	-99	
   64	-99	
   65	-99	
   66	-99	
   67	-100	
   68	-100	
   69	-100	
   70	-100	
   71	-100	
   72	-100	
   73	-101	
   74	-101	
   75	-101	
   76	-101	
   77	-102	
   78	-101	
   79	-102	
   80	-102	
   81	-102	
   82	-103	
   83	-102	
   84	-102	
   85	-103	
   86	-103	
   87	-103	
   88	-103	
   89	-103	
   90	-103	
   91	-103	
   92	-103	
   93	-103	
   94	-103	
   95	-103	
   96	-103	
   97	-103	
   98	-103	
   99	-103	
  100	-103	
  101	-103	
  102	-103	
  103	-103	
  104	-103	
  105	-103	
  106	-103	
  107	-103	
  108	-103	
  109	-103	
  110	-103	
  111	-103	
  112	-102	
  113	-99	
  114	-99	
  115	-97	
  116	-96	
  117	-95	
  118	-93	
  119	-92	
  120	-91	
  121	-91	
  122	-91	
  123	-90	
  124	-90	
  125	-90	
  126	-90	
  127	-90	
  128	-90	
  129	-91	
  130	-91	
  131	-90	
  132	-91	
  133	-91	
  134	-91	
  135	-91	
  136	-90	
  137	-1	
  138	-1	
  139	0	
  140	-1	
  141	-1	
  142	-1	
  143	-1	
  144	0	
  145	-1	
