    1	-11	
    2	-11	
    3	-11	
    4	-11	
    5	-11	
    6	-11	
    7	-11	
    8	-11	
    9	-11	
   10	-11	
   11	-11	
   12	-11	
   13	-11	
   14	-11	
   15	-11	
   16	-11	
   17	-11	
   18	-11	
   19	-11	
   20	-11	
   21	-11	
   22	-11	
   23	149	
   24	904	
   25	1003	
   26	853	
   27	753	
   28	659	
   29	605	
   30	564	
   31	524	
   32	500	
   33	477	
   34	461	
   35	448	
   36	433	
   37	-4	
   38	-11	
   39	-11	
   40	-11	
   41	-11	
   42	-11	
   43	-11	
   44	-11	
   45	-11	
   46	-11	
   47	-11	
   48	-11	
   49	-11	
   50	-11	
   51	-11	
   52	-11	
   53	-11	
   54	414	
   55	715	
   56	956	
   57	994	
   58	1016	
   59	1027	
   60	1039	
   61	1043	
   62	1046	
   63	1043	
   64	1039	
   65	1036	
   66	1031	
   67	1027	
   68	1024	
   69	1022	
   70	1019	
   71	1018	
   72	1016	
   73	1012	
   74	1011	
   75	1009	
   76	1008	
   77	1005	
   78	1005	
   79	1004	
   80	1004	
   81	1004	
   82	1004	
   83	1004	
   84	1005	
   85	1006	
   86	1005	
   87	1005	
   88	1004	
   89	1004	
   90	1004	
   91	1003	
   92	1002	
   93	1003	
   94	1004	
   95	1004	
   96	1005	
   97	1005	
   98	1002	
   99	1002	
  100	1002	
  101	1004	
  102	1004	
  103	1006	
  104	1006	
  105	1005	
  106	1005	
  107	1008	
  108	1008	
  109	1009	
  110	1011	
  111	1011	
  112	1015	
  113	1019	
  114	1031	
  115	1030	
  116	1036	
  117	1044	
  118	1040	
  119	1034	
  120	1025	
  121	1022	
  122	1020	
  123	1017	
  124	1016	
  125	1014	
  126	1013	
  127	1012	
  128	1011	
  129	1009	
  130	1008	
  131	1006	
  132	1006	
  133	1006	
  134	1007	
  135	1007	
  136	1007	
  137	1007	
  138	1007	
  139	1005	
  140	-11	
  141	-11	
  142	-11	
  143	-11	
  144	-11	
  145	-11	
  146	-11	
  147	-11	
  148	-11	
