    1	0	
    2	-1	
    3	-1	
    4	-1	
    5	-1	
    6	-1	
    7	-1	
    8	-1	
    9	0	
   10	-1	
   11	0	
   12	-1	
   13	0	
   14	-1	
   15	-1	
   16	0	
   17	-1	
   18	-1	
   19	-68	
   20	-48	
   21	-43	
   22	-41	
   23	-38	
   24	-36	
   25	-34	
   26	-32	
   27	-31	
   28	-30	
   29	-29	
   30	-28	
   31	-27	
   32	1	
   33	0	
   34	-1	
   35	0	
   36	0	
   37	0	
   38	-1	
   39	-1	
   40	-1	
   41	-1	
   42	-1	
   43	0	
   44	0	
   45	-1	
   46	0	
   47	0	
   48	0	
   49	-1	
   50	-1	
   51	-44	
   52	-82	
   53	-92	
   54	-94	
   55	-96	
   56	-97	
   57	-97	
   58	-98	
   59	-98	
   60	-99	
   61	-99	
   62	-99	
   63	-100	
   64	-100	
   65	-100	
   66	-100	
   67	-101	
   68	-101	
   69	-101	
   70	-101	
   71	-101	
   72	-101	
   73	-102	
   74	-102	
   75	-102	
   76	-102	
   77	-102	
   78	-102	
   79	-102	
   80	-102	
   81	-102	
   82	-102	
   83	-102	
   84	-102	
   85	-102	
   86	-102	
   87	-103	
   88	-102	
   89	-102	
   90	-102	
   91	-103	
   92	-103	
   93	-103	
   94	-103	
   95	-103	
   96	-103	
   97	-103	
   98	-103	
   99	-103	
  100	-103	
  101	-103	
  102	-103	
  103	-103	
  104	-103	
  105	-103	
  106	-103	
  107	-103	
  108	-102	
  109	-100	
  110	-99	
  111	-98	
  112	-97	
  113	-96	
  114	-95	
  115	-92	
  116	-91	
  117	-91	
  118	-90	
  119	-90	
  120	-90	
  121	-90	
  122	-90	
  123	-90	
  124	-90	
  125	-90	
  126	-90	
  127	-90	
  128	-91	
  129	-90	
  130	-90	
  131	-90	
  132	-90	
  133	-90	
  134	-91	
  135	-91	
  136	0	
  137	0	
  138	-1	
  139	-1	
  140	-1	
  141	-1	
  142	0	
  143	-1	
  144	-1	
