    1	0	
    2	0	
    3	0	
    4	0	
    5	0	
    6	0	
    7	0	
    8	0	
    9	-1	
   10	-1	
   11	-1	
   12	-1	
   13	-1	
   14	-1	
   15	1	
   16	-58	
   17	-40	
   18	-31	
   19	-29	
   20	-27	
   21	-26	
   22	-24	
   23	-24	
   24	-23	
   25	-23	
   26	-22	
   27	-21	
   28	1	
   29	-1	
   30	-1	
   31	-1	
   32	-1	
   33	0	
   34	0	
   35	0	
   36	0	
   37	0	
   38	0	
   39	-1	
   40	-1	
   41	-1	
   42	0	
   43	-1	
   44	-1	
   45	-1	
   46	-52	
   47	-97	
   48	-99	
   49	-100	
   50	-101	
   51	-102	
   52	-103	
   53	-103	
   54	-103	
   55	-104	
   56	-104	
   57	-104	
   58	-104	
   59	-105	
   60	-105	
   61	-105	
   62	-106	
   63	-106	
   64	-106	
   65	-106	
   66	-106	
   67	-106	
   68	-106	
   69	-106	
   70	-106	
   71	-106	
   72	-106	
   73	-107	
   74	-107	
   75	-107	
   76	-107	
   77	-107	
   78	-107	
   79	-107	
   80	-107	
   81	-106	
   82	-107	
   83	-106	
   84	-106	
   85	-106	
   86	-107	
   87	-107	
   88	-107	
   89	-106	
   90	-106	
   91	-107	
   92	-107	
   93	-107	
   94	-107	
   95	-107	
   96	-107	
   97	-107	
   98	-107	
   99	-107	
  100	-107	
  101	-106	
  102	-104	
  103	-103	
  104	-102	
  105	-101	
  106	-99	
  107	-98	
  108	-97	
  109	-95	
  110	-93	
  111	-93	
  112	-93	
  113	-92	
  114	-92	
  115	-92	
  116	-92	
  117	-92	
  118	-92	
  119	-92	
  120	-92	
  121	-92	
  122	-92	
  123	-92	
  124	-91	
  125	-92	
  126	-92	
  127	-5	
  128	0	
  129	0	
  130	-1	
  131	-1	
  132	-1	
  133	-1	
  134	-1	
  135	-1	
