    1	1	
    2	1	
    3	1	
    4	1	
    5	1	
    6	1	
    7	1	
    8	1	
    9	1	
   10	1	
   11	1	
   12	1	
   13	1	
   14	1	
   15	1	
   16	1	
   17	1	
   18	1	
   19	1	
   20	1	
   21	1	
   22	1	
   23	1	
   24	316	
   25	2047	
   26	2047	
   27	2047	
   28	2047	
   29	2047	
   30	2047	
   31	2047	
   32	2047	
   33	2047	
   34	2047	
   35	2047	
   36	2047	
   37	2047	
   38	6	
   39	1	
   40	1	
   41	1	
   42	1	
   43	1	
   44	1	
   45	1	
   46	1	
   47	1	
   48	1	
   49	1	
   50	1	
   51	1	
   52	1	
   53	1	
   54	1	
   55	560	
   56	1126	
   57	1248	
   58	1249	
   59	1253	
   60	1262	
   61	1266	
   62	1270	
   63	1278	
   64	1279	
   65	1284	
   66	1287	
   67	1290	
   68	1293	
   69	1296	
   70	1296	
   71	1300	
   72	1300	
   73	1304	
   74	1305	
   75	1306	
   76	1308	
   77	1309	
   78	1311	
   79	1314	
   80	1315	
   81	1316	
   82	1317	
   83	1319	
   84	1321	
   85	1321	
   86	1322	
   87	1324	
   88	1324	
   89	1325	
   90	1326	
   91	1328	
   92	1328	
   93	1330	
   94	1331	
   95	1330	
   96	1331	
   97	1331	
   98	1332	
   99	1332	
  100	1333	
  101	1332	
  102	1333	
  103	1332	
  104	1332	
  105	1332	
  106	1332	
  107	1330	
  108	1332	
  109	1328	
  110	1319	
  111	1295	
  112	1265	
  113	1243	
  114	1229	
  115	1214	
  116	1196	
  117	1178	
  118	1166	
  119	1163	
  120	1161	
  121	1160	
  122	1160	
  123	1159	
  124	1160	
  125	1160	
  126	1159	
  127	1160	
  128	1158	
  129	1159	
  130	1160	
  131	1163	
  132	1162	
  133	1163	
  134	1163	
  135	1162	
  136	20	
  137	1	
  138	1	
  139	1	
  140	1	
  141	1	
  142	1	
  143	1	
  144	1	
