    1	-11	
    2	-11	
    3	-11	
    4	-11	
    5	-11	
    6	-11	
    7	-11	
    8	-11	
    9	-11	
   10	-11	
   11	-11	
   12	-11	
   13	-11	
   14	-11	
   15	-11	
   16	-11	
   17	-11	
   18	-11	
   19	-11	
   20	-11	
   21	-11	
   22	-11	
   23	133	
   24	879	
   25	1004	
   26	862	
   27	763	
   28	671	
   29	618	
   30	575	
   31	534	
   32	508	
   33	483	
   34	468	
   35	455	
   36	442	
   37	-4	
   38	-11	
   39	-11	
   40	-11	
   41	-11	
   42	-11	
   43	-11	
   44	-11	
   45	-11	
   46	-11	
   47	-11	
   48	-11	
   49	-11	
   50	-12	
   51	-11	
   52	-11	
   53	403	
   54	726	
   55	943	
   56	989	
   57	1008	
   58	1022	
   59	1028	
   60	1035	
   61	1040	
   62	1040	
   63	1039	
   64	1039	
   65	1036	
   66	1029	
   67	1027	
   68	1024	
   69	1021	
   70	1020	
   71	1018	
   72	1017	
   73	1014	
   74	1014	
   75	1011	
   76	1009	
   77	1008	
   78	1005	
   79	1006	
   80	1004	
   81	1004	
   82	1005	
   83	1004	
   84	1004	
   85	1005	
   86	1000	
   87	1001	
   88	1001	
   89	1001	
   90	1001	
   91	1001	
   92	998	
   93	998	
   94	998	
   95	1000	
   96	1000	
   97	998	
   98	998	
   99	999	
  100	997	
  101	999	
  102	1000	
  103	1002	
  104	1003	
  105	1001	
  106	1002	
  107	1002	
  108	1003	
  109	1005	
  110	1008	
  111	1015	
  112	1021	
  113	1025	
  114	1031	
  115	1031	
  116	1025	
  117	1018	
  118	1017	
  119	1014	
  120	1012	
  121	1009	
  122	1006	
  123	1004	
  124	1003	
  125	1002	
  126	1002	
  127	1002	
  128	1001	
  129	1000	
  130	999	
  131	998	
  132	998	
  133	999	
  134	998	
  135	998	
  136	5	
  137	-11	
  138	-11	
  139	-11	
  140	-11	
  141	-11	
  142	-11	
  143	-11	
  144	-11	
