    1	-11	
    2	-11	
    3	-11	
    4	-11	
    5	-11	
    6	-11	
    7	-11	
    8	-11	
    9	-11	
   10	-11	
   11	-11	
   12	-11	
   13	-11	
   14	-11	
   15	-11	
   16	-11	
   17	-11	
   18	-11	
   19	-12	
   20	-11	
   21	864	
   22	1006	
   23	887	
   24	783	
   25	702	
   26	626	
   27	582	
   28	538	
   29	513	
   30	488	
   31	471	
   32	456	
   33	441	
   34	50	
   35	-11	
   36	-11	
   37	-11	
   38	-11	
   39	-11	
   40	-11	
   41	-11	
   42	-11	
   43	-11	
   44	-11	
   45	-12	
   46	-11	
   47	-11	
   48	-11	
   49	-11	
   50	-11	
   51	-11	
   52	-11	
   53	730	
   54	955	
   55	1004	
   56	1017	
   57	1028	
   58	1039	
   59	1044	
   60	1044	
   61	1046	
   62	1043	
   63	1039	
   64	1037	
   65	1032	
   66	1029	
   67	1025	
   68	1023	
   69	1019	
   70	1018	
   71	1017	
   72	1013	
   73	1012	
   74	1011	
   75	1007	
   76	1006	
   77	1004	
   78	1005	
   79	1005	
   80	1004	
   81	1002	
   82	1002	
   83	1000	
   84	998	
   85	998	
   86	996	
   87	997	
   88	994	
   89	993	
   90	992	
   91	998	
   92	999	
   93	998	
   94	1001	
   95	1002	
   96	1002	
   97	1001	
   98	1000	
   99	1000	
  100	1002	
  101	1004	
  102	1004	
  103	1004	
  104	1005	
  105	1006	
  106	1007	
  107	1008	
  108	1012	
  109	1016	
  110	1022	
  111	1027	
  112	1032	
  113	1034	
  114	1038	
  115	1038	
  116	1036	
  117	1024	
  118	1020	
  119	1017	
  120	1014	
  121	1014	
  122	1011	
  123	1010	
  124	1009	
  125	1007	
  126	1007	
  127	1005	
  128	1005	
  129	1005	
  130	1004	
  131	1004	
  132	1005	
  133	1005	
  134	1002	
  135	1002	
  136	1003	
  137	1003	
  138	-9	
  139	-11	
  140	-11	
  141	-11	
  142	-11	
  143	-11	
  144	-11	
  145	-11	
  146	-11	
