    1	1	
    2	1	
    3	1	
    4	1	
    5	1	
    6	1	
    7	1	
    8	1	
    9	1	
   10	1	
   11	1	
   12	1	
   13	1	
   14	1	
   15	1	
   16	1068	
   17	2047	
   18	2047	
   19	2047	
   20	2047	
   21	2047	
   22	2047	
   23	2047	
   24	2047	
   25	2047	
   26	2047	
   27	2047	
   28	2047	
   29	35	
   30	1	
   31	1	
   32	1	
   33	1	
   34	1	
   35	1	
   36	1	
   37	1	
   38	1	
   39	1	
   40	1	
   41	1	
   42	1	
   43	1	
   44	1	
   45	1	
   46	1	
   47	1	
   48	1	
   49	837	
   50	1088	
   51	1197	
   52	1196	
   53	1193	
   54	1193	
   55	1195	
   56	1198	
   57	1200	
   58	1204	
   59	1204	
   60	1205	
   61	1208	
   62	1210	
   63	1213	
   64	1216	
   65	1216	
   66	1218	
   67	1220	
   68	1224	
   69	1227	
   70	1229	
   71	1232	
   72	1236	
   73	1239	
   74	1240	
   75	1242	
   76	1243	
   77	1246	
   78	1247	
   79	1249	
   80	1249	
   81	1250	
   82	1250	
   83	1253	
   84	1253	
   85	1254	
   86	1256	
   87	1258	
   88	1258	
   89	1260	
   90	1261	
   91	1261	
   92	1262	
   93	1263	
   94	1261	
   95	1260	
   96	1260	
   97	1260	
   98	1260	
   99	1261	
  100	1262	
  101	1262	
  102	1259	
  103	1240	
  104	1212	
  105	1181	
  106	1164	
  107	1150	
  108	1135	
  109	1124	
  110	1113	
  111	1109	
  112	1105	
  113	1102	
  114	1101	
  115	1102	
  116	1100	
  117	1100	
  118	1100	
  119	1100	
  120	1100	
  121	1098	
  122	1098	
  123	1098	
  124	1099	
  125	1098	
  126	1098	
  127	161	
  128	1	
  129	1	
  130	1	
  131	1	
  132	1	
  133	1	
  134	1	
  135	1	
