    1	0	
    2	0	
    3	-1	
    4	-1	
    5	0	
    6	-1	
    7	0	
    8	0	
    9	0	
   10	0	
   11	0	
   12	0	
   13	0	
   14	-1	
   15	0	
   16	0	
   17	-1	
   18	0	
   19	-1	
   20	-1	
   21	0	
   22	-59	
   23	-45	
   24	-43	
   25	-40	
   26	-39	
   27	-36	
   28	-35	
   29	-33	
   30	-32	
   31	-30	
   32	-30	
   33	-29	
   34	-28	
   35	1	
   36	0	
   37	-1	
   38	-1	
   39	0	
   40	-1	
   41	0	
   42	-1	
   43	0	
   44	0	
   45	0	
   46	0	
   47	0	
   48	0	
   49	0	
   50	-1	
   51	-1	
   52	0	
   53	43	
   54	-52	
   55	-84	
   56	-86	
   57	-87	
   58	-88	
   59	-89	
   60	-90	
   61	-91	
   62	-91	
   63	-92	
   64	-92	
   65	-92	
   66	-93	
   67	-93	
   68	-94	
   69	-94	
   70	-94	
   71	-94	
   72	-94	
   73	-94	
   74	-94	
   75	-94	
   76	-94	
   77	-94	
   78	-94	
   79	-94	
   80	-94	
   81	-94	
   82	-94	
   83	-94	
   84	-94	
   85	-94	
   86	-94	
   87	-94	
   88	-94	
   89	-94	
   90	-94	
   91	-95	
   92	-94	
   93	-94	
   94	-94	
   95	-94	
   96	-94	
   97	-94	
   98	-94	
   99	-94	
  100	-94	
  101	-94	
  102	-94	
  103	-94	
  104	-94	
  105	-94	
  106	-94	
  107	-94	
  108	-94	
  109	-94	
  110	-93	
  111	-92	
  112	-92	
  113	-87	
  114	-85	
  115	-83	
  116	-81	
  117	-80	
  118	-81	
  119	-81	
  120	-82	
  121	-81	
  122	-80	
  123	-81	
  124	-81	
  125	-82	
  126	-83	
  127	-83	
  128	-82	
  129	-83	
  130	-82	
  131	-82	
  132	-82	
  133	-82	
  134	-82	
  135	-2	
  136	-1	
  137	-1	
  138	-1	
  139	0	
  140	0	
  141	0	
  142	0	
  143	-1	
