    1	1	
    2	1	
    3	1	
    4	1	
    5	1	
    6	1	
    7	1	
    8	1	
    9	1	
   10	1	
   11	0	
   12	0	
   13	1	
   14	0	
   15	1	
   16	0	
   17	1	
   18	0	
   19	2047	
   20	2047	
   21	2047	
   22	2047	
   23	2047	
   24	2047	
   25	2047	
   26	2047	
   27	2047	
   28	2047	
   29	2047	
   30	2047	
   31	2047	
   32	2047	
   33	1	
   34	1	
   35	1	
   36	1	
   37	1	
   38	1	
   39	1	
   40	1	
   41	1	
   42	1	
   43	0	
   44	1	
   45	1	
   46	0	
   47	0	
   48	1	
   49	1	
   50	994	
   51	1194	
   52	1200	
   53	1201	
   54	1204	
   55	1208	
   56	1212	
   57	1216	
   58	1224	
   59	1227	
   60	1229	
   61	1234	
   62	1233	
   63	1236	
   64	1238	
   65	1241	
   66	1243	
   67	1247	
   68	1251	
   69	1256	
   70	1258	
   71	1261	
   72	1264	
   73	1268	
   74	1270	
   75	1272	
   76	1274	
   77	1277	
   78	1281	
   79	1284	
   80	1285	
   81	1288	
   82	1291	
   83	1293	
   84	1295	
   85	1298	
   86	1301	
   87	1301	
   88	1305	
   89	1305	
   90	1306	
   91	1304	
   92	1305	
   93	1306	
   94	1309	
   95	1311	
   96	1313	
   97	1314	
   98	1312	
   99	1313	
  100	1312	
  101	1315	
  102	1313	
  103	1311	
  104	1308	
  105	1308	
  106	1303	
  107	1296	
  108	1265	
  109	1228	
  110	1194	
  111	1164	
  112	1139	
  113	1130	
  114	1124	
  115	1121	
  116	1119	
  117	1118	
  118	1117	
  119	1117	
  120	1116	
  121	1116	
  122	1116	
  123	1115	
  124	1115	
  125	1115	
  126	1115	
  127	1114	
  128	1112	
  129	1112	
  130	1114	
  131	1114	
  132	163	
  133	1	
  134	1	
  135	1	
  136	1	
  137	1	
  138	1	
  139	1	
  140	1	
