    1	-11	
    2	-11	
    3	-11	
    4	-11	
    5	-11	
    6	-11	
    7	-12	
    8	-12	
    9	-11	
   10	-11	
   11	-12	
   12	-11	
   13	-12	
   14	-12	
   15	-11	
   16	-12	
   17	-12	
   18	-12	
   19	-12	
   20	849	
   21	1011	
   22	913	
   23	775	
   24	692	
   25	631	
   26	575	
   27	543	
   28	513	
   29	493	
   30	474	
   31	455	
   32	443	
   33	50	
   34	-11	
   35	-11	
   36	-11	
   37	-11	
   38	-11	
   39	-11	
   40	-11	
   41	-12	
   42	-11	
   43	-11	
   44	-11	
   45	-11	
   46	-12	
   47	-11	
   48	-12	
   49	-12	
   50	-12	
   51	-12	
   52	696	
   53	888	
   54	903	
   55	914	
   56	928	
   57	936	
   58	944	
   59	949	
   60	952	
   61	951	
   62	950	
   63	947	
   64	951	
   65	950	
   66	948	
   67	948	
   68	947	
   69	943	
   70	944	
   71	942	
   72	942	
   73	942	
   74	942	
   75	941	
   76	941	
   77	942	
   78	942	
   79	942	
   80	944	
   81	943	
   82	943	
   83	943	
   84	943	
   85	946	
   86	946	
   87	946	
   88	946	
   89	947	
   90	946	
   91	946	
   92	945	
   93	945	
   94	944	
   95	943	
   96	945	
   97	945	
   98	948	
   99	948	
  100	948	
  101	948	
  102	949	
  103	949	
  104	948	
  105	946	
  106	948	
  107	948	
  108	947	
  109	947	
  110	948	
  111	941	
  112	947	
  113	953	
  114	955	
  115	954	
  116	952	
  117	949	
  118	947	
  119	944	
  120	942	
  121	940	
  122	939	
  123	937	
  124	936	
  125	934	
  126	932	
  127	932	
  128	932	
  129	931	
  130	931	
  131	931	
  132	931	
  133	931	
  134	929	
  135	121	
  136	-11	
  137	-11	
  138	-11	
  139	-11	
  140	-12	
  141	-12	
  142	-12	
  143	-12	
