    1	-12	
    2	-11	
    3	-11	
    4	-12	
    5	-11	
    6	-12	
    7	-11	
    8	-12	
    9	-11	
   10	-11	
   11	-12	
   12	-12	
   13	-12	
   14	-11	
   15	-12	
   16	-11	
   17	-11	
   18	-12	
   19	-12	
   20	-12	
   21	-11	
   22	-11	
   23	-12	
   24	50	
   25	930	
   26	978	
   27	856	
   28	730	
   29	657	
   30	603	
   31	552	
   32	522	
   33	493	
   34	474	
   35	457	
   36	441	
   37	430	
   38	-11	
   39	-11	
   40	-11	
   41	-11	
   42	-11	
   43	-12	
   44	-11	
   45	-11	
   46	-11	
   47	-11	
   48	-11	
   49	-11	
   50	-11	
   51	-12	
   52	-11	
   53	-12	
   54	-11	
   55	-12	
   56	604	
   57	763	
   58	893	
   59	909	
   60	921	
   61	931	
   62	941	
   63	951	
   64	953	
   65	955	
   66	956	
   67	956	
   68	955	
   69	953	
   70	952	
   71	950	
   72	947	
   73	945	
   74	944	
   75	944	
   76	943	
   77	944	
   78	945	
   79	946	
   80	947	
   81	946	
   82	948	
   83	948	
   84	949	
   85	948	
   86	948	
   87	949	
   88	950	
   89	951	
   90	951	
   91	948	
   92	947	
   93	947	
   94	947	
   95	948	
   96	948	
   97	947	
   98	946	
   99	945	
  100	946	
  101	946	
  102	946	
  103	948	
  104	948	
  105	948	
  106	948	
  107	948	
  108	948	
  109	948	
  110	947	
  111	948	
  112	949	
  113	950	
  114	951	
  115	949	
  116	947	
  117	950	
  118	954	
  119	957	
  120	958	
  121	953	
  122	947	
  123	944	
  124	941	
  125	939	
  126	937	
  127	936	
  128	934	
  129	933	
  130	932	
  131	932	
  132	931	
  133	930	
  134	930	
  135	930	
  136	930	
  137	931	
  138	931	
  139	-9	
  140	-11	
  141	-11	
  142	-11	
  143	-12	
  144	-11	
  145	-11	
  146	-12	
  147	-11	
