    1	1	
    2	1	
    3	1	
    4	1	
    5	1	
    6	1	
    7	1	
    8	1	
    9	1	
   10	0	
   11	1	
   12	1	
   13	1	
   14	1	
   15	1	
   16	1	
   17	1	
   18	1	
   19	1	
   20	1	
   21	1	
   22	1	
   23	720	
   24	2047	
   25	2047	
   26	2047	
   27	2047	
   28	2047	
   29	2047	
   30	2047	
   31	2047	
   32	2047	
   33	2047	
   34	2047	
   35	2047	
   36	2047	
   37	34	
   38	1	
   39	1	
   40	1	
   41	1	
   42	1	
   43	1	
   44	1	
   45	1	
   46	1	
   47	1	
   48	1	
   49	1	
   50	1	
   51	1	
   52	1	
   53	1	
   54	1	
   55	556	
   56	1126	
   57	1207	
   58	1198	
   59	1202	
   60	1204	
   61	1209	
   62	1213	
   63	1219	
   64	1221	
   65	1224	
   66	1228	
   67	1232	
   68	1236	
   69	1237	
   70	1239	
   71	1241	
   72	1243	
   73	1246	
   74	1248	
   75	1251	
   76	1256	
   77	1259	
   78	1260	
   79	1264	
   80	1266	
   81	1268	
   82	1272	
   83	1274	
   84	1279	
   85	1280	
   86	1280	
   87	1284	
   88	1286	
   89	1287	
   90	1290	
   91	1292	
   92	1293	
   93	1297	
   94	1297	
   95	1298	
   96	1297	
   97	1300	
   98	1301	
   99	1301	
  100	1304	
  101	1303	
  102	1301	
  103	1301	
  104	1302	
  105	1302	
  106	1301	
  107	1298	
  108	1299	
  109	1299	
  110	1299	
  111	1297	
  112	1294	
  113	1276	
  114	1240	
  115	1196	
  116	1163	
  117	1148	
  118	1127	
  119	1115	
  120	1112	
  121	1110	
  122	1109	
  123	1109	
  124	1110	
  125	1109	
  126	1110	
  127	1109	
  128	1108	
  129	1108	
  130	1107	
  131	1108	
  132	1107	
  133	1106	
  134	1106	
  135	1106	
  136	1105	
  137	19	
  138	1	
  139	1	
  140	1	
  141	1	
  142	1	
  143	1	
  144	1	
  145	1	
