    1	0	
    2	0	
    3	-1	
    4	-1	
    5	-1	
    6	-1	
    7	0	
    8	0	
    9	0	
   10	0	
   11	0	
   12	0	
   13	-1	
   14	0	
   15	-1	
   16	0	
   17	0	
   18	-1	
   19	-1	
   20	0	
   21	-1	
   22	0	
   23	-50	
   24	-45	
   25	-41	
   26	-39	
   27	-37	
   28	-34	
   29	-32	
   30	-31	
   31	-30	
   32	-29	
   33	-28	
   34	-28	
   35	-27	
   36	0	
   37	0	
   38	-1	
   39	-1	
   40	-1	
   41	0	
   42	-1	
   43	0	
   44	0	
   45	-1	
   46	-1	
   47	-1	
   48	-1	
   49	0	
   50	0	
   51	0	
   52	0	
   53	0	
   54	47	
   55	-53	
   56	-83	
   57	-84	
   58	-86	
   59	-87	
   60	-88	
   61	-88	
   62	-89	
   63	-89	
   64	-90	
   65	-90	
   66	-90	
   67	-91	
   68	-91	
   69	-91	
   70	-91	
   71	-91	
   72	-92	
   73	-92	
   74	-92	
   75	-91	
   76	-91	
   77	-91	
   78	-91	
   79	-91	
   80	-91	
   81	-92	
   82	-92	
   83	-92	
   84	-92	
   85	-92	
   86	-92	
   87	-92	
   88	-92	
   89	-92	
   90	-93	
   91	-93	
   92	-92	
   93	-93	
   94	-92	
   95	-93	
   96	-93	
   97	-93	
   98	-93	
   99	-93	
  100	-93	
  101	-93	
  102	-93	
  103	-93	
  104	-93	
  105	-93	
  106	-92	
  107	-93	
  108	-92	
  109	-93	
  110	-92	
  111	-92	
  112	-92	
  113	-91	
  114	-89	
  115	-88	
  116	-86	
  117	-84	
  118	-82	
  119	-81	
  120	-82	
  121	-82	
  122	-82	
  123	-82	
  124	-82	
  125	-82	
  126	-82	
  127	-81	
  128	-81	
  129	-81	
  130	-81	
  131	-81	
  132	-81	
  133	-81	
  134	-81	
  135	-81	
  136	-81	
  137	-81	
  138	0	
  139	-1	
  140	-1	
  141	0	
  142	0	
  143	-1	
  144	-1	
  145	0	
  146	-1	
