    1	-12	
    2	-11	
    3	-11	
    4	-11	
    5	-11	
    6	-11	
    7	-11	
    8	-11	
    9	-11	
   10	-11	
   11	-11	
   12	-11	
   13	-11	
   14	-11	
   15	-11	
   16	-11	
   17	-12	
   18	-11	
   19	-12	
   20	-11	
   21	-12	
   22	-12	
   23	870	
   24	999	
   25	874	
   26	768	
   27	669	
   28	613	
   29	562	
   30	531	
   31	507	
   32	483	
   33	467	
   34	449	
   35	437	
   36	50	
   37	-11	
   38	-11	
   39	-11	
   40	-11	
   41	-11	
   42	-11	
   43	-11	
   44	-11	
   45	-11	
   46	-11	
   47	-11	
   48	-11	
   49	-12	
   50	-12	
   51	-12	
   52	-11	
   53	-12	
   54	-11	
   55	404	
   56	725	
   57	888	
   58	898	
   59	913	
   60	925	
   61	932	
   62	940	
   63	944	
   64	948	
   65	949	
   66	947	
   67	946	
   68	943	
   69	945	
   70	939	
   71	940	
   72	938	
   73	938	
   74	938	
   75	940	
   76	943	
   77	945	
   78	944	
   79	945	
   80	944	
   81	943	
   82	943	
   83	943	
   84	942	
   85	943	
   86	943	
   87	942	
   88	941	
   89	942	
   90	940	
   91	940	
   92	942	
   93	943	
   94	944	
   95	944	
   96	944	
   97	944	
   98	945	
   99	944	
  100	944	
  101	944	
  102	944	
  103	944	
  104	947	
  105	947	
  106	948	
  107	947	
  108	948	
  109	946	
  110	946	
  111	946	
  112	945	
  113	935	
  114	936	
  115	939	
  116	944	
  117	942	
  118	941	
  119	940	
  120	937	
  121	933	
  122	932	
  123	930	
  124	929	
  125	927	
  126	928	
  127	927	
  128	926	
  129	927	
  130	926	
  131	925	
  132	926	
  133	927	
  134	926	
  135	121	
  136	-11	
  137	-11	
  138	-11	
  139	-11	
  140	-11	
  141	-11	
  142	-11	
  143	-11	
