    1	0	
    2	-1	
    3	-1	
    4	-1	
    5	0	
    6	0	
    7	0	
    8	0	
    9	0	
   10	0	
   11	0	
   12	-1	
   13	0	
   14	0	
   15	0	
   16	-1	
   17	-1	
   18	0	
   19	-70	
   20	-48	
   21	-44	
   22	-42	
   23	-40	
   24	-38	
   25	-36	
   26	-34	
   27	-33	
   28	-32	
   29	-31	
   30	-31	
   31	-30	
   32	-29	
   33	-1	
   34	-1	
   35	0	
   36	0	
   37	0	
   38	-1	
   39	-1	
   40	-1	
   41	-1	
   42	-1	
   43	0	
   44	-1	
   45	-1	
   46	-1	
   47	-1	
   48	-1	
   49	-1	
   50	-27	
   51	-80	
   52	-83	
   53	-85	
   54	-86	
   55	-87	
   56	-89	
   57	-89	
   58	-90	
   59	-90	
   60	-90	
   61	-91	
   62	-91	
   63	-91	
   64	-92	
   65	-92	
   66	-92	
   67	-92	
   68	-92	
   69	-92	
   70	-92	
   71	-92	
   72	-92	
   73	-92	
   74	-92	
   75	-92	
   76	-92	
   77	-92	
   78	-92	
   79	-92	
   80	-92	
   81	-92	
   82	-92	
   83	-92	
   84	-92	
   85	-93	
   86	-93	
   87	-92	
   88	-92	
   89	-92	
   90	-92	
   91	-92	
   92	-92	
   93	-93	
   94	-93	
   95	-93	
   96	-93	
   97	-93	
   98	-93	
   99	-93	
  100	-92	
  101	-93	
  102	-93	
  103	-93	
  104	-92	
  105	-93	
  106	-92	
  107	-92	
  108	-91	
  109	-90	
  110	-88	
  111	-85	
  112	-83	
  113	-81	
  114	-81	
  115	-82	
  116	-83	
  117	-82	
  118	-82	
  119	-82	
  120	-82	
  121	-82	
  122	-82	
  123	-82	
  124	-82	
  125	-82	
  126	-82	
  127	-82	
  128	-82	
  129	-82	
  130	-82	
  131	-82	
  132	-82	
  133	-1	
  134	0	
  135	0	
  136	-1	
  137	-1	
  138	-1	
  139	-1	
  140	0	
