    1	-11	
    2	-10	
    3	-11	
    4	-11	
    5	-11	
    6	-11	
    7	-11	
    8	-11	
    9	-11	
   10	-11	
   11	-11	
   12	-12	
   13	-12	
   14	-11	
   15	-11	
   16	-11	
   17	-12	
   18	-11	
   19	-11	
   20	-11	
   21	-11	
   22	886	
   23	998	
   24	870	
   25	741	
   26	664	
   27	608	
   28	556	
   29	523	
   30	493	
   31	473	
   32	457	
   33	439	
   34	429	
   35	48	
   36	-11	
   37	-11	
   38	-11	
   39	-11	
   40	-11	
   41	-11	
   42	-11	
   43	-11	
   44	-11	
   45	-12	
   46	-11	
   47	-11	
   48	-11	
   49	-11	
   50	-12	
   51	-12	
   52	-11	
   53	401	
   54	704	
   55	881	
   56	898	
   57	911	
   58	924	
   59	929	
   60	940	
   61	945	
   62	944	
   63	946	
   64	945	
   65	945	
   66	942	
   67	945	
   68	943	
   69	941	
   70	940	
   71	939	
   72	938	
   73	938	
   74	939	
   75	937	
   76	936	
   77	937	
   78	938	
   79	939	
   80	940	
   81	940	
   82	942	
   83	943	
   84	942	
   85	945	
   86	946	
   87	946	
   88	946	
   89	948	
   90	946	
   91	948	
   92	946	
   93	944	
   94	944	
   95	945	
   96	945	
   97	946	
   98	944	
   99	944	
  100	943	
  101	944	
  102	945	
  103	946	
  104	946	
  105	946	
  106	946	
  107	945	
  108	946	
  109	944	
  110	944	
  111	943	
  112	932	
  113	941	
  114	945	
  115	945	
  116	944	
  117	941	
  118	940	
  119	936	
  120	934	
  121	930	
  122	928	
  123	927	
  124	926	
  125	925	
  126	924	
  127	923	
  128	923	
  129	923	
  130	922	
  131	922	
  132	922	
  133	923	
  134	923	
  135	4	
  136	-11	
  137	-11	
  138	-11	
  139	-11	
  140	-11	
  141	-11	
  142	-11	
  143	-12	
