    1	-1	
    2	-1	
    3	0	
    4	0	
    5	-1	
    6	-1	
    7	0	
    8	0	
    9	0	
   10	0	
   11	0	
   12	0	
   13	0	
   14	-1	
   15	-1	
   16	-1	
   17	-1	
   18	-1	
   19	0	
   20	0	
   21	0	
   22	-1	
   23	-22	
   24	-51	
   25	-44	
   26	-42	
   27	-39	
   28	-37	
   29	-35	
   30	-32	
   31	-31	
   32	-30	
   33	-29	
   34	-28	
   35	-27	
   36	-27	
   37	0	
   38	-1	
   39	-1	
   40	0	
   41	-1	
   42	-1	
   43	-1	
   44	0	
   45	0	
   46	0	
   47	-1	
   48	0	
   49	-1	
   50	0	
   51	-1	
   52	0	
   53	-1	
   54	-1	
   55	-1	
   56	3	
   57	-61	
   58	-82	
   59	-84	
   60	-86	
   61	-88	
   62	-88	
   63	-89	
   64	-90	
   65	-90	
   66	-90	
   67	-91	
   68	-91	
   69	-91	
   70	-92	
   71	-92	
   72	-92	
   73	-92	
   74	-92	
   75	-92	
   76	-92	
   77	-92	
   78	-92	
   79	-92	
   80	-92	
   81	-92	
   82	-92	
   83	-92	
   84	-92	
   85	-92	
   86	-92	
   87	-92	
   88	-92	
   89	-92	
   90	-92	
   91	-92	
   92	-92	
   93	-92	
   94	-92	
   95	-92	
   96	-92	
   97	-92	
   98	-93	
   99	-93	
  100	-93	
  101	-93	
  102	-93	
  103	-93	
  104	-93	
  105	-93	
  106	-93	
  107	-93	
  108	-93	
  109	-93	
  110	-93	
  111	-93	
  112	-93	
  113	-92	
  114	-92	
  115	-90	
  116	-89	
  117	-88	
  118	-85	
  119	-83	
  120	-83	
  121	-83	
  122	-83	
  123	-83	
  124	-82	
  125	-82	
  126	-82	
  127	-82	
  128	-82	
  129	-82	
  130	-82	
  131	-82	
  132	-82	
  133	-82	
  134	-82	
  135	-82	
  136	-81	
  137	-82	
  138	-82	
  139	0	
  140	-1	
  141	-1	
  142	0	
  143	-1	
  144	-1	
  145	0	
  146	-1	
  147	0	
