    1	0	
    2	0	
    3	-1	
    4	-1	
    5	0	
    6	0	
    7	0	
    8	0	
    9	0	
   10	-1	
   11	0	
   12	0	
   13	-1	
   14	-1	
   15	-1	
   16	-1	
   17	0	
   18	-1	
   19	-71	
   20	-47	
   21	-41	
   22	-40	
   23	-37	
   24	-35	
   25	-34	
   26	-32	
   27	-31	
   28	-29	
   29	-28	
   30	-28	
   31	-27	
   32	-27	
   33	-1	
   34	-1	
   35	-1	
   36	-1	
   37	0	
   38	-1	
   39	0	
   40	-1	
   41	0	
   42	-1	
   43	0	
   44	-1	
   45	-1	
   46	-1	
   47	-1	
   48	-1	
   49	-1	
   50	-27	
   51	-80	
   52	-82	
   53	-85	
   54	-87	
   55	-87	
   56	-89	
   57	-89	
   58	-90	
   59	-90	
   60	-90	
   61	-90	
   62	-90	
   63	-91	
   64	-91	
   65	-91	
   66	-91	
   67	-91	
   68	-92	
   69	-92	
   70	-91	
   71	-91	
   72	-91	
   73	-91	
   74	-92	
   75	-92	
   76	-92	
   77	-92	
   78	-92	
   79	-92	
   80	-92	
   81	-92	
   82	-92	
   83	-92	
   84	-92	
   85	-92	
   86	-92	
   87	-92	
   88	-92	
   89	-92	
   90	-92	
   91	-92	
   92	-93	
   93	-93	
   94	-93	
   95	-93	
   96	-93	
   97	-93	
   98	-92	
   99	-92	
  100	-93	
  101	-92	
  102	-92	
  103	-92	
  104	-92	
  105	-92	
  106	-92	
  107	-92	
  108	-91	
  109	-90	
  110	-89	
  111	-87	
  112	-86	
  113	-83	
  114	-83	
  115	-83	
  116	-82	
  117	-82	
  118	-82	
  119	-82	
  120	-82	
  121	-82	
  122	-82	
  123	-82	
  124	-82	
  125	-82	
  126	-82	
  127	-81	
  128	-81	
  129	-81	
  130	-81	
  131	-81	
  132	-81	
  133	0	
  134	0	
  135	0	
  136	0	
  137	-1	
  138	-1	
  139	-1	
  140	-1	
