    1	-1	
    2	-1	
    3	-1	
    4	0	
    5	-1	
    6	0	
    7	-1	
    8	0	
    9	0	
   10	-1	
   11	0	
   12	0	
   13	0	
   14	0	
   15	0	
   16	0	
   17	-1	
   18	0	
   19	0	
   20	0	
   21	-56	
   22	-47	
   23	-48	
   24	-47	
   25	-44	
   26	-42	
   27	-40	
   28	-39	
   29	-37	
   30	-36	
   31	-35	
   32	-34	
   33	-34	
   34	0	
   35	0	
   36	-1	
   37	-1	
   38	0	
   39	-1	
   40	0	
   41	0	
   42	0	
   43	0	
   44	0	
   45	0	
   46	0	
   47	0	
   48	0	
   49	0	
   50	-1	
   51	-1	
   52	0	
   53	-40	
   54	-79	
   55	-82	
   56	-92	
   57	-93	
   58	-94	
   59	-95	
   60	-95	
   61	-96	
   62	-96	
   63	-96	
   64	-97	
   65	-97	
   66	-98	
   67	-98	
   68	-98	
   69	-98	
   70	-98	
   71	-98	
   72	-98	
   73	-99	
   74	-99	
   75	-99	
   76	-99	
   77	-99	
   78	-99	
   79	-99	
   80	-100	
   81	-100	
   82	-100	
   83	-100	
   84	-100	
   85	-100	
   86	-100	
   87	-100	
   88	-100	
   89	-100	
   90	-101	
   91	-101	
   92	-101	
   93	-101	
   94	-101	
   95	-101	
   96	-101	
   97	-101	
   98	-101	
   99	-101	
  100	-101	
  101	-101	
  102	-101	
  103	-101	
  104	-101	
  105	-101	
  106	-101	
  107	-101	
  108	-101	
  109	-101	
  110	-101	
  111	-101	
  112	-99	
  113	-97	
  114	-96	
  115	-95	
  116	-94	
  117	-92	
  118	-90	
  119	-90	
  120	-90	
  121	-90	
  122	-90	
  123	-90	
  124	-90	
  125	-90	
  126	-90	
  127	-90	
  128	-90	
  129	-90	
  130	-90	
  131	-90	
  132	-90	
  133	-90	
  134	-90	
  135	-90	
  136	-90	
  137	-90	
  138	0	
  139	0	
  140	-1	
  141	0	
  142	0	
  143	0	
  144	0	
  145	0	
  146	0	
