    1	1	
    2	1	
    3	1	
    4	1	
    5	1	
    6	1	
    7	0	
    8	1	
    9	1	
   10	1	
   11	1	
   12	1	
   13	1	
   14	1	
   15	1	
   16	1	
   17	1	
   18	1	
   19	1	
   20	1	
   21	1	
   22	1	
   23	719	
   24	2047	
   25	2047	
   26	2047	
   27	2047	
   28	2047	
   29	2047	
   30	2047	
   31	2047	
   32	2047	
   33	2047	
   34	2047	
   35	2047	
   36	2047	
   37	6	
   38	1	
   39	1	
   40	1	
   41	1	
   42	1	
   43	1	
   44	1	
   45	1	
   46	1	
   47	1	
   48	0	
   49	1	
   50	1	
   51	1	
   52	1	
   53	1	
   54	1	
   55	814	
   56	1169	
   57	1238	
   58	1236	
   59	1242	
   60	1246	
   61	1249	
   62	1254	
   63	1258	
   64	1264	
   65	1266	
   66	1267	
   67	1270	
   68	1272	
   69	1274	
   70	1276	
   71	1280	
   72	1282	
   73	1282	
   74	1284	
   75	1285	
   76	1287	
   77	1290	
   78	1293	
   79	1294	
   80	1296	
   81	1297	
   82	1297	
   83	1298	
   84	1300	
   85	1301	
   86	1304	
   87	1304	
   88	1305	
   89	1304	
   90	1306	
   91	1308	
   92	1309	
   93	1310	
   94	1312	
   95	1312	
   96	1313	
   97	1313	
   98	1311	
   99	1311	
  100	1312	
  101	1312	
  102	1312	
  103	1312	
  104	1312	
  105	1312	
  106	1314	
  107	1315	
  108	1314	
  109	1314	
  110	1314	
  111	1313	
  112	1313	
  113	1312	
  114	1311	
  115	1306	
  116	1295	
  117	1267	
  118	1241	
  119	1222	
  120	1213	
  121	1202	
  122	1184	
  123	1168	
  124	1160	
  125	1155	
  126	1154	
  127	1152	
  128	1152	
  129	1151	
  130	1152	
  131	1152	
  132	1152	
  133	1153	
  134	1154	
  135	1153	
  136	1154	
  137	1154	
  138	1154	
  139	1153	
  140	1153	
  141	1154	
  142	1153	
  143	1153	
  144	19	
  145	1	
  146	1	
  147	1	
  148	1	
  149	1	
  150	1	
  151	1	
  152	1	
