    1	-1	
    2	-1	
    3	0	
    4	0	
    5	0	
    6	0	
    7	0	
    8	0	
    9	0	
   10	0	
   11	0	
   12	-1	
   13	0	
   14	0	
   15	0	
   16	0	
   17	0	
   18	0	
   19	0	
   20	0	
   21	-1	
   22	-1	
   23	-49	
   24	-48	
   25	-47	
   26	-45	
   27	-44	
   28	-41	
   29	-39	
   30	-38	
   31	-36	
   32	-35	
   33	-34	
   34	-33	
   35	-32	
   36	0	
   37	0	
   38	0	
   39	-1	
   40	-1	
   41	-1	
   42	-1	
   43	-1	
   44	0	
   45	0	
   46	0	
   47	-1	
   48	0	
   49	-1	
   50	-1	
   51	-1	
   52	-1	
   53	48	
   54	-49	
   55	-86	
   56	-89	
   57	-92	
   58	-93	
   59	-94	
   60	-95	
   61	-96	
   62	-96	
   63	-96	
   64	-97	
   65	-97	
   66	-97	
   67	-98	
   68	-98	
   69	-98	
   70	-98	
   71	-98	
   72	-98	
   73	-98	
   74	-99	
   75	-99	
   76	-99	
   77	-99	
   78	-99	
   79	-99	
   80	-99	
   81	-99	
   82	-100	
   83	-100	
   84	-100	
   85	-100	
   86	-100	
   87	-100	
   88	-100	
   89	-101	
   90	-101	
   91	-101	
   92	-101	
   93	-101	
   94	-101	
   95	-101	
   96	-101	
   97	-101	
   98	-101	
   99	-101	
  100	-101	
  101	-101	
  102	-101	
  103	-101	
  104	-101	
  105	-101	
  106	-101	
  107	-101	
  108	-101	
  109	-102	
  110	-101	
  111	-101	
  112	-100	
  113	-97	
  114	-96	
  115	-95	
  116	-94	
  117	-93	
  118	-92	
  119	-90	
  120	-90	
  121	-89	
  122	-89	
  123	-89	
  124	-89	
  125	-89	
  126	-90	
  127	-90	
  128	-90	
  129	-90	
  130	-90	
  131	-89	
  132	-89	
  133	-90	
  134	-89	
  135	-89	
  136	-89	
  137	-89	
  138	-90	
  139	-89	
  140	-5	
  141	0	
  142	0	
  143	-1	
  144	0	
  145	-1	
  146	-1	
  147	-1	
  148	-1	
