    1	1	
    2	1	
    3	1	
    4	1	
    5	1	
    6	1	
    7	1	
    8	1	
    9	0	
   10	1	
   11	1	
   12	0	
   13	1	
   14	0	
   15	0	
   16	0	
   17	0	
   18	1	
   19	0	
   20	0	
   21	0	
   22	0	
   23	2047	
   24	2047	
   25	2047	
   26	2047	
   27	2047	
   28	2047	
   29	2047	
   30	2047	
   31	2047	
   32	2047	
   33	2047	
   34	2047	
   35	2047	
   36	1	
   37	1	
   38	1	
   39	1	
   40	1	
   41	1	
   42	1	
   43	1	
   44	1	
   45	0	
   46	0	
   47	0	
   48	0	
   49	1	
   50	0	
   51	0	
   52	0	
   53	1054	
   54	1205	
   55	1220	
   56	1249	
   57	1253	
   58	1259	
   59	1262	
   60	1268	
   61	1272	
   62	1276	
   63	1279	
   64	1280	
   65	1284	
   66	1287	
   67	1289	
   68	1292	
   69	1293	
   70	1297	
   71	1297	
   72	1298	
   73	1298	
   74	1302	
   75	1303	
   76	1305	
   77	1306	
   78	1308	
   79	1309	
   80	1311	
   81	1312	
   82	1312	
   83	1313	
   84	1314	
   85	1316	
   86	1317	
   87	1318	
   88	1321	
   89	1323	
   90	1324	
   91	1322	
   92	1322	
   93	1323	
   94	1325	
   95	1326	
   96	1326	
   97	1327	
   98	1327	
   99	1328	
  100	1328	
  101	1328	
  102	1330	
  103	1329	
  104	1330	
  105	1330	
  106	1330	
  107	1332	
  108	1331	
  109	1330	
  110	1330	
  111	1324	
  112	1311	
  113	1282	
  114	1261	
  115	1245	
  116	1228	
  117	1210	
  118	1192	
  119	1174	
  120	1167	
  121	1165	
  122	1165	
  123	1160	
  124	1161	
  125	1160	
  126	1162	
  127	1161	
  128	1161	
  129	1160	
  130	1160	
  131	1160	
  132	1160	
  133	1160	
  134	1161	
  135	1161	
  136	1161	
  137	1162	
  138	1162	
  139	1161	
  140	3	
  141	1	
  142	1	
  143	1	
  144	1	
  145	1	
  146	1	
  147	1	
  148	1	
