    1	-11	
    2	-11	
    3	-11	
    4	-11	
    5	-12	
    6	-11	
    7	-11	
    8	-11	
    9	-11	
   10	-11	
   11	-12	
   12	-12	
   13	-11	
   14	-12	
   15	-11	
   16	-12	
   17	-12	
   18	-12	
   19	-12	
   20	-11	
   21	-12	
   22	-12	
   23	197	
   24	965	
   25	986	
   26	831	
   27	737	
   28	665	
   29	598	
   30	560	
   31	529	
   32	501	
   33	481	
   34	461	
   35	448	
   36	436	
   37	-10	
   38	-11	
   39	-11	
   40	-11	
   41	-11	
   42	-11	
   43	-11	
   44	-11	
   45	-11	
   46	-11	
   47	-11	
   48	-11	
   49	-12	
   50	-11	
   51	-12	
   52	-12	
   53	-12	
   54	-11	
   55	581	
   56	837	
   57	968	
   58	994	
   59	1010	
   60	1021	
   61	1028	
   62	1033	
   63	1037	
   64	1034	
   65	1033	
   66	1031	
   67	1028	
   68	1023	
   69	1020	
   70	1018	
   71	1013	
   72	1013	
   73	1013	
   74	1008	
   75	1005	
   76	1004	
   77	1003	
   78	1002	
   79	1001	
   80	1000	
   81	1000	
   82	998	
   83	996	
   84	996	
   85	995	
   86	994	
   87	992	
   88	992	
   89	993	
   90	994	
   91	992	
   92	992	
   93	993	
   94	993	
   95	992	
   96	994	
   97	992	
   98	992	
   99	993	
  100	992	
  101	991	
  102	991	
  103	991	
  104	990	
  105	989	
  106	990	
  107	991	
  108	992	
  109	993	
  110	993	
  111	994	
  112	994	
  113	996	
  114	996	
  115	1001	
  116	1011	
  117	1010	
  118	1013	
  119	1017	
  120	1022	
  121	1025	
  122	1014	
  123	1019	
  124	1020	
  125	1019	
  126	1017	
  127	1015	
  128	1012	
  129	1011	
  130	1010	
  131	1009	
  132	1008	
  133	1006	
  134	1004	
  135	1003	
  136	1003	
  137	1002	
  138	1002	
  139	1002	
  140	1002	
  141	1004	
  142	1001	
  143	999	
  144	5	
  145	-11	
  146	-11	
  147	-12	
  148	-12	
  149	-12	
  150	-12	
  151	-11	
  152	-11	
