    1	-1	
    2	0	
    3	-1	
    4	0	
    5	-1	
    6	-1	
    7	-1	
    8	-2	
    9	-1	
   10	0	
   11	-1	
   12	-1	
   13	-1	
   14	-1	
   15	0	
   16	-1	
   17	0	
   18	0	
   19	0	
   20	-66	
   21	-46	
   22	-45	
   23	-44	
   24	-42	
   25	-40	
   26	-38	
   27	-37	
   28	-35	
   29	-34	
   30	-33	
   31	-32	
   32	-32	
   33	0	
   34	0	
   35	-1	
   36	0	
   37	-1	
   38	0	
   39	0	
   40	0	
   41	-1	
   42	-1	
   43	-1	
   44	0	
   45	0	
   46	-1	
   47	-1	
   48	0	
   49	0	
   50	-1	
   51	-1	
   52	-40	
   53	-78	
   54	-89	
   55	-92	
   56	-94	
   57	-95	
   58	-95	
   59	-96	
   60	-96	
   61	-97	
   62	-97	
   63	-97	
   64	-97	
   65	-98	
   66	-98	
   67	-98	
   68	-99	
   69	-98	
   70	-99	
   71	-99	
   72	-99	
   73	-99	
   74	-99	
   75	-99	
   76	-100	
   77	-100	
   78	-100	
   79	-100	
   80	-100	
   81	-100	
   82	-100	
   83	-100	
   84	-100	
   85	-100	
   86	-100	
   87	-100	
   88	-100	
   89	-101	
   90	-100	
   91	-100	
   92	-100	
   93	-100	
   94	-101	
   95	-101	
   96	-101	
   97	-101	
   98	-101	
   99	-101	
  100	-101	
  101	-101	
  102	-101	
  103	-101	
  104	-102	
  105	-101	
  106	-101	
  107	-101	
  108	-101	
  109	-102	
  110	-101	
  111	-101	
  112	-100	
  113	-98	
  114	-97	
  115	-96	
  116	-95	
  117	-94	
  118	-92	
  119	-91	
  120	-90	
  121	-90	
  122	-90	
  123	-90	
  124	-90	
  125	-90	
  126	-90	
  127	-90	
  128	-90	
  129	-90	
  130	-90	
  131	-90	
  132	-90	
  133	-90	
  134	-90	
  135	-90	
  136	-90	
  137	-90	
  138	-90	
  139	-90	
  140	-90	
  141	-1	
  142	-1	
  143	0	
  144	-1	
  145	0	
  146	0	
  147	0	
  148	0	
