    1	-11	
    2	-11	
    3	-11	
    4	-11	
    5	-11	
    6	-11	
    7	-11	
    8	-12	
    9	-11	
   10	-11	
   11	-12	
   12	-12	
   13	-12	
   14	-12	
   15	-12	
   16	-12	
   17	-12	
   18	-12	
   19	-12	
   20	-12	
   21	911	
   22	1025	
   23	901	
   24	793	
   25	710	
   26	634	
   27	590	
   28	547	
   29	521	
   30	495	
   31	478	
   32	463	
   33	448	
   34	51	
   35	-11	
   36	-11	
   37	-11	
   38	-11	
   39	-11	
   40	-11	
   41	-11	
   42	-12	
   43	-11	
   44	-11	
   45	-11	
   46	-11	
   47	-11	
   48	-12	
   49	-12	
   50	-12	
   51	-11	
   52	-12	
   53	698	
   54	918	
   55	946	
   56	1018	
   57	1022	
   58	1035	
   59	1040	
   60	1043	
   61	1041	
   62	1040	
   63	1036	
   64	1032	
   65	1033	
   66	1028	
   67	1026	
   68	1025	
   69	1020	
   70	1017	
   71	1016	
   72	1015	
   73	1013	
   74	1012	
   75	1010	
   76	1009	
   77	1009	
   78	1009	
   79	1008	
   80	1009	
   81	1008	
   82	1008	
   83	1008	
   84	1008	
   85	1005	
   86	1005	
   87	1005	
   88	1005	
   89	1005	
   90	1005	
   91	1005	
   92	1006	
   93	1005	
   94	1006	
   95	1005	
   96	1004	
   97	1005	
   98	1005	
   99	1005	
  100	1005	
  101	1005	
  102	1006	
  103	1006	
  104	1005	
  105	1008	
  106	1008	
  107	1008	
  108	1009	
  109	1011	
  110	1012	
  111	1014	
  112	1014	
  113	1028	
  114	1032	
  115	1037	
  116	1041	
  117	1042	
  118	1036	
  119	1035	
  120	1031	
  121	1029	
  122	1026	
  123	1023	
  124	1021	
  125	1020	
  126	1019	
  127	1018	
  128	1016	
  129	1014	
  130	1012	
  131	1012	
  132	1012	
  133	1012	
  134	1012	
  135	1011	
  136	1011	
  137	1011	
  138	-9	
  139	-11	
  140	-11	
  141	-11	
  142	-12	
  143	-11	
  144	-12	
  145	-12	
  146	-12	
