    1	0	
    2	-1	
    3	-1	
    4	-1	
    5	0	
    6	0	
    7	0	
    8	0	
    9	0	
   10	0	
   11	0	
   12	0	
   13	0	
   14	0	
   15	-1	
   16	0	
   17	-1	
   18	-1	
   19	-1	
   20	0	
   21	0	
   22	0	
   23	0	
   24	-38	
   25	-46	
   26	-48	
   27	-48	
   28	-46	
   29	-44	
   30	-41	
   31	-40	
   32	-38	
   33	-37	
   34	-36	
   35	-35	
   36	-34	
   37	-33	
   38	0	
   39	-1	
   40	-1	
   41	-1	
   42	0	
   43	-1	
   44	-1	
   45	-1	
   46	-1	
   47	-1	
   48	-1	
   49	0	
   50	-1	
   51	-1	
   52	0	
   53	-1	
   54	47	
   55	-49	
   56	-78	
   57	-83	
   58	-92	
   59	-94	
   60	-95	
   61	-95	
   62	-96	
   63	-96	
   64	-96	
   65	-97	
   66	-97	
   67	-97	
   68	-98	
   69	-98	
   70	-98	
   71	-98	
   72	-99	
   73	-99	
   74	-99	
   75	-99	
   76	-98	
   77	-99	
   78	-100	
   79	-100	
   80	-100	
   81	-100	
   82	-100	
   83	-100	
   84	-100	
   85	-100	
   86	-100	
   87	-100	
   88	-100	
   89	-101	
   90	-101	
   91	-100	
   92	-100	
   93	-100	
   94	-100	
   95	-101	
   96	-100	
   97	-101	
   98	-101	
   99	-101	
  100	-101	
  101	-101	
  102	-101	
  103	-101	
  104	-101	
  105	-101	
  106	-101	
  107	-101	
  108	-101	
  109	-102	
  110	-102	
  111	-101	
  112	-99	
  113	-98	
  114	-97	
  115	-96	
  116	-95	
  117	-93	
  118	-91	
  119	-91	
  120	-90	
  121	-90	
  122	-90	
  123	-90	
  124	-90	
  125	-90	
  126	-90	
  127	-90	
  128	-90	
  129	-90	
  130	-90	
  131	-90	
  132	-90	
  133	-90	
  134	-90	
  135	-90	
  136	-90	
  137	-1	
  138	-1	
  139	-1	
  140	-1	
  141	-1	
  142	-1	
  143	-1	
  144	-1	
  145	0	
