    1	1	
    2	1	
    3	1	
    4	1	
    5	0	
    6	0	
    7	1	
    8	0	
    9	0	
   10	0	
   11	0	
   12	0	
   13	0	
   14	0	
   15	0	
   16	0	
   17	0	
   18	0	
   19	0	
   20	0	
   21	1	
   22	0	
   23	2047	
   24	2047	
   25	2047	
   26	2047	
   27	2047	
   28	2047	
   29	2047	
   30	2047	
   31	2047	
   32	2047	
   33	2047	
   34	2047	
   35	2047	
   36	33	
   37	1	
   38	1	
   39	1	
   40	1	
   41	1	
   42	1	
   43	1	
   44	0	
   45	0	
   46	0	
   47	0	
   48	0	
   49	0	
   50	1	
   51	1	
   52	1	
   53	565	
   54	1077	
   55	1222	
   56	1217	
   57	1258	
   58	1252	
   59	1258	
   60	1265	
   61	1270	
   62	1274	
   63	1277	
   64	1279	
   65	1282	
   66	1284	
   67	1286	
   68	1292	
   69	1293	
   70	1295	
   71	1297	
   72	1297	
   73	1300	
   74	1302	
   75	1304	
   76	1305	
   77	1309	
   78	1310	
   79	1310	
   80	1310	
   81	1312	
   82	1317	
   83	1318	
   84	1320	
   85	1321	
   86	1320	
   87	1321	
   88	1322	
   89	1323	
   90	1325	
   91	1326	
   92	1328	
   93	1328	
   94	1329	
   95	1330	
   96	1331	
   97	1333	
   98	1333	
   99	1333	
  100	1333	
  101	1333	
  102	1333	
  103	1333	
  104	1333	
  105	1334	
  106	1333	
  107	1333	
  108	1332	
  109	1328	
  110	1314	
  111	1281	
  112	1263	
  113	1245	
  114	1229	
  115	1214	
  116	1192	
  117	1173	
  118	1164	
  119	1161	
  120	1160	
  121	1160	
  122	1158	
  123	1158	
  124	1158	
  125	1158	
  126	1158	
  127	1158	
  128	1159	
  129	1159	
  130	1160	
  131	1160	
  132	1159	
  133	1159	
  134	1159	
  135	1159	
  136	1159	
  137	3	
  138	1	
  139	1	
  140	1	
  141	1	
  142	1	
  143	1	
  144	0	
  145	1	
