    1	1	
    2	1	
    3	1	
    4	1	
    5	1	
    6	1	
    7	1	
    8	1	
    9	1	
   10	1	
   11	1	
   12	1	
   13	1	
   14	0	
   15	1	
   16	1	
   17	0	
   18	1	
   19	1	
   20	2047	
   21	2047	
   22	2047	
   23	2047	
   24	2047	
   25	2047	
   26	2047	
   27	2047	
   28	2047	
   29	2047	
   30	2047	
   31	2047	
   32	2047	
   33	34	
   34	1	
   35	1	
   36	1	
   37	1	
   38	1	
   39	1	
   40	1	
   41	1	
   42	1	
   43	1	
   44	1	
   45	1	
   46	1	
   47	1	
   48	1	
   49	0	
   50	1	
   51	566	
   52	1078	
   53	1231	
   54	1226	
   55	1253	
   56	1258	
   57	1264	
   58	1270	
   59	1273	
   60	1278	
   61	1281	
   62	1285	
   63	1286	
   64	1288	
   65	1293	
   66	1295	
   67	1299	
   68	1302	
   69	1305	
   70	1309	
   71	1310	
   72	1312	
   73	1314	
   74	1316	
   75	1316	
   76	1318	
   77	1318	
   78	1319	
   79	1319	
   80	1320	
   81	1321	
   82	1323	
   83	1324	
   84	1327	
   85	1328	
   86	1331	
   87	1332	
   88	1333	
   89	1333	
   90	1335	
   91	1336	
   92	1336	
   93	1338	
   94	1339	
   95	1340	
   96	1341	
   97	1342	
   98	1342	
   99	1343	
  100	1344	
  101	1344	
  102	1344	
  103	1342	
  104	1343	
  105	1344	
  106	1343	
  107	1342	
  108	1338	
  109	1316	
  110	1290	
  111	1266	
  112	1251	
  113	1237	
  114	1223	
  115	1207	
  116	1184	
  117	1172	
  118	1168	
  119	1167	
  120	1167	
  121	1166	
  122	1167	
  123	1168	
  124	1167	
  125	1166	
  126	1166	
  127	1165	
  128	1165	
  129	1166	
  130	1166	
  131	1166	
  132	1166	
  133	1166	
  134	1166	
  135	1166	
  136	1	
  137	1	
  138	1	
  139	1	
  140	1	
  141	1	
  142	0	
  143	0	
  144	1	
