    1	-12	
    2	-11	
    3	-12	
    4	-11	
    5	-11	
    6	-11	
    7	-11	
    8	-12	
    9	-12	
   10	-11	
   11	-12	
   12	-12	
   13	-12	
   14	-12	
   15	-12	
   16	-12	
   17	-12	
   18	-12	
   19	-12	
   20	-11	
   21	-12	
   22	-11	
   23	896	
   24	997	
   25	873	
   26	746	
   27	670	
   28	600	
   29	558	
   30	518	
   31	495	
   32	474	
   33	454	
   34	441	
   35	429	
   36	-4	
   37	-11	
   38	-11	
   39	-11	
   40	-11	
   41	-11	
   42	-11	
   43	-12	
   44	-11	
   45	-12	
   46	-12	
   47	-12	
   48	-12	
   49	-12	
   50	-11	
   51	-12	
   52	-12	
   53	417	
   54	720	
   55	923	
   56	945	
   57	1021	
   58	1021	
   59	1030	
   60	1040	
   61	1043	
   62	1042	
   63	1039	
   64	1035	
   65	1031	
   66	1028	
   67	1023	
   68	1024	
   69	1021	
   70	1018	
   71	1017	
   72	1013	
   73	1012	
   74	1012	
   75	1011	
   76	1009	
   77	1010	
   78	1009	
   79	1006	
   80	1004	
   81	1004	
   82	1007	
   83	1006	
   84	1008	
   85	1006	
   86	1005	
   87	1004	
   88	1004	
   89	1004	
   90	1004	
   91	1004	
   92	1005	
   93	1004	
   94	1005	
   95	1005	
   96	1006	
   97	1006	
   98	1006	
   99	1005	
  100	1006	
  101	1006	
  102	1007	
  103	1007	
  104	1008	
  105	1009	
  106	1009	
  107	1010	
  108	1010	
  109	1011	
  110	1012	
  111	1014	
  112	1027	
  113	1029	
  114	1032	
  115	1034	
  116	1032	
  117	1025	
  118	1024	
  119	1024	
  120	1022	
  121	1020	
  122	1016	
  123	1014	
  124	1012	
  125	1010	
  126	1009	
  127	1009	
  128	1009	
  129	1008	
  130	1008	
  131	1007	
  132	1006	
  133	1006	
  134	1005	
  135	1005	
  136	1005	
  137	-9	
  138	-12	
  139	-11	
  140	-11	
  141	-12	
  142	-12	
  143	-12	
  144	-12	
  145	-12	
