    1	0	
    2	0	
    3	0	
    4	0	
    5	-1	
    6	-1	
    7	0	
    8	0	
    9	-1	
   10	0	
   11	0	
   12	0	
   13	0	
   14	0	
   15	0	
   16	0	
   17	-1	
   18	0	
   19	-1	
   20	-1	
   21	-1	
   22	-32	
   23	-48	
   24	-48	
   25	-49	
   26	-47	
   27	-44	
   28	-42	
   29	-40	
   30	-38	
   31	-37	
   32	-36	
   33	-35	
   34	-34	
   35	-33	
   36	-1	
   37	0	
   38	0	
   39	0	
   40	0	
   41	-1	
   42	-1	
   43	-1	
   44	-2	
   45	-1	
   46	0	
   47	-1	
   48	0	
   49	0	
   50	0	
   51	0	
   52	0	
   53	45	
   54	-50	
   55	-79	
   56	-82	
   57	-92	
   58	-94	
   59	-94	
   60	-95	
   61	-96	
   62	-96	
   63	-96	
   64	-97	
   65	-97	
   66	-97	
   67	-98	
   68	-98	
   69	-99	
   70	-99	
   71	-99	
   72	-100	
   73	-100	
   74	-100	
   75	-100	
   76	-100	
   77	-100	
   78	-100	
   79	-100	
   80	-100	
   81	-100	
   82	-100	
   83	-100	
   84	-100	
   85	-100	
   86	-100	
   87	-101	
   88	-100	
   89	-100	
   90	-100	
   91	-100	
   92	-100	
   93	-100	
   94	-100	
   95	-100	
   96	-100	
   97	-101	
   98	-101	
   99	-101	
  100	-101	
  101	-101	
  102	-101	
  103	-101	
  104	-101	
  105	-101	
  106	-102	
  107	-102	
  108	-102	
  109	-101	
  110	-101	
  111	-99	
  112	-97	
  113	-96	
  114	-95	
  115	-95	
  116	-93	
  117	-91	
  118	-90	
  119	-90	
  120	-90	
  121	-90	
  122	-90	
  123	-90	
  124	-90	
  125	-90	
  126	-90	
  127	-90	
  128	-90	
  129	-90	
  130	-90	
  131	-90	
  132	-90	
  133	-90	
  134	-90	
  135	-90	
  136	-2	
  137	0	
  138	-1	
  139	0	
  140	-1	
  141	-1	
  142	-1	
  143	0	
  144	-1	
