    1	0	
    2	-1	
    3	0	
    4	0	
    5	-1	
    6	-1	
    7	0	
    8	-1	
    9	0	
   10	0	
   11	-1	
   12	-1	
   13	-1	
   14	0	
   15	0	
   16	-1	
   17	-1	
   18	-1	
   19	0	
   20	-1	
   21	0	
   22	0	
   23	-49	
   24	-48	
   25	-48	
   26	-46	
   27	-44	
   28	-41	
   29	-40	
   30	-38	
   31	-37	
   32	-36	
   33	-35	
   34	-34	
   35	-34	
   36	-1	
   37	-1	
   38	-1	
   39	-1	
   40	-1	
   41	-1	
   42	0	
   43	-1	
   44	-1	
   45	0	
   46	0	
   47	0	
   48	0	
   49	0	
   50	0	
   51	-1	
   52	0	
   53	45	
   54	-50	
   55	-79	
   56	-82	
   57	-93	
   58	-93	
   59	-93	
   60	-95	
   61	-95	
   62	-96	
   63	-96	
   64	-96	
   65	-96	
   66	-97	
   67	-97	
   68	-97	
   69	-97	
   70	-98	
   71	-98	
   72	-98	
   73	-98	
   74	-98	
   75	-99	
   76	-99	
   77	-99	
   78	-99	
   79	-99	
   80	-99	
   81	-99	
   82	-99	
   83	-100	
   84	-100	
   85	-100	
   86	-100	
   87	-100	
   88	-100	
   89	-100	
   90	-100	
   91	-100	
   92	-100	
   93	-100	
   94	-100	
   95	-100	
   96	-100	
   97	-100	
   98	-100	
   99	-100	
  100	-100	
  101	-100	
  102	-100	
  103	-101	
  104	-100	
  105	-101	
  106	-101	
  107	-101	
  108	-101	
  109	-101	
  110	-101	
  111	-97	
  112	-97	
  113	-96	
  114	-95	
  115	-95	
  116	-93	
  117	-91	
  118	-90	
  119	-90	
  120	-89	
  121	-90	
  122	-90	
  123	-89	
  124	-89	
  125	-89	
  126	-89	
  127	-90	
  128	-89	
  129	-90	
  130	-90	
  131	-90	
  132	-90	
  133	-90	
  134	-90	
  135	-90	
  136	-90	
  137	0	
  138	0	
  139	0	
  140	-1	
  141	0	
  142	0	
  143	0	
  144	0	
  145	-1	
