    1	0	
    2	0	
    3	0	
    4	0	
    5	0	
    6	0	
    7	0	
    8	0	
    9	0	
   10	-1	
   11	-1	
   12	-1	
   13	0	
   14	0	
   15	-1	
   16	-1	
   17	-1	
   18	-1	
   19	-1	
   20	-1	
   21	-61	
   22	-55	
   23	-53	
   24	-49	
   25	-46	
   26	-43	
   27	-41	
   28	-40	
   29	-38	
   30	-38	
   31	-36	
   32	-36	
   33	-35	
   34	-1	
   35	-1	
   36	-1	
   37	-1	
   38	-1	
   39	-1	
   40	-1	
   41	-1	
   42	-1	
   43	-1	
   44	-1	
   45	-1	
   46	0	
   47	-1	
   48	-1	
   49	0	
   50	0	
   51	-1	
   52	-43	
   53	-72	
   54	-70	
   55	-72	
   56	-74	
   57	-75	
   58	-76	
   59	-76	
   60	-77	
   61	-77	
   62	-77	
   63	-77	
   64	-78	
   65	-78	
   66	-78	
   67	-78	
   68	-79	
   69	-79	
   70	-80	
   71	-80	
   72	-81	
   73	-81	
   74	-81	
   75	-81	
   76	-82	
   77	-82	
   78	-82	
   79	-83	
   80	-83	
   81	-83	
   82	-83	
   83	-83	
   84	-83	
   85	-83	
   86	-83	
   87	-83	
   88	-83	
   89	-83	
   90	-83	
   91	-83	
   92	-83	
   93	-83	
   94	-82	
   95	-82	
   96	-82	
   97	-82	
   98	-82	
   99	-82	
  100	-82	
  101	-82	
  102	-82	
  103	-82	
  104	-82	
  105	-81	
  106	-80	
  107	-79	
  108	-79	
  109	-78	
  110	-78	
  111	-78	
  112	-77	
  113	-76	
  114	-76	
  115	-76	
  116	-76	
  117	-76	
  118	-76	
  119	-76	
  120	-76	
  121	-76	
  122	-76	
  123	-76	
  124	-76	
  125	-76	
  126	-76	
  127	-76	
  128	-77	
  129	-4	
  130	-1	
  131	-1	
  132	0	
  133	0	
  134	0	
  135	0	
  136	-1	
  137	0	
