    1	-11	
    2	-11	
    3	-11	
    4	-11	
    5	-11	
    6	-11	
    7	-11	
    8	-11	
    9	-11	
   10	-11	
   11	-11	
   12	-11	
   13	-11	
   14	-11	
   15	-11	
   16	-12	
   17	-11	
   18	-12	
   19	-11	
   20	852	
   21	1112	
   22	981	
   23	813	
   24	717	
   25	648	
   26	585	
   27	549	
   28	516	
   29	495	
   30	476	
   31	462	
   32	451	
   33	51	
   34	-11	
   35	-11	
   36	-11	
   37	-11	
   38	-11	
   39	-11	
   40	-11	
   41	-11	
   42	-11	
   43	-12	
   44	-11	
   45	-11	
   46	-11	
   47	-11	
   48	-11	
   49	-12	
   50	-11	
   51	-12	
   52	699	
   53	890	
   54	900	
   55	918	
   56	929	
   57	938	
   58	944	
   59	948	
   60	955	
   61	956	
   62	958	
   63	957	
   64	954	
   65	954	
   66	953	
   67	952	
   68	952	
   69	952	
   70	950	
   71	950	
   72	951	
   73	952	
   74	951	
   75	950	
   76	949	
   77	950	
   78	948	
   79	948	
   80	949	
   81	949	
   82	949	
   83	950	
   84	948	
   85	949	
   86	949	
   87	948	
   88	949	
   89	949	
   90	951	
   91	950	
   92	951	
   93	952	
   94	952	
   95	952	
   96	953	
   97	954	
   98	955	
   99	955	
  100	953	
  101	953	
  102	954	
  103	953	
  104	955	
  105	955	
  106	956	
  107	956	
  108	948	
  109	955	
  110	961	
  111	960	
  112	956	
  113	948	
  114	944	
  115	941	
  116	939	
  117	936	
  118	933	
  119	932	
  120	930	
  121	929	
  122	929	
  123	929	
  124	928	
  125	928	
  126	927	
  127	927	
  128	928	
  129	928	
  130	123	
  131	-11	
  132	-11	
  133	-12	
  134	-12	
  135	-11	
  136	-11	
  137	-11	
  138	-11	
