    1	1	
    2	1	
    3	1	
    4	1	
    5	1	
    6	1	
    7	1	
    8	1	
    9	1	
   10	1	
   11	1	
   12	1	
   13	1	
   14	1	
   15	1	
   16	1	
   17	1	
   18	1	
   19	1	
   20	1	
   21	1	
   22	2047	
   23	2047	
   24	2047	
   25	2047	
   26	2047	
   27	2047	
   28	2047	
   29	2047	
   30	2047	
   31	2047	
   32	2047	
   33	2047	
   34	2047	
   35	35	
   36	1	
   37	1	
   38	1	
   39	1	
   40	1	
   41	0	
   42	1	
   43	1	
   44	1	
   45	1	
   46	1	
   47	0	
   48	1	
   49	1	
   50	1	
   51	1	
   52	572	
   53	1078	
   54	1236	
   55	1228	
   56	1225	
   57	1227	
   58	1228	
   59	1232	
   60	1232	
   61	1235	
   62	1240	
   63	1244	
   64	1246	
   65	1248	
   66	1249	
   67	1252	
   68	1254	
   69	1258	
   70	1258	
   71	1260	
   72	1262	
   73	1266	
   74	1269	
   75	1271	
   76	1273	
   77	1278	
   78	1280	
   79	1284	
   80	1286	
   81	1288	
   82	1290	
   83	1291	
   84	1294	
   85	1295	
   86	1295	
   87	1296	
   88	1299	
   89	1300	
   90	1301	
   91	1303	
   92	1305	
   93	1305	
   94	1304	
   95	1304	
   96	1304	
   97	1305	
   98	1305	
   99	1308	
  100	1307	
  101	1309	
  102	1308	
  103	1309	
  104	1309	
  105	1309	
  106	1305	
  107	1293	
  108	1260	
  109	1212	
  110	1171	
  111	1150	
  112	1137	
  113	1129	
  114	1124	
  115	1123	
  116	1123	
  117	1122	
  118	1121	
  119	1121	
  120	1121	
  121	1120	
  122	1121	
  123	1121	
  124	1121	
  125	1121	
  126	1122	
  127	1121	
  128	1120	
  129	1120	
  130	168	
  131	1	
  132	1	
  133	1	
  134	1	
  135	1	
  136	1	
  137	1	
  138	0	
