    1	1	
    2	1	
    3	1	
    4	1	
    5	1	
    6	1	
    7	1	
    8	1	
    9	1	
   10	1	
   11	1	
   12	1	
   13	1	
   14	1	
   15	1	
   16	1	
   17	1	
   18	1	
   19	1	
   20	1	
   21	1	
   22	1	
   23	323	
   24	2047	
   25	2047	
   26	2047	
   27	2047	
   28	2047	
   29	2047	
   30	2047	
   31	2047	
   32	2047	
   33	2047	
   34	2047	
   35	2047	
   36	2047	
   37	6	
   38	1	
   39	1	
   40	1	
   41	1	
   42	1	
   43	1	
   44	1	
   45	1	
   46	1	
   47	1	
   48	1	
   49	1	
   50	1	
   51	1	
   52	1	
   53	1	
   54	868	
   55	1128	
   56	1237	
   57	1233	
   58	1230	
   59	1230	
   60	1232	
   61	1233	
   62	1234	
   63	1238	
   64	1241	
   65	1243	
   66	1246	
   67	1250	
   68	1253	
   69	1256	
   70	1258	
   71	1260	
   72	1262	
   73	1263	
   74	1266	
   75	1268	
   76	1272	
   77	1274	
   78	1277	
   79	1278	
   80	1281	
   81	1284	
   82	1289	
   83	1291	
   84	1294	
   85	1295	
   86	1297	
   87	1300	
   88	1302	
   89	1301	
   90	1301	
   91	1302	
   92	1304	
   93	1306	
   94	1308	
   95	1312	
   96	1313	
   97	1312	
   98	1313	
   99	1311	
  100	1311	
  101	1312	
  102	1311	
  103	1311	
  104	1312	
  105	1312	
  106	1310	
  107	1307	
  108	1284	
  109	1239	
  110	1191	
  111	1166	
  112	1149	
  113	1134	
  114	1128	
  115	1123	
  116	1116	
  117	1116	
  118	1115	
  119	1114	
  120	1113	
  121	1115	
  122	1115	
  123	1116	
  124	1117	
  125	1117	
  126	1117	
  127	1116	
  128	1116	
  129	1117	
  130	175	
  131	1	
  132	1	
  133	1	
  134	1	
  135	1	
  136	1	
  137	1	
  138	1	
