    1	1	
    2	1	
    3	1	
    4	1	
    5	1	
    6	1	
    7	1	
    8	1	
    9	1	
   10	1	
   11	1	
   12	1	
   13	0	
   14	1	
   15	1	
   16	1	
   17	1	
   18	1	
   19	2047	
   20	2047	
   21	2047	
   22	2047	
   23	2047	
   24	2047	
   25	2047	
   26	2047	
   27	2047	
   28	2047	
   29	2047	
   30	2047	
   31	2047	
   32	328	
   33	2	
   34	1	
   35	1	
   36	1	
   37	1	
   38	1	
   39	1	
   40	1	
   41	1	
   42	1	
   43	1	
   44	1	
   45	1	
   46	1	
   47	1	
   48	1	
   49	565	
   50	1061	
   51	1209	
   52	1210	
   53	1208	
   54	1208	
   55	1210	
   56	1212	
   57	1216	
   58	1219	
   59	1221	
   60	1224	
   61	1228	
   62	1231	
   63	1234	
   64	1235	
   65	1239	
   66	1244	
   67	1246	
   68	1249	
   69	1246	
   70	1248	
   71	1248	
   72	1250	
   73	1251	
   74	1254	
   75	1256	
   76	1259	
   77	1260	
   78	1262	
   79	1264	
   80	1265	
   81	1268	
   82	1269	
   83	1270	
   84	1272	
   85	1273	
   86	1274	
   87	1274	
   88	1274	
   89	1275	
   90	1276	
   91	1276	
   92	1278	
   93	1279	
   94	1283	
   95	1283	
   96	1284	
   97	1283	
   98	1282	
   99	1282	
  100	1281	
  101	1281	
  102	1279	
  103	1263	
  104	1233	
  105	1204	
  106	1179	
  107	1163	
  108	1149	
  109	1136	
  110	1125	
  111	1117	
  112	1115	
  113	1113	
  114	1113	
  115	1116	
  116	1116	
  117	1115	
  118	1116	
  119	1116	
  120	1116	
  121	1116	
  122	1116	
  123	1116	
  124	1116	
  125	1116	
  126	1116	
  127	170	
  128	1	
  129	1	
  130	1	
  131	1	
  132	1	
  133	1	
  134	1	
  135	1	
