    1	1	
    2	1	
    3	1	
    4	1	
    5	1	
    6	1	
    7	1	
    8	1	
    9	1	
   10	1	
   11	1	
   12	1	
   13	1	
   14	1548	
   15	2047	
   16	2047	
   17	2047	
   18	2047	
   19	2047	
   20	2047	
   21	2047	
   22	2047	
   23	2047	
   24	2047	
   25	2047	
   26	2047	
   27	333	
   28	2	
   29	1	
   30	1	
   31	1	
   32	1	
   33	1	
   34	1	
   35	1	
   36	1	
   37	1	
   38	1	
   39	1	
   40	1	
   41	1	
   42	1	
   43	1	
   44	1	
   45	1031	
   46	1195	
   47	1209	
   48	1206	
   49	1206	
   50	1207	
   51	1209	
   52	1212	
   53	1215	
   54	1219	
   55	1220	
   56	1224	
   57	1225	
   58	1229	
   59	1232	
   60	1236	
   61	1238	
   62	1241	
   63	1241	
   64	1243	
   65	1245	
   66	1245	
   67	1247	
   68	1248	
   69	1251	
   70	1252	
   71	1256	
   72	1258	
   73	1259	
   74	1262	
   75	1263	
   76	1265	
   77	1267	
   78	1269	
   79	1270	
   80	1272	
   81	1274	
   82	1274	
   83	1274	
   84	1281	
   85	1281	
   86	1280	
   87	1283	
   88	1282	
   89	1284	
   90	1284	
   91	1283	
   92	1283	
   93	1280	
   94	1281	
   95	1280	
   96	1280	
   97	1280	
   98	1276	
   99	1259	
  100	1229	
  101	1197	
  102	1180	
  103	1165	
  104	1150	
  105	1137	
  106	1125	
  107	1118	
  108	1114	
  109	1112	
  110	1112	
  111	1112	
  112	1112	
  113	1112	
  114	1113	
  115	1113	
  116	1113	
  117	1113	
  118	1113	
  119	1113	
  120	1113	
  121	1113	
  122	1116	
  123	1116	
  124	1	
  125	1	
  126	1	
  127	1	
  128	1	
  129	1	
  130	1	
  131	1	
  132	1	
