    1	-1	
    2	-1	
    3	0	
    4	-1	
    5	-1	
    6	-1	
    7	0	
    8	0	
    9	-1	
   10	0	
   11	0	
   12	-1	
   13	-1	
   14	0	
   15	-1	
   16	-1	
   17	-1	
   18	-1	
   19	0	
   20	0	
   21	-56	
   22	-55	
   23	-55	
   24	-53	
   25	-51	
   26	-49	
   27	-47	
   28	-45	
   29	-44	
   30	-42	
   31	-42	
   32	-40	
   33	-40	
   34	-1	
   35	0	
   36	-1	
   37	0	
   38	0	
   39	-1	
   40	-1	
   41	0	
   42	0	
   43	-1	
   44	-1	
   45	-1	
   46	0	
   47	0	
   48	0	
   49	-1	
   50	-1	
   51	46	
   52	-45	
   53	-74	
   54	-89	
   55	-92	
   56	-93	
   57	-95	
   58	-96	
   59	-96	
   60	-96	
   61	-96	
   62	-96	
   63	-97	
   64	-97	
   65	-97	
   66	-97	
   67	-97	
   68	-97	
   69	-97	
   70	-97	
   71	-98	
   72	-98	
   73	-98	
   74	-98	
   75	-98	
   76	-98	
   77	-99	
   78	-99	
   79	-99	
   80	-99	
   81	-99	
   82	-99	
   83	-99	
   84	-99	
   85	-99	
   86	-99	
   87	-99	
   88	-99	
   89	-99	
   90	-100	
   91	-100	
   92	-100	
   93	-100	
   94	-100	
   95	-100	
   96	-100	
   97	-100	
   98	-100	
   99	-100	
  100	-100	
  101	-100	
  102	-100	
  103	-100	
  104	-100	
  105	-100	
  106	-100	
  107	-100	
  108	-100	
  109	-100	
  110	-97	
  111	-96	
  112	-95	
  113	-94	
  114	-93	
  115	-92	
  116	-90	
  117	-89	
  118	-89	
  119	-89	
  120	-89	
  121	-90	
  122	-90	
  123	-90	
  124	-90	
  125	-90	
  126	-90	
  127	-91	
  128	-91	
  129	-91	
  130	-91	
  131	-92	
  132	-91	
  133	-92	
  134	-92	
  135	-92	
  136	-91	
  137	-1	
  138	-1	
  139	0	
  140	0	
  141	-1	
  142	0	
  143	-1	
  144	-1	
  145	0	
