    1	-11	
    2	-11	
    3	-11	
    4	-11	
    5	-11	
    6	-11	
    7	-11	
    8	-11	
    9	-11	
   10	-12	
   11	-11	
   12	-12	
   13	-11	
   14	-12	
   15	-11	
   16	-11	
   17	-11	
   18	-11	
   19	870	
   20	1048	
   21	981	
   22	864	
   23	768	
   24	679	
   25	627	
   26	576	
   27	546	
   28	522	
   29	497	
   30	481	
   31	465	
   32	454	
   33	-11	
   34	-11	
   35	-11	
   36	-11	
   37	-11	
   38	-11	
   39	-11	
   40	-11	
   41	-11	
   42	-11	
   43	-11	
   44	-11	
   45	-11	
   46	-11	
   47	-11	
   48	-11	
   49	-11	
   50	682	
   51	899	
   52	967	
   53	1020	
   54	1038	
   55	1048	
   56	1057	
   57	1061	
   58	1061	
   59	1059	
   60	1056	
   61	1053	
   62	1050	
   63	1045	
   64	1041	
   65	1041	
   66	1037	
   67	1035	
   68	1034	
   69	1032	
   70	1030	
   71	1027	
   72	1028	
   73	1027	
   74	1025	
   75	1025	
   76	1025	
   77	1024	
   78	1024	
   79	1023	
   80	1023	
   81	1020	
   82	1020	
   83	1019	
   84	1020	
   85	1020	
   86	1020	
   87	1020	
   88	1021	
   89	1021	
   90	1020	
   91	1019	
   92	1019	
   93	1020	
   94	1021	
   95	1021	
   96	1021	
   97	1021	
   98	1023	
   99	1024	
  100	1024	
  101	1024	
  102	1025	
  103	1027	
  104	1026	
  105	1025	
  106	1024	
  107	1024	
  108	1027	
  109	1030	
  110	1037	
  111	1039	
  112	1040	
  113	1043	
  114	1043	
  115	1042	
  116	1032	
  117	1030	
  118	1029	
  119	1026	
  120	1025	
  121	1022	
  122	1021	
  123	1020	
  124	1019	
  125	1018	
  126	1017	
  127	1016	
  128	1016	
  129	1014	
  130	1013	
  131	1013	
  132	1013	
  133	1013	
  134	1012	
  135	130	
  136	-11	
  137	-11	
  138	-11	
  139	-11	
  140	-11	
  141	-11	
  142	-11	
  143	-11	
