    1	0	
    2	0	
    3	0	
    4	0	
    5	-1	
    6	-1	
    7	-1	
    8	0	
    9	-1	
   10	0	
   11	0	
   12	-1	
   13	0	
   14	0	
   15	-1	
   16	-1	
   17	-1	
   18	-1	
   19	0	
   20	-1	
   21	-1	
   22	0	
   23	-1	
   24	-53	
   25	-53	
   26	-51	
   27	-48	
   28	-45	
   29	-42	
   30	-40	
   31	-38	
   32	-37	
   33	-36	
   34	-34	
   35	-34	
   36	-33	
   37	-1	
   38	-1	
   39	-1	
   40	-1	
   41	-1	
   42	0	
   43	-1	
   44	0	
   45	-1	
   46	-1	
   47	-1	
   48	-1	
   49	-1	
   50	-1	
   51	-1	
   52	-1	
   53	-1	
   54	-47	
   55	-76	
   56	-90	
   57	-92	
   58	-94	
   59	-96	
   60	-96	
   61	-97	
   62	-97	
   63	-98	
   64	-98	
   65	-98	
   66	-99	
   67	-99	
   68	-99	
   69	-99	
   70	-99	
   71	-99	
   72	-100	
   73	-100	
   74	-100	
   75	-100	
   76	-100	
   77	-100	
   78	-101	
   79	-101	
   80	-101	
   81	-101	
   82	-101	
   83	-101	
   84	-101	
   85	-102	
   86	-102	
   87	-102	
   88	-102	
   89	-102	
   90	-102	
   91	-102	
   92	-102	
   93	-102	
   94	-102	
   95	-102	
   96	-102	
   97	-102	
   98	-102	
   99	-102	
  100	-102	
  101	-102	
  102	-102	
  103	-102	
  104	-102	
  105	-102	
  106	-102	
  107	-102	
  108	-103	
  109	-102	
  110	-102	
  111	-102	
  112	-100	
  113	-99	
  114	-98	
  115	-96	
  116	-95	
  117	-95	
  118	-94	
  119	-92	
  120	-92	
  121	-91	
  122	-91	
  123	-91	
  124	-91	
  125	-91	
  126	-91	
  127	-91	
  128	-91	
  129	-91	
  130	-91	
  131	-91	
  132	-91	
  133	-91	
  134	-91	
  135	-91	
  136	-91	
  137	-91	
  138	-92	
  139	0	
  140	0	
  141	0	
  142	0	
  143	0	
  144	-1	
  145	-2	
  146	0	
  147	0	
