    1	-11	
    2	-11	
    3	-11	
    4	-12	
    5	-11	
    6	-12	
    7	-11	
    8	-11	
    9	-11	
   10	-11	
   11	-12	
   12	-12	
   13	-12	
   14	-12	
   15	-12	
   16	-12	
   17	-12	
   18	-11	
   19	-11	
   20	-12	
   21	940	
   22	1046	
   23	897	
   24	794	
   25	714	
   26	652	
   27	594	
   28	559	
   29	522	
   30	499	
   31	481	
   32	462	
   33	450	
   34	-4	
   35	-11	
   36	-11	
   37	-11	
   38	-11	
   39	-11	
   40	-11	
   41	-11	
   42	-11	
   43	-11	
   44	-12	
   45	-11	
   46	-12	
   47	-12	
   48	-12	
   49	-11	
   50	-12	
   51	413	
   52	733	
   53	929	
   54	1013	
   55	1034	
   56	1044	
   57	1056	
   58	1063	
   59	1065	
   60	1064	
   61	1061	
   62	1057	
   63	1055	
   64	1051	
   65	1046	
   66	1042	
   67	1036	
   68	1034	
   69	1032	
   70	1031	
   71	1029	
   72	1028	
   73	1028	
   74	1026	
   75	1027	
   76	1027	
   77	1025	
   78	1024	
   79	1024	
   80	1023	
   81	1025	
   82	1023	
   83	1020	
   84	1020	
   85	1020	
   86	1020	
   87	1019	
   88	1020	
   89	1021	
   90	1021	
   91	1023	
   92	1024	
   93	1023	
   94	1022	
   95	1023	
   96	1023	
   97	1024	
   98	1023	
   99	1022	
  100	1024	
  101	1023	
  102	1025	
  103	1026	
  104	1027	
  105	1027	
  106	1025	
  107	1026	
  108	1024	
  109	1025	
  110	1025	
  111	1037	
  112	1040	
  113	1045	
  114	1048	
  115	1047	
  116	1033	
  117	1033	
  118	1032	
  119	1030	
  120	1028	
  121	1026	
  122	1024	
  123	1022	
  124	1021	
  125	1020	
  126	1019	
  127	1018	
  128	1020	
  129	1019	
  130	1019	
  131	1019	
  132	1020	
  133	1019	
  134	1019	
  135	1019	
  136	1019	
  137	-9	
  138	-11	
  139	-11	
  140	-11	
  141	-11	
  142	-11	
  143	-11	
  144	-12	
  145	-11	
