    1	-11	
    2	-11	
    3	-11	
    4	-11	
    5	-11	
    6	-11	
    7	-11	
    8	-11	
    9	-11	
   10	-11	
   11	-12	
   12	-12	
   13	-12	
   14	-12	
   15	-12	
   16	-11	
   17	-11	
   18	-11	
   19	-11	
   20	884	
   21	1081	
   22	985	
   23	846	
   24	754	
   25	682	
   26	617	
   27	578	
   28	541	
   29	517	
   30	497	
   31	478	
   32	465	
   33	53	
   34	-11	
   35	-11	
   36	-11	
   37	-11	
   38	-11	
   39	-11	
   40	-11	
   41	-11	
   42	-11	
   43	-12	
   44	-11	
   45	-12	
   46	-11	
   47	-12	
   48	-12	
   49	-12	
   50	-12	
   51	-11	
   52	-12	
   53	725	
   54	939	
   55	1020	
   56	1037	
   57	1049	
   58	1060	
   59	1066	
   60	1068	
   61	1068	
   62	1065	
   63	1061	
   64	1056	
   65	1053	
   66	1049	
   67	1047	
   68	1045	
   69	1043	
   70	1041	
   71	1039	
   72	1036	
   73	1033	
   74	1033	
   75	1031	
   76	1031	
   77	1028	
   78	1028	
   79	1029	
   80	1028	
   81	1027	
   82	1024	
   83	1022	
   84	1023	
   85	1023	
   86	1022	
   87	1022	
   88	1020	
   89	1020	
   90	1020	
   91	1020	
   92	1021	
   93	1021	
   94	1020	
   95	1020	
   96	1021	
   97	1021	
   98	1020	
   99	1020	
  100	1021	
  101	1023	
  102	1023	
  103	1024	
  104	1024	
  105	1024	
  106	1025	
  107	1025	
  108	1025	
  109	1025	
  110	1025	
  111	1030	
  112	1038	
  113	1043	
  114	1048	
  115	1049	
  116	1053	
  117	1048	
  118	1039	
  119	1036	
  120	1034	
  121	1032	
  122	1031	
  123	1029	
  124	1027	
  125	1025	
  126	1022	
  127	1020	
  128	1022	
  129	1021	
  130	1021	
  131	1022	
  132	1022	
  133	1021	
  134	1020	
  135	1021	
  136	1021	
  137	1021	
  138	-9	
  139	-11	
  140	-11	
  141	-11	
  142	-12	
  143	-11	
  144	-11	
  145	-11	
  146	-11	
