    1	1	
    2	1	
    3	1	
    4	1	
    5	1	
    6	1	
    7	1	
    8	1	
    9	1	
   10	1	
   11	1	
   12	1	
   13	1	
   14	1	
   15	1	
   16	0	
   17	0	
   18	0	
   19	0	
   20	2047	
   21	2047	
   22	2047	
   23	2047	
   24	2047	
   25	2047	
   26	2047	
   27	2047	
   28	2047	
   29	2047	
   30	2047	
   31	2047	
   32	2047	
   33	308	
   34	1	
   35	1	
   36	1	
   37	1	
   38	1	
   39	1	
   40	1	
   41	1	
   42	1	
   43	1	
   44	1	
   45	1	
   46	1	
   47	1	
   48	1	
   49	1	
   50	0	
   51	0	
   52	0	
   53	1080	
   54	1240	
   55	1264	
   56	1266	
   57	1271	
   58	1277	
   59	1281	
   60	1285	
   61	1290	
   62	1293	
   63	1297	
   64	1300	
   65	1304	
   66	1305	
   67	1308	
   68	1312	
   69	1313	
   70	1316	
   71	1318	
   72	1318	
   73	1320	
   74	1321	
   75	1323	
   76	1325	
   77	1325	
   78	1327	
   79	1330	
   80	1332	
   81	1332	
   82	1332	
   83	1332	
   84	1333	
   85	1336	
   86	1336	
   87	1338	
   88	1338	
   89	1339	
   90	1340	
   91	1341	
   92	1344	
   93	1344	
   94	1344	
   95	1345	
   96	1346	
   97	1347	
   98	1347	
   99	1348	
  100	1349	
  101	1350	
  102	1350	
  103	1350	
  104	1350	
  105	1350	
  106	1351	
  107	1349	
  108	1349	
  109	1344	
  110	1328	
  111	1309	
  112	1285	
  113	1264	
  114	1250	
  115	1231	
  116	1218	
  117	1201	
  118	1182	
  119	1176	
  120	1174	
  121	1174	
  122	1173	
  123	1174	
  124	1174	
  125	1173	
  126	1172	
  127	1171	
  128	1173	
  129	1173	
  130	1174	
  131	1175	
  132	1176	
  133	1175	
  134	1176	
  135	1176	
  136	1176	
  137	1176	
  138	3	
  139	1	
  140	1	
  141	1	
  142	1	
  143	0	
  144	1	
  145	0	
  146	1	
