    1	-11	
    2	-11	
    3	-11	
    4	-11	
    5	-11	
    6	-11	
    7	-11	
    8	-11	
    9	-11	
   10	-11	
   11	-11	
   12	-11	
   13	-11	
   14	-11	
   15	-11	
   16	-11	
   17	-11	
   18	-11	
   19	847	
   20	1037	
   21	973	
   22	861	
   23	749	
   24	679	
   25	625	
   26	576	
   27	544	
   28	514	
   29	494	
   30	477	
   31	460	
   32	447	
   33	-11	
   34	-11	
   35	-11	
   36	-11	
   37	-11	
   38	-11	
   39	-11	
   40	-11	
   41	-11	
   42	-11	
   43	-11	
   44	-11	
   45	-11	
   46	-11	
   47	-11	
   48	-11	
   49	-11	
   50	683	
   51	900	
   52	977	
   53	1017	
   54	1028	
   55	1038	
   56	1047	
   57	1051	
   58	1052	
   59	1049	
   60	1046	
   61	1042	
   62	1040	
   63	1035	
   64	1030	
   65	1028	
   66	1025	
   67	1024	
   68	1022	
   69	1021	
   70	1019	
   71	1020	
   72	1019	
   73	1019	
   74	1019	
   75	1018	
   76	1017	
   77	1017	
   78	1016	
   79	1016	
   80	1017	
   81	1018	
   82	1015	
   83	1015	
   84	1015	
   85	1016	
   86	1013	
   87	1013	
   88	1014	
   89	1014	
   90	1015	
   91	1016	
   92	1016	
   93	1016	
   94	1017	
   95	1017	
   96	1016	
   97	1016	
   98	1017	
   99	1017	
  100	1018	
  101	1017	
  102	1018	
  103	1018	
  104	1019	
  105	1019	
  106	1018	
  107	1019	
  108	1022	
  109	1034	
  110	1037	
  111	1036	
  112	1039	
  113	1039	
  114	1045	
  115	1042	
  116	1035	
  117	1034	
  118	1030	
  119	1028	
  120	1026	
  121	1024	
  122	1023	
  123	1021	
  124	1020	
  125	1020	
  126	1019	
  127	1018	
  128	1018	
  129	1017	
  130	1016	
  131	1016	
  132	1017	
  133	134	
  134	-11	
  135	-11	
  136	-11	
  137	-11	
  138	-11	
  139	-11	
  140	-11	
  141	-11	
