    1	-11	
    2	-11	
    3	-11	
    4	-11	
    5	-11	
    6	-11	
    7	-11	
    8	-11	
    9	-11	
   10	-11	
   11	-11	
   12	-11	
   13	-11	
   14	-11	
   15	-11	
   16	-11	
   17	-11	
   18	-11	
   19	-11	
   20	-11	
   21	-11	
   22	-11	
   23	-11	
   24	175	
   25	938	
   26	972	
   27	836	
   28	741	
   29	668	
   30	602	
   31	564	
   32	527	
   33	503	
   34	484	
   35	464	
   36	450	
   37	436	
   38	-10	
   39	-11	
   40	-11	
   41	-11	
   42	-11	
   43	-11	
   44	-11	
   45	-11	
   46	-11	
   47	-11	
   48	-11	
   49	-11	
   50	-11	
   51	-11	
   52	-11	
   53	404	
   54	731	
   55	911	
   56	929	
   57	998	
   58	1010	
   59	1020	
   60	1029	
   61	1034	
   62	1037	
   63	1037	
   64	1032	
   65	1028	
   66	1026	
   67	1025	
   68	1024	
   69	1022	
   70	1021	
   71	1020	
   72	1019	
   73	1018	
   74	1017	
   75	1016	
   76	1016	
   77	1014	
   78	1014	
   79	1013	
   80	1010	
   81	1010	
   82	1011	
   83	1010	
   84	1010	
   85	1008	
   86	1007	
   87	1007	
   88	1007	
   89	1008	
   90	1009	
   91	1011	
   92	1015	
   93	1017	
   94	1018	
   95	1018	
   96	1019	
   97	1020	
   98	1020	
   99	1020	
  100	1021	
  101	1021	
  102	1021	
  103	1021	
  104	1020	
  105	1021	
  106	1021	
  107	1020	
  108	1020	
  109	1020	
  110	1020	
  111	1021	
  112	1024	
  113	1033	
  114	1039	
  115	1041	
  116	1039	
  117	1025	
  118	1024	
  119	1024	
  120	1022	
  121	1019	
  122	1018	
  123	1016	
  124	1014	
  125	1014	
  126	1012	
  127	1009	
  128	1008	
  129	1006	
  130	1006	
  131	1007	
  132	1005	
  133	1008	
  134	1005	
  135	1005	
  136	1005	
  137	-8	
  138	-11	
  139	-11	
  140	-11	
  141	-11	
  142	-11	
  143	-11	
  144	-11	
  145	-11	
