    1	1	
    2	1	
    3	1	
    4	1	
    5	1	
    6	1	
    7	1	
    8	1	
    9	0	
   10	1	
   11	1	
   12	1	
   13	1	
   14	1	
   15	0	
   16	0	
   17	0	
   18	0	
   19	0	
   20	1	
   21	0	
   22	1	
   23	443	
   24	2047	
   25	2047	
   26	2047	
   27	2047	
   28	2047	
   29	2047	
   30	2047	
   31	2047	
   32	2047	
   33	2047	
   34	2047	
   35	2047	
   36	2047	
   37	34	
   38	1	
   39	1	
   40	1	
   41	1	
   42	1	
   43	1	
   44	1	
   45	1	
   46	1	
   47	1	
   48	1	
   49	1	
   50	1	
   51	1	
   52	1	
   53	1	
   54	559	
   55	1140	
   56	1239	
   57	1225	
   58	1268	
   59	1273	
   60	1280	
   61	1286	
   62	1290	
   63	1295	
   64	1298	
   65	1301	
   66	1304	
   67	1307	
   68	1310	
   69	1314	
   70	1317	
   71	1317	
   72	1318	
   73	1319	
   74	1320	
   75	1321	
   76	1322	
   77	1324	
   78	1326	
   79	1328	
   80	1327	
   81	1328	
   82	1330	
   83	1330	
   84	1332	
   85	1330	
   86	1332	
   87	1335	
   88	1336	
   89	1338	
   90	1339	
   91	1340	
   92	1341	
   93	1344	
   94	1344	
   95	1345	
   96	1346	
   97	1347	
   98	1347	
   99	1348	
  100	1348	
  101	1349	
  102	1349	
  103	1349	
  104	1349	
  105	1349	
  106	1349	
  107	1349	
  108	1349	
  109	1349	
  110	1348	
  111	1345	
  112	1336	
  113	1315	
  114	1280	
  115	1251	
  116	1240	
  117	1224	
  118	1203	
  119	1186	
  120	1176	
  121	1173	
  122	1172	
  123	1172	
  124	1172	
  125	1172	
  126	1172	
  127	1172	
  128	1172	
  129	1173	
  130	1173	
  131	1173	
  132	1173	
  133	1174	
  134	1174	
  135	1173	
  136	1174	
  137	1174	
  138	1174	
  139	1174	
  140	1	
  141	1	
  142	1	
  143	1	
  144	0	
  145	1	
  146	1	
  147	1	
  148	1	
