    1	-1	
    2	-1	
    3	-1	
    4	-1	
    5	0	
    6	-1	
    7	0	
    8	-1	
    9	-1	
   10	-1	
   11	0	
   12	-1	
   13	-1	
   14	-1	
   15	-1	
   16	-1	
   17	-1	
   18	-1	
   19	-1	
   20	-1	
   21	-1	
   22	-1	
   23	-22	
   24	-49	
   25	-56	
   26	-56	
   27	-55	
   28	-51	
   29	-49	
   30	-47	
   31	-46	
   32	-45	
   33	-44	
   34	-43	
   35	-42	
   36	-42	
   37	-1	
   38	-1	
   39	-1	
   40	-1	
   41	-1	
   42	0	
   43	0	
   44	0	
   45	-1	
   46	0	
   47	0	
   48	0	
   49	0	
   50	0	
   51	0	
   52	-1	
   53	-1	
   54	-1	
   55	8	
   56	-66	
   57	-78	
   58	-82	
   59	-93	
   60	-94	
   61	-95	
   62	-96	
   63	-96	
   64	-95	
   65	-96	
   66	-96	
   67	-96	
   68	-96	
   69	-96	
   70	-96	
   71	-97	
   72	-96	
   73	-97	
   74	-97	
   75	-97	
   76	-97	
   77	-97	
   78	-97	
   79	-97	
   80	-98	
   81	-98	
   82	-98	
   83	-98	
   84	-98	
   85	-98	
   86	-98	
   87	-98	
   88	-98	
   89	-99	
   90	-99	
   91	-99	
   92	-99	
   93	-99	
   94	-99	
   95	-99	
   96	-100	
   97	-99	
   98	-100	
   99	-100	
  100	-100	
  101	-100	
  102	-100	
  103	-100	
  104	-100	
  105	-100	
  106	-100	
  107	-100	
  108	-100	
  109	-100	
  110	-100	
  111	-100	
  112	-99	
  113	-97	
  114	-96	
  115	-95	
  116	-94	
  117	-92	
  118	-91	
  119	-90	
  120	-90	
  121	-90	
  122	-90	
  123	-90	
  124	-91	
  125	-91	
  126	-91	
  127	-91	
  128	-91	
  129	-91	
  130	-91	
  131	-92	
  132	-92	
  133	-92	
  134	-92	
  135	-92	
  136	-92	
  137	-92	
  138	-5	
  139	-1	
  140	-1	
  141	-1	
  142	-1	
  143	-1	
  144	0	
  145	-1	
  146	-1	
