    1	-1	
    2	-1	
    3	0	
    4	-1	
    5	-1	
    6	-1	
    7	-1	
    8	-1	
    9	0	
   10	-1	
   11	-1	
   12	-1	
   13	-1	
   14	0	
   15	-1	
   16	-1	
   17	-1	
   18	-1	
   19	0	
   20	-1	
   21	0	
   22	-1	
   23	0	
   24	-24	
   25	-46	
   26	-47	
   27	-46	
   28	-43	
   29	-40	
   30	-39	
   31	-37	
   32	-35	
   33	-34	
   34	-33	
   35	-32	
   36	-32	
   37	-31	
   38	-1	
   39	-1	
   40	0	
   41	-1	
   42	-1	
   43	-1	
   44	0	
   45	-1	
   46	0	
   47	0	
   48	-1	
   49	-1	
   50	-1	
   51	0	
   52	-1	
   53	51	
   54	-47	
   55	-76	
   56	-80	
   57	-90	
   58	-92	
   59	-93	
   60	-94	
   61	-95	
   62	-95	
   63	-96	
   64	-96	
   65	-96	
   66	-97	
   67	-97	
   68	-98	
   69	-98	
   70	-99	
   71	-99	
   72	-99	
   73	-99	
   74	-99	
   75	-99	
   76	-100	
   77	-100	
   78	-100	
   79	-100	
   80	-100	
   81	-100	
   82	-100	
   83	-100	
   84	-100	
   85	-100	
   86	-100	
   87	-100	
   88	-100	
   89	-101	
   90	-101	
   91	-101	
   92	-101	
   93	-101	
   94	-102	
   95	-102	
   96	-102	
   97	-102	
   98	-102	
   99	-102	
  100	-102	
  101	-102	
  102	-102	
  103	-102	
  104	-102	
  105	-102	
  106	-102	
  107	-102	
  108	-101	
  109	-102	
  110	-102	
  111	-101	
  112	-97	
  113	-97	
  114	-96	
  115	-95	
  116	-94	
  117	-92	
  118	-91	
  119	-91	
  120	-91	
  121	-91	
  122	-91	
  123	-91	
  124	-91	
  125	-91	
  126	-91	
  127	-91	
  128	-91	
  129	-91	
  130	-91	
  131	-91	
  132	-91	
  133	-91	
  134	-91	
  135	-91	
  136	-91	
  137	0	
  138	0	
  139	-1	
  140	0	
  141	0	
  142	-1	
  143	0	
  144	0	
  145	-1	
