    1	1	
    2	1	
    3	1	
    4	1	
    5	1	
    6	1	
    7	1	
    8	1	
    9	1	
   10	1	
   11	1	
   12	1	
   13	1	
   14	1	
   15	0	
   16	1	
   17	1	
   18	1	
   19	1	
   20	0	
   21	0	
   22	449	
   23	2047	
   24	2047	
   25	2047	
   26	2047	
   27	2047	
   28	2047	
   29	2047	
   30	2047	
   31	2047	
   32	2047	
   33	2047	
   34	2047	
   35	2047	
   36	6	
   37	1	
   38	1	
   39	1	
   40	1	
   41	1	
   42	1	
   43	1	
   44	1	
   45	0	
   46	1	
   47	1	
   48	1	
   49	1	
   50	1	
   51	0	
   52	0	
   53	1	
   54	1	
   55	0	
   56	1013	
   57	1221	
   58	1236	
   59	1229	
   60	1272	
   61	1270	
   62	1278	
   63	1281	
   64	1286	
   65	1291	
   66	1293	
   67	1296	
   68	1299	
   69	1301	
   70	1304	
   71	1306	
   72	1308	
   73	1310	
   74	1314	
   75	1318	
   76	1320	
   77	1322	
   78	1322	
   79	1324	
   80	1327	
   81	1329	
   82	1327	
   83	1329	
   84	1330	
   85	1333	
   86	1333	
   87	1335	
   88	1336	
   89	1336	
   90	1338	
   91	1339	
   92	1340	
   93	1341	
   94	1342	
   95	1344	
   96	1344	
   97	1342	
   98	1344	
   99	1344	
  100	1344	
  101	1345	
  102	1345	
  103	1346	
  104	1346	
  105	1345	
  106	1346	
  107	1346	
  108	1346	
  109	1345	
  110	1344	
  111	1345	
  112	1344	
  113	1336	
  114	1316	
  115	1288	
  116	1259	
  117	1243	
  118	1225	
  119	1206	
  120	1185	
  121	1179	
  122	1174	
  123	1171	
  124	1170	
  125	1169	
  126	1169	
  127	1170	
  128	1170	
  129	1170	
  130	1170	
  131	1170	
  132	1170	
  133	1171	
  134	1170	
  135	1170	
  136	1171	
  137	1171	
  138	1171	
  139	171	
  140	1	
  141	1	
  142	1	
  143	1	
  144	1	
  145	1	
  146	1	
  147	0	
