    1	-1	
    2	-1	
    3	-1	
    4	-1	
    5	0	
    6	0	
    7	0	
    8	0	
    9	0	
   10	0	
   11	-1	
   12	-1	
   13	-1	
   14	-1	
   15	-1	
   16	-1	
   17	-1	
   18	-1	
   19	-1	
   20	0	
   21	-51	
   22	-52	
   23	-55	
   24	-55	
   25	-54	
   26	-52	
   27	-51	
   28	-50	
   29	-48	
   30	-48	
   31	-47	
   32	-47	
   33	-47	
   34	-1	
   35	0	
   36	0	
   37	0	
   38	0	
   39	0	
   40	0	
   41	-1	
   42	0	
   43	-1	
   44	0	
   45	-1	
   46	0	
   47	0	
   48	-1	
   49	0	
   50	0	
   51	-1	
   52	-1	
   53	-32	
   54	-78	
   55	-88	
   56	-98	
   57	-98	
   58	-98	
   59	-98	
   60	-96	
   61	-94	
   62	-94	
   63	-93	
   64	-93	
   65	-93	
   66	-93	
   67	-92	
   68	-92	
   69	-92	
   70	-92	
   71	-92	
   72	-92	
   73	-91	
   74	-91	
   75	-91	
   76	-91	
   77	-91	
   78	-91	
   79	-91	
   80	-91	
   81	-91	
   82	-91	
   83	-92	
   84	-91	
   85	-91	
   86	-92	
   87	-92	
   88	-92	
   89	-92	
   90	-92	
   91	-92	
   92	-92	
   93	-92	
   94	-92	
   95	-92	
   96	-92	
   97	-92	
   98	-92	
   99	-92	
  100	-92	
  101	-92	
  102	-92	
  103	-92	
  104	-93	
  105	-93	
  106	-93	
  107	-94	
  108	-94	
  109	-94	
  110	-93	
  111	-92	
  112	-91	
  113	-91	
  114	-91	
  115	-90	
  116	-90	
  117	-89	
  118	-90	
  119	-90	
  120	-91	
  121	-92	
  122	-92	
  123	-93	
  124	-93	
  125	-93	
  126	-94	
  127	-94	
  128	-94	
  129	-95	
  130	-95	
  131	-95	
  132	-95	
  133	-96	
  134	-96	
  135	-97	
  136	-97	
  137	-97	
  138	-1	
  139	0	
  140	0	
  141	0	
  142	0	
  143	0	
  144	0	
  145	-1	
  146	0	
