    1	-11	
    2	-11	
    3	-11	
    4	-11	
    5	-12	
    6	-11	
    7	-11	
    8	-11	
    9	-11	
   10	-11	
   11	-11	
   12	-12	
   13	-12	
   14	-11	
   15	-12	
   16	-12	
   17	-12	
   18	-11	
   19	-12	
   20	-12	
   21	904	
   22	1014	
   23	910	
   24	774	
   25	692	
   26	617	
   27	574	
   28	541	
   29	506	
   30	485	
   31	465	
   32	452	
   33	441	
   34	50	
   35	-11	
   36	-11	
   37	-11	
   38	-11	
   39	-11	
   40	-11	
   41	-11	
   42	-11	
   43	-11	
   44	-11	
   45	-11	
   46	-11	
   47	-11	
   48	-12	
   49	-12	
   50	-12	
   51	-12	
   52	-11	
   53	707	
   54	935	
   55	966	
   56	1038	
   57	1049	
   58	1058	
   59	1068	
   60	1072	
   61	1068	
   62	1069	
   63	1066	
   64	1064	
   65	1061	
   66	1063	
   67	1058	
   68	1054	
   69	1048	
   70	1047	
   71	1045	
   72	1044	
   73	1043	
   74	1041	
   75	1040	
   76	1038	
   77	1033	
   78	1032	
   79	1033	
   80	1034	
   81	1034	
   82	1033	
   83	1033	
   84	1032	
   85	1031	
   86	1032	
   87	1031	
   88	1031	
   89	1031	
   90	1030	
   91	1030	
   92	1029	
   93	1030	
   94	1030	
   95	1031	
   96	1028	
   97	1028	
   98	1026	
   99	1027	
  100	1029	
  101	1030	
  102	1031	
  103	1032	
  104	1032	
  105	1032	
  106	1033	
  107	1037	
  108	1037	
  109	1038	
  110	1038	
  111	1046	
  112	1049	
  113	1052	
  114	1055	
  115	1057	
  116	1053	
  117	1039	
  118	1037	
  119	1032	
  120	1030	
  121	1028	
  122	1026	
  123	1025	
  124	1022	
  125	1021	
  126	1019	
  127	1017	
  128	1016	
  129	1016	
  130	1015	
  131	1013	
  132	1013	
  133	1012	
  134	1014	
  135	1014	
  136	1013	
  137	1012	
  138	5	
  139	-11	
  140	-11	
  141	-11	
  142	-12	
  143	-11	
  144	-12	
  145	-12	
  146	-11	
