    1	1	
    2	1	
    3	1	
    4	1	
    5	1	
    6	1	
    7	1	
    8	1	
    9	1	
   10	1	
   11	1	
   12	1	
   13	0	
   14	1	
   15	1	
   16	1	
   17	1	
   18	1	
   19	1	
   20	2047	
   21	2047	
   22	2047	
   23	2047	
   24	2047	
   25	2047	
   26	2047	
   27	2047	
   28	2047	
   29	2047	
   30	2047	
   31	2047	
   32	2047	
   33	316	
   34	1	
   35	1	
   36	1	
   37	1	
   38	1	
   39	1	
   40	1	
   41	1	
   42	1	
   43	0	
   44	0	
   45	1	
   46	0	
   47	1	
   48	0	
   49	0	
   50	0	
   51	0	
   52	1064	
   53	1250	
   54	1257	
   55	1260	
   56	1265	
   57	1273	
   58	1278	
   59	1283	
   60	1288	
   61	1292	
   62	1293	
   63	1296	
   64	1296	
   65	1299	
   66	1302	
   67	1304	
   68	1307	
   69	1307	
   70	1309	
   71	1313	
   72	1312	
   73	1315	
   74	1316	
   75	1317	
   76	1318	
   77	1320	
   78	1322	
   79	1323	
   80	1322	
   81	1324	
   82	1325	
   83	1327	
   84	1328	
   85	1329	
   86	1332	
   87	1332	
   88	1333	
   89	1335	
   90	1336	
   91	1337	
   92	1336	
   93	1337	
   94	1336	
   95	1338	
   96	1339	
   97	1342	
   98	1340	
   99	1341	
  100	1339	
  101	1339	
  102	1340	
  103	1340	
  104	1341	
  105	1337	
  106	1337	
  107	1337	
  108	1331	
  109	1320	
  110	1305	
  111	1272	
  112	1256	
  113	1241	
  114	1231	
  115	1221	
  116	1199	
  117	1179	
  118	1172	
  119	1165	
  120	1164	
  121	1164	
  122	1163	
  123	1163	
  124	1164	
  125	1164	
  126	1165	
  127	1164	
  128	1165	
  129	1165	
  130	1165	
  131	1165	
  132	1166	
  133	1167	
  134	1166	
  135	1167	
  136	1167	
  137	20	
  138	1	
  139	1	
  140	1	
  141	1	
  142	1	
  143	1	
  144	1	
  145	0	
