    1	-1	
    2	0	
    3	0	
    4	0	
    5	-1	
    6	0	
    7	0	
    8	-1	
    9	0	
   10	0	
   11	0	
   12	0	
   13	-1	
   14	0	
   15	0	
   16	0	
   17	0	
   18	0	
   19	-1	
   20	0	
   21	-50	
   22	-52	
   23	-54	
   24	-53	
   25	-52	
   26	-51	
   27	-50	
   28	-49	
   29	-48	
   30	-47	
   31	-46	
   32	-46	
   33	-45	
   34	-1	
   35	0	
   36	0	
   37	-1	
   38	0	
   39	0	
   40	0	
   41	0	
   42	-1	
   43	-1	
   44	-1	
   45	0	
   46	0	
   47	0	
   48	0	
   49	0	
   50	-1	
   51	-1	
   52	0	
   53	-1	
   54	-1	
   55	44	
   56	-52	
   57	-91	
   58	-96	
   59	-96	
   60	-97	
   61	-98	
   62	-100	
   63	-99	
   64	-97	
   65	-96	
   66	-96	
   67	-95	
   68	-95	
   69	-95	
   70	-95	
   71	-94	
   72	-94	
   73	-94	
   74	-94	
   75	-94	
   76	-94	
   77	-93	
   78	-94	
   79	-93	
   80	-93	
   81	-93	
   82	-93	
   83	-93	
   84	-93	
   85	-93	
   86	-93	
   87	-93	
   88	-93	
   89	-93	
   90	-93	
   91	-93	
   92	-93	
   93	-93	
   94	-93	
   95	-94	
   96	-93	
   97	-94	
   98	-94	
   99	-94	
  100	-94	
  101	-94	
  102	-94	
  103	-94	
  104	-94	
  105	-94	
  106	-94	
  107	-94	
  108	-94	
  109	-95	
  110	-95	
  111	-95	
  112	-95	
  113	-93	
  114	-91	
  115	-91	
  116	-91	
  117	-91	
  118	-91	
  119	-91	
  120	-91	
  121	-91	
  122	-92	
  123	-93	
  124	-93	
  125	-94	
  126	-95	
  127	-95	
  128	-95	
  129	-96	
  130	-96	
  131	-97	
  132	-97	
  133	-97	
  134	-98	
  135	-98	
  136	-98	
  137	-98	
  138	-99	
  139	0	
  140	-1	
  141	-1	
  142	0	
  143	0	
  144	-1	
  145	-1	
  146	-1	
  147	-1	
