    1	1	
    2	1	
    3	1	
    4	1	
    5	1	
    6	1	
    7	1	
    8	1	
    9	1	
   10	1	
   11	1	
   12	0	
   13	0	
   14	1	
   15	1	
   16	0	
   17	0	
   18	0	
   19	0	
   20	0	
   21	0	
   22	2047	
   23	2047	
   24	2047	
   25	2047	
   26	2047	
   27	2047	
   28	2047	
   29	2047	
   30	2047	
   31	2047	
   32	2047	
   33	2047	
   34	2047	
   35	1	
   36	1	
   37	1	
   38	1	
   39	1	
   40	1	
   41	1	
   42	1	
   43	1	
   44	0	
   45	1	
   46	0	
   47	0	
   48	1	
   49	0	
   50	1	
   51	1	
   52	1009	
   53	1214	
   54	1229	
   55	1248	
   56	1264	
   57	1269	
   58	1274	
   59	1279	
   60	1285	
   61	1288	
   62	1292	
   63	1295	
   64	1297	
   65	1299	
   66	1301	
   67	1307	
   68	1309	
   69	1310	
   70	1312	
   71	1315	
   72	1316	
   73	1319	
   74	1319	
   75	1321	
   76	1321	
   77	1322	
   78	1320	
   79	1320	
   80	1322	
   81	1324	
   82	1324	
   83	1325	
   84	1327	
   85	1328	
   86	1330	
   87	1332	
   88	1333	
   89	1334	
   90	1336	
   91	1337	
   92	1339	
   93	1340	
   94	1340	
   95	1338	
   96	1337	
   97	1339	
   98	1340	
   99	1339	
  100	1337	
  101	1338	
  102	1339	
  103	1339	
  104	1339	
  105	1338	
  106	1338	
  107	1338	
  108	1333	
  109	1321	
  110	1298	
  111	1277	
  112	1257	
  113	1244	
  114	1231	
  115	1208	
  116	1182	
  117	1172	
  118	1167	
  119	1165	
  120	1165	
  121	1165	
  122	1166	
  123	1166	
  124	1166	
  125	1165	
  126	1165	
  127	1165	
  128	1166	
  129	1166	
  130	1165	
  131	1165	
  132	1166	
  133	1166	
  134	1166	
  135	1165	
  136	1165	
  137	19	
  138	1	
  139	1	
  140	1	
  141	1	
  142	1	
  143	1	
  144	1	
  145	1	
