    1	1	
    2	1	
    3	1	
    4	1	
    5	1	
    6	1	
    7	1	
    8	1	
    9	0	
   10	1	
   11	1	
   12	1	
   13	1	
   14	1	
   15	1	
   16	1	
   17	0	
   18	0	
   19	1	
   20	1	
   21	2047	
   22	2047	
   23	2047	
   24	2047	
   25	2047	
   26	2047	
   27	2047	
   28	2047	
   29	2047	
   30	2047	
   31	2047	
   32	2047	
   33	2047	
   34	307	
   35	1	
   36	1	
   37	1	
   38	1	
   39	1	
   40	1	
   41	1	
   42	1	
   43	1	
   44	1	
   45	0	
   46	0	
   47	1	
   48	1	
   49	0	
   50	0	
   51	0	
   52	1065	
   53	1226	
   54	1262	
   55	1265	
   56	1271	
   57	1275	
   58	1279	
   59	1284	
   60	1287	
   61	1290	
   62	1293	
   63	1296	
   64	1298	
   65	1302	
   66	1305	
   67	1306	
   68	1308	
   69	1310	
   70	1312	
   71	1313	
   72	1316	
   73	1316	
   74	1318	
   75	1318	
   76	1320	
   77	1321	
   78	1323	
   79	1325	
   80	1323	
   81	1325	
   82	1325	
   83	1329	
   84	1329	
   85	1332	
   86	1334	
   87	1335	
   88	1336	
   89	1338	
   90	1338	
   91	1341	
   92	1341	
   93	1344	
   94	1342	
   95	1342	
   96	1344	
   97	1343	
   98	1344	
   99	1343	
  100	1343	
  101	1342	
  102	1344	
  103	1342	
  104	1341	
  105	1342	
  106	1342	
  107	1340	
  108	1336	
  109	1318	
  110	1301	
  111	1273	
  112	1259	
  113	1244	
  114	1231	
  115	1217	
  116	1189	
  117	1178	
  118	1170	
  119	1166	
  120	1166	
  121	1166	
  122	1166	
  123	1165	
  124	1165	
  125	1165	
  126	1165	
  127	1165	
  128	1165	
  129	1166	
  130	1166	
  131	1167	
  132	1167	
  133	1168	
  134	1167	
  135	1166	
  136	1168	
  137	20	
  138	1	
  139	1	
  140	1	
  141	1	
  142	1	
  143	1	
  144	1	
  145	1	
