    1	1	
    2	1	
    3	1	
    4	1	
    5	0	
    6	1	
    7	1	
    8	1	
    9	1	
   10	1	
   11	1	
   12	1	
   13	0	
   14	1	
   15	1	
   16	1	
   17	1	
   18	1	
   19	0	
   20	0	
   21	2047	
   22	2047	
   23	2047	
   24	2047	
   25	2047	
   26	2047	
   27	2047	
   28	2047	
   29	2047	
   30	2047	
   31	2047	
   32	2047	
   33	2047	
   34	305	
   35	1	
   36	1	
   37	1	
   38	1	
   39	1	
   40	1	
   41	1	
   42	1	
   43	1	
   44	1	
   45	1	
   46	1	
   47	1	
   48	1	
   49	1	
   50	1	
   51	1	
   52	1069	
   53	1253	
   54	1260	
   55	1261	
   56	1265	
   57	1273	
   58	1279	
   59	1284	
   60	1285	
   61	1289	
   62	1292	
   63	1296	
   64	1299	
   65	1302	
   66	1305	
   67	1308	
   68	1309	
   69	1308	
   70	1312	
   71	1313	
   72	1315	
   73	1316	
   74	1320	
   75	1322	
   76	1323	
   77	1324	
   78	1326	
   79	1327	
   80	1329	
   81	1328	
   82	1330	
   83	1332	
   84	1332	
   85	1333	
   86	1334	
   87	1336	
   88	1336	
   89	1338	
   90	1340	
   91	1341	
   92	1341	
   93	1342	
   94	1344	
   95	1346	
   96	1345	
   97	1344	
   98	1345	
   99	1345	
  100	1345	
  101	1345	
  102	1344	
  103	1344	
  104	1344	
  105	1343	
  106	1342	
  107	1342	
  108	1333	
  109	1320	
  110	1281	
  111	1262	
  112	1250	
  113	1236	
  114	1227	
  115	1216	
  116	1192	
  117	1180	
  118	1172	
  119	1165	
  120	1164	
  121	1166	
  122	1168	
  123	1166	
  124	1167	
  125	1167	
  126	1166	
  127	1165	
  128	1166	
  129	1166	
  130	1166	
  131	1166	
  132	1166	
  133	1167	
  134	1166	
  135	20	
  136	1	
  137	1	
  138	1	
  139	1	
  140	1	
  141	1	
  142	1	
  143	1	
