    1	0	
    2	0	
    3	0	
    4	-1	
    5	0	
    6	0	
    7	-1	
    8	0	
    9	0	
   10	0	
   11	0	
   12	0	
   13	0	
   14	0	
   15	0	
   16	0	
   17	0	
   18	0	
   19	0	
   20	-1	
   21	0	
   22	0	
   23	-46	
   24	-55	
   25	-56	
   26	-55	
   27	-54	
   28	-52	
   29	-51	
   30	-50	
   31	-49	
   32	-49	
   33	-48	
   34	-47	
   35	-47	
   36	0	
   37	0	
   38	-1	
   39	-1	
   40	-1	
   41	0	
   42	0	
   43	-1	
   44	-1	
   45	-1	
   46	-1	
   47	-1	
   48	0	
   49	-1	
   50	-1	
   51	0	
   52	-1	
   53	-1	
   54	47	
   55	-43	
   56	-84	
   57	-98	
   58	-98	
   59	-99	
   60	-100	
   61	-99	
   62	-98	
   63	-97	
   64	-96	
   65	-96	
   66	-95	
   67	-95	
   68	-95	
   69	-94	
   70	-94	
   71	-94	
   72	-94	
   73	-94	
   74	-94	
   75	-93	
   76	-93	
   77	-93	
   78	-93	
   79	-93	
   80	-93	
   81	-93	
   82	-93	
   83	-93	
   84	-93	
   85	-93	
   86	-93	
   87	-93	
   88	-93	
   89	-93	
   90	-93	
   91	-93	
   92	-93	
   93	-93	
   94	-93	
   95	-93	
   96	-93	
   97	-93	
   98	-93	
   99	-93	
  100	-92	
  101	-92	
  102	-93	
  103	-93	
  104	-93	
  105	-93	
  106	-93	
  107	-93	
  108	-93	
  109	-93	
  110	-93	
  111	-93	
  112	-93	
  113	-91	
  114	-90	
  115	-90	
  116	-90	
  117	-90	
  118	-89	
  119	-89	
  120	-88	
  121	-89	
  122	-90	
  123	-90	
  124	-91	
  125	-92	
  126	-92	
  127	-92	
  128	-92	
  129	-93	
  130	-93	
  131	-94	
  132	-94	
  133	-94	
  134	-94	
  135	-95	
  136	-95	
  137	-95	
  138	-95	
  139	-96	
  140	0	
  141	-1	
  142	0	
  143	0	
  144	0	
  145	0	
  146	0	
  147	-1	
  148	0	
