    1	1	
    2	1	
    3	1	
    4	1	
    5	1	
    6	1	
    7	1	
    8	1	
    9	1	
   10	0	
   11	1	
   12	1	
   13	0	
   14	0	
   15	0	
   16	1	
   17	1	
   18	0	
   19	1	
   20	1	
   21	1	
   22	1	
   23	2047	
   24	2047	
   25	2047	
   26	2047	
   27	2047	
   28	2047	
   29	2047	
   30	2047	
   31	2047	
   32	2047	
   33	2047	
   34	2047	
   35	2047	
   36	34	
   37	1	
   38	1	
   39	1	
   40	1	
   41	1	
   42	1	
   43	1	
   44	0	
   45	1	
   46	1	
   47	1	
   48	1	
   49	0	
   50	1	
   51	1	
   52	1	
   53	0	
   54	561	
   55	1098	
   56	1263	
   57	1261	
   58	1265	
   59	1270	
   60	1274	
   61	1279	
   62	1282	
   63	1287	
   64	1289	
   65	1293	
   66	1294	
   67	1297	
   68	1300	
   69	1302	
   70	1305	
   71	1307	
   72	1310	
   73	1312	
   74	1312	
   75	1313	
   76	1315	
   77	1317	
   78	1319	
   79	1320	
   80	1321	
   81	1322	
   82	1323	
   83	1323	
   84	1324	
   85	1326	
   86	1327	
   87	1328	
   88	1332	
   89	1332	
   90	1334	
   91	1333	
   92	1334	
   93	1336	
   94	1337	
   95	1338	
   96	1338	
   97	1340	
   98	1340	
   99	1340	
  100	1341	
  101	1342	
  102	1342	
  103	1344	
  104	1344	
  105	1344	
  106	1345	
  107	1344	
  108	1344	
  109	1342	
  110	1339	
  111	1333	
  112	1320	
  113	1293	
  114	1270	
  115	1251	
  116	1240	
  117	1231	
  118	1216	
  119	1200	
  120	1175	
  121	1169	
  122	1167	
  123	1168	
  124	1169	
  125	1167	
  126	1168	
  127	1168	
  128	1166	
  129	1167	
  130	1167	
  131	1166	
  132	1166	
  133	1166	
  134	1167	
  135	1166	
  136	1165	
  137	1166	
  138	1165	
  139	1166	
  140	1	
  141	1	
  142	1	
  143	0	
  144	0	
  145	0	
  146	1	
  147	1	
  148	1	
