    1	-11	
    2	-11	
    3	-11	
    4	-11	
    5	-11	
    6	-11	
    7	-11	
    8	-11	
    9	-11	
   10	-11	
   11	-11	
   12	-11	
   13	-12	
   14	-11	
   15	-11	
   16	-12	
   17	-12	
   18	-11	
   19	-11	
   20	-12	
   21	-12	
   22	-11	
   23	910	
   24	1004	
   25	882	
   26	754	
   27	678	
   28	609	
   29	569	
   30	537	
   31	506	
   32	487	
   33	466	
   34	451	
   35	440	
   36	-4	
   37	-11	
   38	-11	
   39	-11	
   40	-11	
   41	-11	
   42	-11	
   43	-11	
   44	-11	
   45	-11	
   46	-11	
   47	-11	
   48	-11	
   49	-11	
   50	-11	
   51	-11	
   52	-12	
   53	-12	
   54	405	
   55	746	
   56	936	
   57	1006	
   58	1028	
   59	1041	
   60	1052	
   61	1058	
   62	1062	
   63	1063	
   64	1061	
   65	1059	
   66	1051	
   67	1051	
   68	1048	
   69	1044	
   70	1042	
   71	1039	
   72	1039	
   73	1037	
   74	1036	
   75	1034	
   76	1034	
   77	1033	
   78	1030	
   79	1028	
   80	1028	
   81	1025	
   82	1024	
   83	1023	
   84	1022	
   85	1020	
   86	1020	
   87	1020	
   88	1019	
   89	1019	
   90	1018	
   91	1017	
   92	1018	
   93	1018	
   94	1018	
   95	1016	
   96	1017	
   97	1018	
   98	1017	
   99	1018	
  100	1014	
  101	1016	
  102	1017	
  103	1020	
  104	1018	
  105	1019	
  106	1017	
  107	1017	
  108	1018	
  109	1018	
  110	1018	
  111	1021	
  112	1024	
  113	1032	
  114	1037	
  115	1040	
  116	1043	
  117	1046	
  118	1046	
  119	1036	
  120	1029	
  121	1025	
  122	1023	
  123	1020	
  124	1018	
  125	1016	
  126	1015	
  127	1013	
  128	1012	
  129	1010	
  130	1009	
  131	1009	
  132	1007	
  133	1006	
  134	1005	
  135	1005	
  136	1005	
  137	1005	
  138	1005	
  139	1005	
  140	-11	
  141	-11	
  142	-11	
  143	-11	
  144	-11	
  145	-11	
  146	-12	
  147	-12	
  148	-11	
