    1	-12	
    2	-11	
    3	-11	
    4	-11	
    5	-12	
    6	-11	
    7	-11	
    8	-11	
    9	-12	
   10	-12	
   11	-12	
   12	-12	
   13	-12	
   14	-12	
   15	-12	
   16	-12	
   17	-12	
   18	-11	
   19	-12	
   20	-12	
   21	919	
   22	1035	
   23	920	
   24	781	
   25	699	
   26	623	
   27	580	
   28	541	
   29	516	
   30	495	
   31	473	
   32	458	
   33	443	
   34	50	
   35	-11	
   36	-11	
   37	-11	
   38	-11	
   39	-11	
   40	-11	
   41	-11	
   42	-12	
   43	-11	
   44	-12	
   45	-12	
   46	-12	
   47	-11	
   48	-11	
   49	-11	
   50	-12	
   51	-12	
   52	-12	
   53	712	
   54	945	
   55	970	
   56	1022	
   57	1061	
   58	1072	
   59	1080	
   60	1084	
   61	1084	
   62	1083	
   63	1080	
   64	1074	
   65	1071	
   66	1065	
   67	1064	
   68	1060	
   69	1057	
   70	1054	
   71	1053	
   72	1053	
   73	1053	
   74	1049	
   75	1046	
   76	1047	
   77	1044	
   78	1043	
   79	1044	
   80	1044	
   81	1043	
   82	1042	
   83	1040	
   84	1039	
   85	1040	
   86	1039	
   87	1040	
   88	1040	
   89	1040	
   90	1041	
   91	1041	
   92	1041	
   93	1041	
   94	1041	
   95	1041	
   96	1041	
   97	1041	
   98	1042	
   99	1042	
  100	1042	
  101	1043	
  102	1044	
  103	1044	
  104	1044	
  105	1044	
  106	1044	
  107	1044	
  108	1044	
  109	1044	
  110	1048	
  111	1053	
  112	1056	
  113	1061	
  114	1061	
  115	1063	
  116	1066	
  117	1058	
  118	1046	
  119	1042	
  120	1040	
  121	1040	
  122	1037	
  123	1034	
  124	1032	
  125	1029	
  126	1028	
  127	1025	
  128	1025	
  129	1024	
  130	1022	
  131	1022	
  132	1020	
  133	1020	
  134	1019	
  135	1019	
  136	1019	
  137	1021	
  138	-9	
  139	-11	
  140	-11	
  141	-12	
  142	-11	
  143	-12	
  144	-12	
  145	-12	
  146	-12	
