    1	-1	
    2	0	
    3	0	
    4	0	
    5	-1	
    6	-1	
    7	-1	
    8	-1	
    9	0	
   10	-1	
   11	0	
   12	-1	
   13	-1	
   14	-1	
   15	0	
   16	0	
   17	0	
   18	0	
   19	0	
   20	0	
   21	-56	
   22	-60	
   23	-62	
   24	-60	
   25	-58	
   26	-56	
   27	-55	
   28	-54	
   29	-52	
   30	-52	
   31	-51	
   32	-50	
   33	-49	
   34	-1	
   35	0	
   36	-1	
   37	-1	
   38	-1	
   39	-1	
   40	-1	
   41	-1	
   42	-1	
   43	-1	
   44	-1	
   45	-1	
   46	-1	
   47	-1	
   48	0	
   49	0	
   50	-1	
   51	-1	
   52	-1	
   53	-1	
   54	-44	
   55	-88	
   56	-99	
   57	-100	
   58	-101	
   59	-104	
   60	-104	
   61	-102	
   62	-101	
   63	-100	
   64	-100	
   65	-99	
   66	-99	
   67	-98	
   68	-98	
   69	-98	
   70	-98	
   71	-97	
   72	-97	
   73	-97	
   74	-97	
   75	-97	
   76	-97	
   77	-97	
   78	-97	
   79	-97	
   80	-97	
   81	-97	
   82	-97	
   83	-97	
   84	-97	
   85	-97	
   86	-97	
   87	-97	
   88	-98	
   89	-98	
   90	-98	
   91	-98	
   92	-97	
   93	-97	
   94	-97	
   95	-97	
   96	-98	
   97	-98	
   98	-98	
   99	-98	
  100	-98	
  101	-98	
  102	-98	
  103	-98	
  104	-98	
  105	-98	
  106	-98	
  107	-99	
  108	-99	
  109	-99	
  110	-98	
  111	-96	
  112	-96	
  113	-95	
  114	-95	
  115	-95	
  116	-94	
  117	-94	
  118	-93	
  119	-93	
  120	-94	
  121	-95	
  122	-96	
  123	-96	
  124	-97	
  125	-97	
  126	-97	
  127	-97	
  128	-98	
  129	-98	
  130	-98	
  131	-98	
  132	-99	
  133	-99	
  134	-99	
  135	-99	
  136	-6	
  137	0	
  138	0	
  139	0	
  140	0	
  141	0	
  142	-1	
  143	0	
  144	0	
