    1	-1	
    2	0	
    3	0	
    4	-1	
    5	-1	
    6	-1	
    7	-1	
    8	-1	
    9	-1	
   10	0	
   11	0	
   12	0	
   13	-1	
   14	-1	
   15	0	
   16	-1	
   17	0	
   18	0	
   19	0	
   20	-64	
   21	-55	
   22	-58	
   23	-56	
   24	-55	
   25	-53	
   26	-52	
   27	-51	
   28	-49	
   29	-49	
   30	-48	
   31	-47	
   32	-47	
   33	0	
   34	-1	
   35	-1	
   36	-1	
   37	-1	
   38	-1	
   39	-1	
   40	-1	
   41	-1	
   42	0	
   43	0	
   44	0	
   45	0	
   46	0	
   47	-1	
   48	0	
   49	-1	
   50	0	
   51	-1	
   52	-33	
   53	-80	
   54	-89	
   55	-95	
   56	-99	
   57	-99	
   58	-99	
   59	-97	
   60	-96	
   61	-96	
   62	-95	
   63	-95	
   64	-95	
   65	-95	
   66	-95	
   67	-95	
   68	-94	
   69	-94	
   70	-94	
   71	-94	
   72	-94	
   73	-94	
   74	-94	
   75	-94	
   76	-94	
   77	-94	
   78	-94	
   79	-94	
   80	-94	
   81	-94	
   82	-94	
   83	-94	
   84	-94	
   85	-94	
   86	-94	
   87	-94	
   88	-94	
   89	-95	
   90	-95	
   91	-94	
   92	-95	
   93	-95	
   94	-95	
   95	-95	
   96	-95	
   97	-95	
   98	-95	
   99	-96	
  100	-95	
  101	-96	
  102	-96	
  103	-96	
  104	-96	
  105	-96	
  106	-96	
  107	-97	
  108	-97	
  109	-96	
  110	-95	
  111	-94	
  112	-94	
  113	-94	
  114	-94	
  115	-93	
  116	-93	
  117	-92	
  118	-92	
  119	-92	
  120	-92	
  121	-94	
  122	-94	
  123	-95	
  124	-95	
  125	-96	
  126	-96	
  127	-96	
  128	-97	
  129	-97	
  130	-97	
  131	-97	
  132	-98	
  133	-98	
  134	-98	
  135	-99	
  136	-99	
  137	-2	
  138	0	
  139	0	
  140	0	
  141	0	
  142	-1	
  143	0	
  144	0	
  145	0	
