    1	-11	
    2	-12	
    3	-12	
    4	-12	
    5	-11	
    6	-11	
    7	-12	
    8	-11	
    9	-12	
   10	-11	
   11	-12	
   12	-12	
   13	-11	
   14	-12	
   15	-11	
   16	-12	
   17	-12	
   18	-11	
   19	-12	
   20	-12	
   21	-12	
   22	898	
   23	1012	
   24	883	
   25	776	
   26	676	
   27	619	
   28	576	
   29	536	
   30	511	
   31	485	
   32	468	
   33	454	
   34	438	
   35	49	
   36	-11	
   37	-12	
   38	-11	
   39	-12	
   40	-11	
   41	-11	
   42	-11	
   43	-12	
   44	-11	
   45	-12	
   46	-12	
   47	-12	
   48	-12	
   49	-12	
   50	-11	
   51	-12	
   52	-12	
   53	722	
   54	970	
   55	1012	
   56	1040	
   57	1053	
   58	1064	
   59	1073	
   60	1077	
   61	1079	
   62	1077	
   63	1074	
   64	1071	
   65	1067	
   66	1062	
   67	1060	
   68	1056	
   69	1056	
   70	1056	
   71	1053	
   72	1051	
   73	1049	
   74	1047	
   75	1047	
   76	1046	
   77	1045	
   78	1045	
   79	1041	
   80	1043	
   81	1042	
   82	1041	
   83	1043	
   84	1042	
   85	1040	
   86	1038	
   87	1039	
   88	1038	
   89	1037	
   90	1038	
   91	1038	
   92	1038	
   93	1038	
   94	1039	
   95	1039	
   96	1039	
   97	1039	
   98	1036	
   99	1036	
  100	1036	
  101	1036	
  102	1037	
  103	1038	
  104	1038	
  105	1039	
  106	1038	
  107	1040	
  108	1041	
  109	1043	
  110	1041	
  111	1045	
  112	1049	
  113	1050	
  114	1053	
  115	1044	
  116	1033	
  117	1032	
  118	1030	
  119	1026	
  120	1026	
  121	1024	
  122	1022	
  123	1021	
  124	1020	
  125	1017	
  126	1015	
  127	1015	
  128	1015	
  129	1013	
  130	1015	
  131	1014	
  132	1015	
  133	1013	
  134	134	
  135	-11	
  136	-11	
  137	-12	
  138	-11	
  139	-12	
  140	-12	
  141	-12	
  142	-12	
