    1	0	
    2	-1	
    3	-1	
    4	-1	
    5	0	
    6	0	
    7	0	
    8	0	
    9	0	
   10	-1	
   11	-1	
   12	0	
   13	0	
   14	-1	
   15	0	
   16	0	
   17	0	
   18	0	
   19	-1	
   20	0	
   21	-1	
   22	-56	
   23	-59	
   24	-62	
   25	-60	
   26	-58	
   27	-57	
   28	-55	
   29	-54	
   30	-53	
   31	-52	
   32	-51	
   33	-50	
   34	-50	
   35	-1	
   36	-1	
   37	-1	
   38	0	
   39	-1	
   40	-1	
   41	0	
   42	-1	
   43	0	
   44	0	
   45	-1	
   46	-1	
   47	-1	
   48	0	
   49	0	
   50	0	
   51	-1	
   52	0	
   53	-36	
   54	-89	
   55	-100	
   56	-101	
   57	-103	
   58	-103	
   59	-103	
   60	-102	
   61	-100	
   62	-100	
   63	-99	
   64	-99	
   65	-99	
   66	-98	
   67	-98	
   68	-97	
   69	-98	
   70	-98	
   71	-97	
   72	-97	
   73	-97	
   74	-97	
   75	-97	
   76	-97	
   77	-97	
   78	-97	
   79	-97	
   80	-97	
   81	-97	
   82	-97	
   83	-97	
   84	-98	
   85	-98	
   86	-98	
   87	-97	
   88	-97	
   89	-97	
   90	-97	
   91	-98	
   92	-98	
   93	-98	
   94	-98	
   95	-98	
   96	-98	
   97	-98	
   98	-98	
   99	-98	
  100	-98	
  101	-98	
  102	-98	
  103	-99	
  104	-99	
  105	-99	
  106	-99	
  107	-99	
  108	-99	
  109	-96	
  110	-95	
  111	-94	
  112	-94	
  113	-93	
  114	-93	
  115	-92	
  116	-91	
  117	-91	
  118	-92	
  119	-93	
  120	-94	
  121	-94	
  122	-95	
  123	-96	
  124	-96	
  125	-96	
  126	-96	
  127	-96	
  128	-97	
  129	-97	
  130	-97	
  131	-98	
  132	-98	
  133	-98	
  134	-6	
  135	-1	
  136	0	
  137	0	
  138	0	
  139	0	
  140	0	
  141	-1	
  142	-1	
