    1	-11	
    2	-11	
    3	-11	
    4	-11	
    5	-11	
    6	-11	
    7	-11	
    8	-11	
    9	-11	
   10	-11	
   11	-11	
   12	-12	
   13	-12	
   14	-12	
   15	-11	
   16	-11	
   17	-12	
   18	-11	
   19	836	
   20	980	
   21	956	
   22	815	
   23	728	
   24	647	
   25	600	
   26	563	
   27	528	
   28	505	
   29	482	
   30	466	
   31	453	
   32	439	
   33	-11	
   34	-11	
   35	-12	
   36	-11	
   37	-12	
   38	-11	
   39	-11	
   40	-11	
   41	-11	
   42	-11	
   43	-11	
   44	-11	
   45	-11	
   46	-11	
   47	-11	
   48	-11	
   49	680	
   50	838	
   51	952	
   52	1028	
   53	1044	
   54	1058	
   55	1068	
   56	1074	
   57	1077	
   58	1076	
   59	1073	
   60	1069	
   61	1065	
   62	1062	
   63	1059	
   64	1056	
   65	1053	
   66	1050	
   67	1049	
   68	1046	
   69	1046	
   70	1044	
   71	1042	
   72	1042	
   73	1041	
   74	1040	
   75	1039	
   76	1039	
   77	1039	
   78	1038	
   79	1039	
   80	1038	
   81	1038	
   82	1037	
   83	1038	
   84	1037	
   85	1039	
   86	1038	
   87	1039	
   88	1041	
   89	1041	
   90	1042	
   91	1038	
   92	1039	
   93	1039	
   94	1039	
   95	1039	
   96	1039	
   97	1039	
   98	1039	
   99	1039	
  100	1041	
  101	1040	
  102	1040	
  103	1041	
  104	1042	
  105	1042	
  106	1043	
  107	1049	
  108	1047	
  109	1052	
  110	1055	
  111	1058	
  112	1060	
  113	1060	
  114	1042	
  115	1040	
  116	1039	
  117	1036	
  118	1033	
  119	1030	
  120	1028	
  121	1027	
  122	1025	
  123	1025	
  124	1026	
  125	1025	
  126	1024	
  127	1024	
  128	1023	
  129	1023	
  130	1022	
  131	1022	
  132	1022	
  133	1022	
  134	136	
  135	-11	
  136	-11	
  137	-12	
  138	-12	
  139	-11	
  140	-12	
  141	-12	
  142	-12	
