    1	0	
    2	1	
    3	1	
    4	0	
    5	0	
    6	1	
    7	0	
    8	0	
    9	0	
   10	1	
   11	0	
   12	0	
   13	0	
   14	0	
   15	0	
   16	1	
   17	0	
   18	0	
   19	0	
   20	0	
   21	2047	
   22	2047	
   23	2047	
   24	2047	
   25	2047	
   26	2047	
   27	2047	
   28	2047	
   29	2047	
   30	2047	
   31	2047	
   32	2047	
   33	2047	
   34	303	
   35	1	
   36	1	
   37	1	
   38	1	
   39	0	
   40	0	
   41	0	
   42	0	
   43	1	
   44	0	
   45	0	
   46	0	
   47	0	
   48	0	
   49	0	
   50	0	
   51	0	
   52	0	
   53	0	
   54	1085	
   55	1260	
   56	1263	
   57	1265	
   58	1272	
   59	1282	
   60	1284	
   61	1289	
   62	1292	
   63	1296	
   64	1299	
   65	1300	
   66	1305	
   67	1308	
   68	1310	
   69	1313	
   70	1314	
   71	1316	
   72	1317	
   73	1320	
   74	1321	
   75	1321	
   76	1324	
   77	1328	
   78	1330	
   79	1332	
   80	1332	
   81	1334	
   82	1336	
   83	1336	
   84	1338	
   85	1340	
   86	1342	
   87	1344	
   88	1345	
   89	1346	
   90	1348	
   91	1347	
   92	1347	
   93	1344	
   94	1345	
   95	1349	
   96	1351	
   97	1352	
   98	1352	
   99	1353	
  100	1354	
  101	1354	
  102	1354	
  103	1354	
  104	1353	
  105	1354	
  106	1353	
  107	1353	
  108	1352	
  109	1348	
  110	1330	
  111	1300	
  112	1284	
  113	1264	
  114	1252	
  115	1237	
  116	1226	
  117	1211	
  118	1189	
  119	1181	
  120	1176	
  121	1176	
  122	1176	
  123	1176	
  124	1177	
  125	1176	
  126	1177	
  127	1173	
  128	1173	
  129	1173	
  130	1172	
  131	1172	
  132	1172	
  133	1173	
  134	1172	
  135	1172	
  136	172	
  137	1	
  138	1	
  139	0	
  140	1	
  141	1	
  142	1	
  143	0	
  144	0	
