    1	-1	
    2	-1	
    3	-1	
    4	-1	
    5	-1	
    6	-1	
    7	0	
    8	0	
    9	0	
   10	-1	
   11	-1	
   12	-1	
   13	-1	
   14	-1	
   15	-1	
   16	-1	
   17	-1	
   18	-1	
   19	-105	
   20	-85	
   21	-68	
   22	-63	
   23	-58	
   24	-56	
   25	-54	
   26	-53	
   27	-52	
   28	-51	
   29	-51	
   30	-50	
   31	-49	
   32	-49	
   33	0	
   34	0	
   35	-1	
   36	-1	
   37	0	
   38	-1	
   39	0	
   40	-1	
   41	-1	
   42	0	
   43	0	
   44	0	
   45	0	
   46	-1	
   47	0	
   48	-1	
   49	0	
   50	-67	
   51	-92	
   52	-94	
   53	-96	
   54	-96	
   55	-97	
   56	-98	
   57	-98	
   58	-99	
   59	-99	
   60	-99	
   61	-99	
   62	-100	
   63	-100	
   64	-101	
   65	-101	
   66	-101	
   67	-101	
   68	-102	
   69	-102	
   70	-102	
   71	-103	
   72	-103	
   73	-103	
   74	-104	
   75	-104	
   76	-104	
   77	-103	
   78	-104	
   79	-104	
   80	-103	
   81	-103	
   82	-104	
   83	-104	
   84	-104	
   85	-104	
   86	-104	
   87	-104	
   88	-104	
   89	-104	
   90	-104	
   91	-103	
   92	-102	
   93	-102	
   94	-102	
   95	-102	
   96	-102	
   97	-102	
   98	-102	
   99	-102	
  100	-103	
  101	-103	
  102	-103	
  103	-103	
  104	-103	
  105	-103	
  106	-103	
  107	-103	
  108	-102	
  109	-103	
  110	-103	
  111	-103	
  112	-103	
  113	-103	
  114	-103	
  115	-103	
  116	-104	
  117	-103	
  118	-103	
  119	-103	
  120	-103	
  121	-104	
  122	-104	
  123	-104	
  124	-104	
  125	-103	
  126	-104	
  127	-104	
  128	-104	
  129	-104	
  130	-104	
  131	-104	
  132	-103	
  133	-104	
  134	-104	
  135	-2	
  136	-1	
  137	-1	
  138	-1	
  139	-1	
  140	0	
  141	-1	
  142	-1	
  143	0	
