    1	-1	
    2	-1	
    3	0	
    4	-1	
    5	0	
    6	0	
    7	0	
    8	0	
    9	0	
   10	0	
   11	0	
   12	0	
   13	0	
   14	0	
   15	-89	
   16	-89	
   17	-64	
   18	-58	
   19	-53	
   20	-51	
   21	-50	
   22	-48	
   23	-47	
   24	-48	
   25	-46	
   26	-46	
   27	-45	
   28	0	
   29	0	
   30	0	
   31	0	
   32	-1	
   33	0	
   34	0	
   35	0	
   36	-1	
   37	-1	
   38	0	
   39	0	
   40	-1	
   41	-1	
   42	0	
   43	-1	
   44	-63	
   45	-87	
   46	-96	
   47	-97	
   48	-99	
   49	-100	
   50	-101	
   51	-102	
   52	-102	
   53	-103	
   54	-103	
   55	-103	
   56	-103	
   57	-103	
   58	-103	
   59	-104	
   60	-104	
   61	-104	
   62	-104	
   63	-104	
   64	-105	
   65	-104	
   66	-104	
   67	-104	
   68	-104	
   69	-105	
   70	-104	
   71	-104	
   72	-105	
   73	-105	
   74	-105	
   75	-105	
   76	-105	
   77	-106	
   78	-105	
   79	-105	
   80	-105	
   81	-105	
   82	-105	
   83	-106	
   84	-106	
   85	-106	
   86	-106	
   87	-106	
   88	-106	
   89	-106	
   90	-106	
   91	-106	
   92	-106	
   93	-106	
   94	-106	
   95	-106	
   96	-106	
   97	-106	
   98	-106	
   99	-106	
  100	-106	
  101	-106	
  102	-106	
  103	-106	
  104	-106	
  105	-106	
  106	-106	
  107	-107	
  108	-106	
  109	-106	
  110	-106	
  111	-106	
  112	-106	
  113	-107	
  114	-107	
  115	-107	
  116	-107	
  117	-106	
  118	-107	
  119	-107	
  120	-107	
  121	-106	
  122	-107	
  123	-107	
  124	-107	
  125	-107	
  126	-107	
  127	-107	
  128	-107	
  129	-1	
  130	0	
  131	-1	
  132	0	
  133	-1	
  134	-1	
  135	-2	
  136	-1	
  137	-1	
