    1	-11	
    2	-11	
    3	-12	
    4	-11	
    5	-12	
    6	-11	
    7	-12	
    8	-11	
    9	-11	
   10	-12	
   11	-12	
   12	-12	
   13	-12	
   14	-12	
   15	-12	
   16	-12	
   17	-12	
   18	-12	
   19	-12	
   20	819	
   21	963	
   22	885	
   23	802	
   24	752	
   25	716	
   26	682	
   27	663	
   28	645	
   29	634	
   30	626	
   31	617	
   32	611	
   33	75	
   34	-11	
   35	-11	
   36	-11	
   37	-11	
   38	-11	
   39	-12	
   40	-11	
   41	-12	
   42	-11	
   43	-12	
   44	-11	
   45	-11	
   46	-12	
   47	-12	
   48	-12	
   49	-12	
   50	663	
   51	857	
   52	876	
   53	877	
   54	878	
   55	878	
   56	877	
   57	880	
   58	879	
   59	876	
   60	875	
   61	870	
   62	872	
   63	873	
   64	873	
   65	871	
   66	875	
   67	873	
   68	873	
   69	876	
   70	877	
   71	879	
   72	874	
   73	875	
   74	877	
   75	878	
   76	878	
   77	878	
   78	880	
   79	879	
   80	880	
   81	880	
   82	880	
   83	880	
   84	881	
   85	881	
   86	885	
   87	883	
   88	882	
   89	882	
   90	881	
   91	881	
   92	880	
   93	881	
   94	881	
   95	883	
   96	883	
   97	880	
   98	880	
   99	880	
  100	881	
  101	881	
  102	883	
  103	883	
  104	882	
  105	881	
  106	883	
  107	882	
  108	884	
  109	885	
  110	882	
  111	883	
  112	881	
  113	881	
  114	883	
  115	883	
  116	884	
  117	883	
  118	882	
  119	881	
  120	880	
  121	881	
  122	881	
  123	882	
  124	882	
  125	883	
  126	882	
  127	883	
  128	884	
  129	884	
  130	882	
  131	883	
  132	884	
  133	882	
  134	883	
  135	4	
  136	-11	
  137	-11	
  138	-11	
  139	-12	
  140	-11	
  141	-11	
  142	-11	
  143	-12	
