    1	2	
    2	2	
    3	1	
    4	2	
    5	1	
    6	2	
    7	2	
    8	2	
    9	2	
   10	1	
   11	1	
   12	1	
   13	1	
   14	1	
   15	1	
   16	1	
   17	1	
   18	1	
   19	2047	
   20	2047	
   21	2047	
   22	2047	
   23	2047	
   24	2047	
   25	2047	
   26	2047	
   27	2047	
   28	2047	
   29	2047	
   30	2047	
   31	2047	
   32	352	
   33	3	
   34	2	
   35	2	
   36	2	
   37	2	
   38	2	
   39	2	
   40	2	
   41	2	
   42	2	
   43	1	
   44	1	
   45	1	
   46	1	
   47	2	
   48	1	
   49	908	
   50	1065	
   51	1083	
   52	1084	
   53	1085	
   54	1086	
   55	1086	
   56	1089	
   57	1091	
   58	1092	
   59	1092	
   60	1092	
   61	1092	
   62	1090	
   63	1090	
   64	1092	
   65	1096	
   66	1102	
   67	1102	
   68	1101	
   69	1102	
   70	1100	
   71	1102	
   72	1102	
   73	1098	
   74	1100	
   75	1100	
   76	1101	
   77	1103	
   78	1103	
   79	1100	
   80	1101	
   81	1101	
   82	1100	
   83	1102	
   84	1101	
   85	1102	
   86	1102	
   87	1099	
   88	1101	
   89	1103	
   90	1104	
   91	1106	
   92	1105	
   93	1104	
   94	1104	
   95	1104	
   96	1105	
   97	1104	
   98	1106	
   99	1104	
  100	1105	
  101	1104	
  102	1104	
  103	1105	
  104	1105	
  105	1106	
  106	1107	
  107	1107	
  108	1107	
  109	1109	
  110	1108	
  111	1109	
  112	1108	
  113	1108	
  114	1109	
  115	1109	
  116	1109	
  117	1108	
  118	1106	
  119	1106	
  120	1106	
  121	1105	
  122	1104	
  123	1103	
  124	1103	
  125	1105	
  126	1107	
  127	1105	
  128	1105	
  129	1106	
  130	1106	
  131	1106	
  132	20	
  133	2	
  134	2	
  135	2	
  136	1	
  137	1	
  138	2	
  139	2	
  140	2	
