    1	2	
    2	2	
    3	2	
    4	2	
    5	2	
    6	2	
    7	2	
    8	2	
    9	2	
   10	2	
   11	2	
   12	2	
   13	1	
   14	2	
   15	2	
   16	1	
   17	2	
   18	2	
   19	2	
   20	1	
   21	2047	
   22	2047	
   23	2047	
   24	2047	
   25	2047	
   26	2047	
   27	2047	
   28	2047	
   29	2047	
   30	2047	
   31	2047	
   32	2047	
   33	44	
   34	2	
   35	2	
   36	2	
   37	2	
   38	2	
   39	2	
   40	2	
   41	2	
   42	2	
   43	2	
   44	1	
   45	2	
   46	1	
   47	1	
   48	1	
   49	529	
   50	922	
   51	1059	
   52	1065	
   53	1068	
   54	1070	
   55	1069	
   56	1068	
   57	1069	
   58	1071	
   59	1072	
   60	1073	
   61	1078	
   62	1077	
   63	1079	
   64	1081	
   65	1080	
   66	1079	
   67	1080	
   68	1080	
   69	1080	
   70	1080	
   71	1081	
   72	1078	
   73	1082	
   74	1082	
   75	1083	
   76	1082	
   77	1080	
   78	1079	
   79	1079	
   80	1080	
   81	1081	
   82	1084	
   83	1084	
   84	1084	
   85	1082	
   86	1080	
   87	1080	
   88	1081	
   89	1082	
   90	1082	
   91	1083	
   92	1084	
   93	1081	
   94	1081	
   95	1082	
   96	1082	
   97	1083	
   98	1084	
   99	1082	
  100	1084	
  101	1084	
  102	1085	
  103	1085	
  104	1084	
  105	1084	
  106	1086	
  107	1085	
  108	1082	
  109	1082	
  110	1082	
  111	1084	
  112	1083	
  113	1084	
  114	1080	
  115	1083	
  116	1081	
  117	1082	
  118	1081	
  119	1081	
  120	1082	
  121	1084	
  122	1084	
  123	1084	
  124	1085	
  125	1085	
  126	1084	
  127	1083	
  128	1083	
  129	1083	
  130	1084	
  131	1083	
  132	1084	
  133	1085	
  134	165	
  135	2	
  136	2	
  137	2	
  138	2	
  139	2	
  140	2	
  141	2	
  142	2	
