    1	-1	
    2	-1	
    3	-1	
    4	0	
    5	0	
    6	0	
    7	0	
    8	0	
    9	0	
   10	0	
   11	0	
   12	0	
   13	0	
   14	0	
   15	0	
   16	-1	
   17	-1	
   18	0	
   19	0	
   20	-60	
   21	-44	
   22	-35	
   23	-30	
   24	-28	
   25	-27	
   26	-26	
   27	-25	
   28	-24	
   29	-24	
   30	-23	
   31	-23	
   32	-23	
   33	-1	
   34	-1	
   35	-1	
   36	0	
   37	-1	
   38	-1	
   39	-1	
   40	-1	
   41	-1	
   42	-1	
   43	-1	
   44	0	
   45	0	
   46	0	
   47	0	
   48	0	
   49	-1	
   50	-36	
   51	-74	
   52	-79	
   53	-81	
   54	-81	
   55	-85	
   56	-84	
   57	-84	
   58	-85	
   59	-86	
   60	-86	
   61	-86	
   62	-87	
   63	-87	
   64	-87	
   65	-87	
   66	-87	
   67	-87	
   68	-87	
   69	-88	
   70	-88	
   71	-88	
   72	-88	
   73	-88	
   74	-88	
   75	-88	
   76	-88	
   77	-88	
   78	-88	
   79	-88	
   80	-88	
   81	-88	
   82	-88	
   83	-88	
   84	-88	
   85	-88	
   86	-88	
   87	-89	
   88	-89	
   89	-89	
   90	-89	
   91	-89	
   92	-89	
   93	-89	
   94	-89	
   95	-89	
   96	-89	
   97	-89	
   98	-88	
   99	-88	
  100	-88	
  101	-88	
  102	-89	
  103	-89	
  104	-89	
  105	-89	
  106	-89	
  107	-89	
  108	-89	
  109	-89	
  110	-90	
  111	-90	
  112	-90	
  113	-90	
  114	-89	
  115	-89	
  116	-89	
  117	-90	
  118	-90	
  119	-90	
  120	-90	
  121	-90	
  122	-90	
  123	-90	
  124	-90	
  125	-90	
  126	-90	
  127	-90	
  128	-90	
  129	-90	
  130	-90	
  131	-90	
  132	-90	
  133	-90	
  134	-90	
  135	-1	
  136	-1	
  137	-1	
  138	-1	
  139	0	
  140	0	
  141	0	
  142	0	
  143	0	
