    1	-1	
    2	-1	
    3	0	
    4	0	
    5	0	
    6	-1	
    7	-1	
    8	-1	
    9	-1	
   10	-1	
   11	-1	
   12	-1	
   13	-1	
   14	-1	
   15	-1	
   16	-1	
   17	0	
   18	0	
   19	-85	
   20	-52	
   21	-36	
   22	-30	
   23	-27	
   24	-25	
   25	-24	
   26	-23	
   27	-22	
   28	-22	
   29	-21	
   30	-21	
   31	-21	
   32	1	
   33	0	
   34	-1	
   35	0	
   36	-1	
   37	-1	
   38	-1	
   39	-1	
   40	0	
   41	-1	
   42	-1	
   43	-1	
   44	-1	
   45	0	
   46	-1	
   47	0	
   48	-1	
   49	-35	
   50	-72	
   51	-77	
   52	-79	
   53	-80	
   54	-80	
   55	-80	
   56	-81	
   57	-81	
   58	-81	
   59	-82	
   60	-82	
   61	-83	
   62	-84	
   63	-83	
   64	-84	
   65	-84	
   66	-84	
   67	-84	
   68	-84	
   69	-84	
   70	-84	
   71	-84	
   72	-84	
   73	-84	
   74	-84	
   75	-84	
   76	-84	
   77	-84	
   78	-84	
   79	-84	
   80	-84	
   81	-85	
   82	-85	
   83	-85	
   84	-85	
   85	-85	
   86	-85	
   87	-85	
   88	-85	
   89	-85	
   90	-84	
   91	-83	
   92	-87	
   93	-87	
   94	-87	
   95	-87	
   96	-87	
   97	-87	
   98	-87	
   99	-87	
  100	-87	
  101	-87	
  102	-87	
  103	-87	
  104	-87	
  105	-87	
  106	-87	
  107	-87	
  108	-87	
  109	-87	
  110	-87	
  111	-87	
  112	-88	
  113	-87	
  114	-88	
  115	-88	
  116	-87	
  117	-87	
  118	-87	
  119	-87	
  120	-87	
  121	-87	
  122	-87	
  123	-87	
  124	-87	
  125	-88	
  126	-88	
  127	-88	
  128	-88	
  129	-88	
  130	-88	
  131	-88	
  132	-88	
  133	-88	
  134	-1	
  135	0	
  136	0	
  137	-1	
  138	0	
  139	0	
  140	-1	
  141	-1	
  142	-1	
