    1	-11	
    2	-11	
    3	-11	
    4	-11	
    5	-11	
    6	-11	
    7	-11	
    8	-11	
    9	-11	
   10	-11	
   11	-11	
   12	-11	
   13	-11	
   14	-11	
   15	-11	
   16	-11	
   17	-11	
   18	-11	
   19	-11	
   20	-11	
   21	897	
   22	1120	
   23	1018	
   24	893	
   25	810	
   26	732	
   27	686	
   28	651	
   29	617	
   30	595	
   31	574	
   32	560	
   33	548	
   34	66	
   35	-11	
   36	-11	
   37	-11	
   38	-11	
   39	-11	
   40	-11	
   41	-11	
   42	-11	
   43	-11	
   44	-11	
   45	-11	
   46	-11	
   47	-11	
   48	-11	
   49	-11	
   50	-11	
   51	-11	
   52	718	
   53	806	
   54	814	
   55	814	
   56	814	
   57	816	
   58	817	
   59	819	
   60	830	
   61	832	
   62	833	
   63	834	
   64	837	
   65	839	
   66	839	
   67	840	
   68	842	
   69	841	
   70	843	
   71	843	
   72	842	
   73	839	
   74	839	
   75	840	
   76	843	
   77	843	
   78	842	
   79	843	
   80	841	
   81	837	
   82	834	
   83	835	
   84	835	
   85	836	
   86	835	
   87	837	
   88	836	
   89	838	
   90	839	
   91	842	
   92	841	
   93	840	
   94	840	
   95	841	
   96	838	
   97	839	
   98	841	
   99	841	
  100	842	
  101	841	
  102	843	
  103	844	
  104	844	
  105	843	
  106	844	
  107	844	
  108	844	
  109	844	
  110	845	
  111	845	
  112	844	
  113	842	
  114	842	
  115	841	
  116	841	
  117	840	
  118	840	
  119	842	
  120	841	
  121	842	
  122	842	
  123	844	
  124	844	
  125	844	
  126	844	
  127	845	
  128	844	
  129	845	
  130	846	
  131	846	
  132	846	
  133	844	
  134	844	
  135	845	
  136	844	
  137	3	
  138	-11	
  139	-11	
  140	-11	
  141	-11	
  142	-11	
  143	-11	
  144	-11	
  145	-11	
