    1	-2	
    2	-1	
    3	0	
    4	-1	
    5	-1	
    6	-1	
    7	-1	
    8	-1	
    9	-1	
   10	-1	
   11	0	
   12	0	
   13	-1	
   14	-1	
   15	-1	
   16	-1	
   17	-1	
   18	0	
   19	-1	
   20	-1	
   21	-1	
   22	-1	
   23	-1	
   24	-96	
   25	-63	
   26	-38	
   27	-32	
   28	-28	
   29	-26	
   30	-25	
   31	-24	
   32	-23	
   33	-23	
   34	-22	
   35	-22	
   36	-21	
   37	-21	
   38	-1	
   39	0	
   40	-1	
   41	-1	
   42	-1	
   43	-1	
   44	-1	
   45	-1	
   46	-1	
   47	-1	
   48	-1	
   49	-1	
   50	0	
   51	-1	
   52	-1	
   53	-1	
   54	-1	
   55	-1	
   56	-29	
   57	-93	
   58	-110	
   59	-112	
   60	-113	
   61	-114	
   62	-115	
   63	-116	
   64	-116	
   65	-117	
   66	-117	
   67	-117	
   68	-117	
   69	-118	
   70	-118	
   71	-119	
   72	-119	
   73	-119	
   74	-125	
   75	-125	
   76	-124	
   77	-124	
   78	-125	
   79	-125	
   80	-125	
   81	-125	
   82	-125	
   83	-126	
   84	-126	
   85	-126	
   86	-126	
   87	-126	
   88	-127	
   89	-127	
   90	-127	
   91	-127	
   92	-128	
   93	-127	
   94	-127	
   95	-127	
   96	-127	
   97	-127	
   98	-127	
   99	-127	
  100	-127	
  101	-127	
  102	-127	
  103	-127	
  104	-127	
  105	-127	
  106	-127	
  107	-127	
  108	-127	
  109	-127	
  110	-127	
  111	-127	
  112	-127	
  113	-127	
  114	-127	
  115	-127	
  116	-127	
  117	-127	
  118	-127	
  119	-127	
  120	-127	
  121	-126	
  122	-126	
  123	-126	
  124	-122	
  125	-120	
  126	-120	
  127	-120	
  128	-119	
  129	-116	
  130	-115	
  131	-114	
  132	-113	
  133	-113	
  134	-113	
  135	-113	
  136	-113	
  137	-113	
  138	-113	
  139	-113	
  140	-113	
  141	-113	
  142	0	
  143	-1	
  144	0	
  145	-1	
  146	0	
  147	0	
  148	0	
  149	0	
