    1	-11	
    2	-11	
    3	-12	
    4	-11	
    5	-11	
    6	-11	
    7	-11	
    8	-11	
    9	-11	
   10	-11	
   11	-12	
   12	-11	
   13	-12	
   14	-12	
   15	-11	
   16	-12	
   17	-11	
   18	-11	
   19	-11	
   20	-11	
   21	1061	
   22	1344	
   23	1272	
   24	1140	
   25	1066	
   26	1003	
   27	969	
   28	946	
   29	923	
   30	907	
   31	891	
   32	879	
   33	870	
   34	111	
   35	-11	
   36	-11	
   37	-11	
   38	-11	
   39	-11	
   40	-11	
   41	-11	
   42	-11	
   43	-11	
   44	-11	
   45	-11	
   46	-12	
   47	-12	
   48	-12	
   49	-11	
   50	-12	
   51	-12	
   52	-11	
   53	-12	
   54	388	
   55	749	
   56	943	
   57	944	
   58	947	
   59	949	
   60	949	
   61	951	
   62	950	
   63	951	
   64	950	
   65	950	
   66	949	
   67	950	
   68	948	
   69	948	
   70	949	
   71	949	
   72	948	
   73	947	
   74	952	
   75	952	
   76	950	
   77	949	
   78	948	
   79	951	
   80	949	
   81	948	
   82	949	
   83	949	
   84	948	
   85	948	
   86	949	
   87	949	
   88	950	
   89	948	
   90	948	
   91	948	
   92	946	
   93	944	
   94	947	
   95	947	
   96	949	
   97	950	
   98	949	
   99	948	
  100	948	
  101	949	
  102	949	
  103	950	
  104	948	
  105	948	
  106	948	
  107	948	
  108	949	
  109	948	
  110	948	
  111	948	
  112	948	
  113	948	
  114	948	
  115	948	
  116	948	
  117	948	
  118	948	
  119	948	
  120	948	
  121	948	
  122	949	
  123	948	
  124	948	
  125	949	
  126	949	
  127	949	
  128	949	
  129	948	
  130	947	
  131	948	
  132	948	
  133	949	
  134	949	
  135	949	
  136	949	
  137	949	
  138	949	
  139	949	
  140	-9	
  141	-11	
  142	-11	
  143	-11	
  144	-11	
  145	-12	
  146	-12	
  147	-12	
  148	-11	
