    1	1	
    2	1	
    3	1	
    4	1	
    5	1	
    6	1	
    7	1	
    8	1	
    9	1	
   10	1	
   11	1	
   12	1	
   13	1	
   14	1	
   15	1	
   16	1	
   17	1	
   18	1	
   19	1	
   20	2047	
   21	2047	
   22	2047	
   23	2047	
   24	2047	
   25	2047	
   26	2047	
   27	2047	
   28	2047	
   29	2047	
   30	2047	
   31	2047	
   32	2047	
   33	380	
   34	2	
   35	1	
   36	1	
   37	1	
   38	1	
   39	1	
   40	1	
   41	1	
   42	1	
   43	1	
   44	1	
   45	1	
   46	1	
   47	1	
   48	1	
   49	1	
   50	1	
   51	928	
   52	1100	
   53	1125	
   54	1125	
   55	1127	
   56	1130	
   57	1129	
   58	1130	
   59	1130	
   60	1132	
   61	1132	
   62	1132	
   63	1131	
   64	1133	
   65	1133	
   66	1134	
   67	1136	
   68	1137	
   69	1135	
   70	1134	
   71	1136	
   72	1135	
   73	1136	
   74	1135	
   75	1136	
   76	1134	
   77	1133	
   78	1136	
   79	1135	
   80	1135	
   81	1134	
   82	1136	
   83	1138	
   84	1138	
   85	1138	
   86	1137	
   87	1137	
   88	1137	
   89	1139	
   90	1138	
   91	1140	
   92	1141	
   93	1141	
   94	1143	
   95	1143	
   96	1144	
   97	1145	
   98	1145	
   99	1146	
  100	1148	
  101	1148	
  102	1149	
  103	1150	
  104	1148	
  105	1148	
  106	1149	
  107	1149	
  108	1149	
  109	1150	
  110	1149	
  111	1149	
  112	1149	
  113	1149	
  114	1150	
  115	1151	
  116	1151	
  117	1153	
  118	1154	
  119	1154	
  120	1154	
  121	1154	
  122	1154	
  123	1155	
  124	1155	
  125	1156	
  126	1156	
  127	1156	
  128	1155	
  129	1154	
  130	1154	
  131	1154	
  132	1155	
  133	1156	
  134	1157	
  135	1157	
  136	20	
  137	1	
  138	1	
  139	1	
  140	1	
  141	1	
  142	1	
  143	1	
  144	1	
