    1	-11	
    2	-11	
    3	-12	
    4	-11	
    5	-11	
    6	-11	
    7	-11	
    8	-11	
    9	-11	
   10	-11	
   11	-11	
   12	-11	
   13	-11	
   14	-12	
   15	-11	
   16	-12	
   17	-11	
   18	-11	
   19	-11	
   20	-11	
   21	-12	
   22	-11	
   23	407	
   24	910	
   25	919	
   26	728	
   27	630	
   28	557	
   29	519	
   30	492	
   31	467	
   32	451	
   33	435	
   34	425	
   35	416	
   36	407	
   37	-5	
   38	-11	
   39	-11	
   40	-11	
   41	-11	
   42	-11	
   43	-11	
   44	-11	
   45	-11	
   46	-11	
   47	-12	
   48	-12	
   49	-12	
   50	-11	
   51	-12	
   52	-12	
   53	-11	
   54	396	
   55	673	
   56	920	
   57	956	
   58	984	
   59	997	
   60	1010	
   61	1020	
   62	1025	
   63	1025	
   64	1025	
   65	1024	
   66	1018	
   67	1016	
   68	1014	
   69	1015	
   70	1014	
   71	1008	
   72	1009	
   73	1009	
   74	1010	
   75	1007	
   76	1004	
   77	1004	
   78	1002	
   79	1005	
   80	1005	
   81	1004	
   82	1005	
   83	1004	
   84	1005	
   85	1004	
   86	1004	
   87	1006	
   88	1007	
   89	1010	
   90	1013	
   91	1014	
   92	1014	
   93	1015	
   94	1016	
   95	1016	
   96	1017	
   97	1020	
   98	1020	
   99	1020	
  100	1020	
  101	1020	
  102	1021	
  103	1022	
  104	1021	
  105	1020	
  106	1020	
  107	1021	
  108	1023	
  109	1023	
  110	1023	
  111	1025	
  112	1026	
  113	1028	
  114	1026	
  115	1026	
  116	1028	
  117	1030	
  118	1029	
  119	1032	
  120	1032	
  121	1031	
  122	1028	
  123	1020	
  124	1023	
  125	1032	
  126	1037	
  127	1044	
  128	1048	
  129	1049	
  130	1046	
  131	1043	
  132	1041	
  133	1038	
  134	1034	
  135	1030	
  136	1028	
  137	1026	
  138	1024	
  139	1022	
  140	-9	
  141	-11	
  142	-11	
  143	-12	
  144	-12	
  145	-11	
  146	-12	
  147	-11	
  148	-11	
