    1	0	
    2	-1	
    3	0	
    4	0	
    5	0	
    6	0	
    7	0	
    8	0	
    9	0	
   10	0	
   11	-1	
   12	0	
   13	0	
   14	0	
   15	-1	
   16	-1	
   17	0	
   18	-1	
   19	-1	
   20	-1	
   21	-71	
   22	-53	
   23	-36	
   24	-29	
   25	-27	
   26	-25	
   27	-24	
   28	-24	
   29	-23	
   30	-22	
   31	-22	
   32	-21	
   33	-21	
   34	1	
   35	-1	
   36	0	
   37	-1	
   38	-1	
   39	-1	
   40	-1	
   41	0	
   42	-1	
   43	-1	
   44	-1	
   45	-1	
   46	-1	
   47	0	
   48	0	
   49	-1	
   50	-1	
   51	0	
   52	-1	
   53	-1	
   54	27	
   55	-67	
   56	-96	
   57	-98	
   58	-99	
   59	-100	
   60	-100	
   61	-101	
   62	-101	
   63	-102	
   64	-102	
   65	-102	
   66	-102	
   67	-102	
   68	-103	
   69	-103	
   70	-103	
   71	-103	
   72	-103	
   73	-103	
   74	-104	
   75	-104	
   76	-104	
   77	-104	
   78	-104	
   79	-104	
   80	-104	
   81	-104	
   82	-104	
   83	-105	
   84	-104	
   85	-104	
   86	-104	
   87	-105	
   88	-105	
   89	-104	
   90	-104	
   91	-104	
   92	-104	
   93	-104	
   94	-105	
   95	-104	
   96	-105	
   97	-105	
   98	-105	
   99	-105	
  100	-105	
  101	-105	
  102	-105	
  103	-106	
  104	-105	
  105	-105	
  106	-105	
  107	-105	
  108	-106	
  109	-105	
  110	-105	
  111	-105	
  112	-105	
  113	-106	
  114	-105	
  115	-105	
  116	-105	
  117	-105	
  118	-106	
  119	-106	
  120	-106	
  121	-106	
  122	-106	
  123	-106	
  124	-106	
  125	-106	
  126	-106	
  127	-106	
  128	-106	
  129	-106	
  130	-106	
  131	-106	
  132	-106	
  133	-106	
  134	-106	
  135	-106	
  136	-106	
  137	-106	
  138	-106	
  139	-106	
  140	0	
  141	-1	
  142	-1	
  143	-1	
  144	-1	
  145	-1	
  146	0	
  147	0	
  148	-1	
