    1	1	
    2	1	
    3	1	
    4	1	
    5	1	
    6	1	
    7	1	
    8	1	
    9	1	
   10	1	
   11	1	
   12	1	
   13	1	
   14	1	
   15	1	
   16	1	
   17	1	
   18	1	
   19	1	
   20	1	
   21	2047	
   22	2047	
   23	2047	
   24	2047	
   25	2047	
   26	2047	
   27	2047	
   28	2047	
   29	2047	
   30	2047	
   31	2047	
   32	2047	
   33	2047	
   34	455	
   35	2	
   36	1	
   37	1	
   38	1	
   39	1	
   40	1	
   41	1	
   42	1	
   43	1	
   44	1	
   45	1	
   46	1	
   47	1	
   48	1	
   49	1	
   50	1	
   51	1	
   52	1	
   53	1	
   54	540	
   55	953	
   56	1125	
   57	1127	
   58	1130	
   59	1132	
   60	1133	
   61	1135	
   62	1135	
   63	1136	
   64	1137	
   65	1137	
   66	1137	
   67	1138	
   68	1137	
   69	1137	
   70	1139	
   71	1140	
   72	1139	
   73	1138	
   74	1143	
   75	1144	
   76	1143	
   77	1142	
   78	1142	
   79	1145	
   80	1142	
   81	1143	
   82	1144	
   83	1144	
   84	1143	
   85	1144	
   86	1145	
   87	1145	
   88	1146	
   89	1144	
   90	1144	
   91	1144	
   92	1144	
   93	1141	
   94	1144	
   95	1145	
   96	1147	
   97	1148	
   98	1148	
   99	1146	
  100	1147	
  101	1147	
  102	1148	
  103	1148	
  104	1147	
  105	1147	
  106	1148	
  107	1148	
  108	1148	
  109	1147	
  110	1148	
  111	1147	
  112	1147	
  113	1148	
  114	1148	
  115	1148	
  116	1147	
  117	1147	
  118	1148	
  119	1148	
  120	1148	
  121	1148	
  122	1149	
  123	1149	
  124	1148	
  125	1149	
  126	1149	
  127	1149	
  128	1149	
  129	1148	
  130	1148	
  131	1148	
  132	1149	
  133	1150	
  134	1150	
  135	1149	
  136	1149	
  137	1149	
  138	1149	
  139	1150	
  140	4	
  141	1	
  142	1	
  143	2	
  144	1	
  145	1	
  146	1	
  147	1	
  148	1	
