    1	1	
    2	1	
    3	1	
    4	1	
    5	1	
    6	1	
    7	1	
    8	1	
    9	1	
   10	1	
   11	1	
   12	1	
   13	1	
   14	1	
   15	1	
   16	1	
   17	1	
   18	1	
   19	1	
   20	1	
   21	1	
   22	2047	
   23	2047	
   24	2047	
   25	2047	
   26	2047	
   27	2047	
   28	2047	
   29	2047	
   30	2047	
   31	2047	
   32	2047	
   33	2047	
   34	2047	
   35	8	
   36	1	
   37	1	
   38	1	
   39	1	
   40	1	
   41	1	
   42	1	
   43	1	
   44	1	
   45	1	
   46	1	
   47	1	
   48	1	
   49	1	
   50	1	
   51	1	
   52	1	
   53	1	
   54	917	
   55	1088	
   56	1126	
   57	1137	
   58	1142	
   59	1144	
   60	1146	
   61	1148	
   62	1149	
   63	1148	
   64	1149	
   65	1152	
   66	1153	
   67	1153	
   68	1154	
   69	1153	
   70	1154	
   71	1154	
   72	1154	
   73	1155	
   74	1155	
   75	1156	
   76	1156	
   77	1156	
   78	1156	
   79	1157	
   80	1157	
   81	1156	
   82	1156	
   83	1156	
   84	1157	
   85	1156	
   86	1158	
   87	1158	
   88	1158	
   89	1157	
   90	1157	
   91	1157	
   92	1158	
   93	1157	
   94	1156	
   95	1156	
   96	1156	
   97	1156	
   98	1157	
   99	1157	
  100	1157	
  101	1156	
  102	1157	
  103	1158	
  104	1157	
  105	1156	
  106	1157	
  107	1157	
  108	1157	
  109	1158	
  110	1158	
  111	1158	
  112	1157	
  113	1158	
  114	1159	
  115	1158	
  116	1158	
  117	1157	
  118	1158	
  119	1157	
  120	1155	
  121	1156	
  122	1156	
  123	1157	
  124	1156	
  125	1158	
  126	1159	
  127	1158	
  128	1158	
  129	1158	
  130	1158	
  131	1158	
  132	1158	
  133	1158	
  134	1157	
  135	1158	
  136	1157	
  137	1158	
  138	1159	
  139	168	
  140	1	
  141	1	
  142	1	
  143	1	
  144	1	
  145	1	
  146	1	
  147	1	
