    1	-11	
    2	-11	
    3	-11	
    4	-11	
    5	-11	
    6	-11	
    7	-11	
    8	-11	
    9	-11	
   10	-11	
   11	-12	
   12	-12	
   13	-11	
   14	-12	
   15	-12	
   16	-11	
   17	-12	
   18	-12	
   19	-12	
   20	-12	
   21	-12	
   22	-11	
   23	903	
   24	920	
   25	767	
   26	641	
   27	581	
   28	539	
   29	503	
   30	482	
   31	461	
   32	446	
   33	434	
   34	421	
   35	413	
   36	-5	
   37	-11	
   38	-11	
   39	-11	
   40	-11	
   41	-11	
   42	-11	
   43	-11	
   44	-11	
   45	-11	
   46	-11	
   47	-12	
   48	-11	
   49	-11	
   50	-12	
   51	-11	
   52	-11	
   53	-11	
   54	678	
   55	892	
   56	936	
   57	960	
   58	978	
   59	995	
   60	1004	
   61	1008	
   62	1012	
   63	1013	
   64	1012	
   65	1009	
   66	1009	
   67	1008	
   68	1007	
   69	1007	
   70	1006	
   71	1007	
   72	1005	
   73	1005	
   74	1005	
   75	1007	
   76	1008	
   77	1009	
   78	1009	
   79	1009	
   80	1009	
   81	1010	
   82	1010	
   83	1013	
   84	1014	
   85	1013	
   86	1015	
   87	1014	
   88	1015	
   89	1016	
   90	1017	
   91	1018	
   92	1018	
   93	1018	
   94	1019	
   95	1018	
   96	1019	
   97	1018	
   98	1020	
   99	1019	
  100	1018	
  101	1020	
  102	1020	
  103	1019	
  104	1021	
  105	1020	
  106	1022	
  107	1022	
  108	1022	
  109	1023	
  110	1024	
  111	1024	
  112	1024	
  113	1025	
  114	1028	
  115	1026	
  116	1027	
  117	1030	
  118	1029	
  119	1032	
  120	1032	
  121	1036	
  122	1042	
  123	1047	
  124	1051	
  125	1053	
  126	1052	
  127	1050	
  128	1049	
  129	1051	
  130	1049	
  131	1044	
  132	1041	
  133	1037	
  134	1034	
  135	1032	
  136	1027	
  137	1026	
  138	1024	
  139	-9	
  140	-11	
  141	-11	
  142	-11	
  143	-11	
  144	-11	
  145	-11	
  146	-12	
  147	-11	
