    1	1	
    2	1	
    3	1	
    4	1	
    5	1	
    6	1	
    7	1	
    8	1	
    9	1	
   10	1	
   11	1	
   12	1	
   13	1	
   14	1	
   15	1	
   16	1	
   17	1	
   18	1	
   19	1	
   20	2047	
   21	2047	
   22	2047	
   23	2047	
   24	2047	
   25	2047	
   26	2047	
   27	2047	
   28	2047	
   29	2047	
   30	2047	
   31	2047	
   32	2047	
   33	403	
   34	2	
   35	1	
   36	1	
   37	1	
   38	1	
   39	1	
   40	1	
   41	1	
   42	1	
   43	1	
   44	1	
   45	1	
   46	1	
   47	1	
   48	1	
   49	1	
   50	911	
   51	1100	
   52	1111	
   53	1115	
   54	1116	
   55	1117	
   56	1117	
   57	1118	
   58	1120	
   59	1121	
   60	1121	
   61	1124	
   62	1126	
   63	1127	
   64	1128	
   65	1128	
   66	1128	
   67	1128	
   68	1128	
   69	1129	
   70	1128	
   71	1128	
   72	1128	
   73	1129	
   74	1129	
   75	1128	
   76	1127	
   77	1128	
   78	1127	
   79	1127	
   80	1125	
   81	1127	
   82	1127	
   83	1126	
   84	1126	
   85	1127	
   86	1126	
   87	1127	
   88	1127	
   89	1127	
   90	1128	
   91	1128	
   92	1128	
   93	1127	
   94	1128	
   95	1129	
   96	1129	
   97	1130	
   98	1129	
   99	1129	
  100	1129	
  101	1128	
  102	1129	
  103	1129	
  104	1129	
  105	1130	
  106	1130	
  107	1130	
  108	1130	
  109	1129	
  110	1130	
  111	1131	
  112	1130	
  113	1130	
  114	1131	
  115	1131	
  116	1131	
  117	1132	
  118	1132	
  119	1131	
  120	1129	
  121	1130	
  122	1132	
  123	1132	
  124	1132	
  125	1133	
  126	1134	
  127	1134	
  128	1135	
  129	1135	
  130	1135	
  131	1136	
  132	1133	
  133	1133	
  134	1133	
  135	162	
  136	1	
  137	1	
  138	1	
  139	1	
  140	1	
  141	1	
  142	1	
  143	1	
