    1	1	
    2	1	
    3	1	
    4	1	
    5	1	
    6	1	
    7	1	
    8	1	
    9	1	
   10	1	
   11	1	
   12	1	
   13	1	
   14	1	
   15	1	
   16	1	
   17	1	
   18	1	
   19	1	
   20	1	
   21	1	
   22	1	
   23	1	
   24	2047	
   25	2047	
   26	2047	
   27	2047	
   28	2047	
   29	2047	
   30	2047	
   31	2047	
   32	2047	
   33	2047	
   34	2047	
   35	2047	
   36	2047	
   37	38	
   38	2	
   39	1	
   40	1	
   41	1	
   42	1	
   43	1	
   44	1	
   45	1	
   46	1	
   47	1	
   48	1	
   49	1	
   50	1	
   51	1	
   52	1	
   53	1	
   54	1	
   55	1	
   56	763	
   57	988	
   58	1048	
   59	1056	
   60	1059	
   61	1060	
   62	1059	
   63	1060	
   64	1062	
   65	1066	
   66	1066	
   67	1068	
   68	1069	
   69	1070	
   70	1072	
   71	1072	
   72	1074	
   73	1075	
   74	1075	
   75	1076	
   76	1077	
   77	1077	
   78	1076	
   79	1077	
   80	1077	
   81	1078	
   82	1077	
   83	1078	
   84	1079	
   85	1079	
   86	1078	
   87	1080	
   88	1084	
   89	1084	
   90	1085	
   91	1086	
   92	1086	
   93	1086	
   94	1086	
   95	1087	
   96	1088	
   97	1088	
   98	1089	
   99	1088	
  100	1088	
  101	1089	
  102	1089	
  103	1090	
  104	1089	
  105	1089	
  106	1089	
  107	1089	
  108	1090	
  109	1089	
  110	1090	
  111	1090	
  112	1090	
  113	1091	
  114	1092	
  115	1091	
  116	1092	
  117	1092	
  118	1092	
  119	1092	
  120	1092	
  121	1093	
  122	1093	
  123	1093	
  124	1094	
  125	1094	
  126	1094	
  127	1095	
  128	1095	
  129	1096	
  130	1096	
  131	1096	
  132	1096	
  133	1094	
  134	1094	
  135	1095	
  136	1094	
  137	1095	
  138	1096	
  139	1095	
  140	1095	
  141	1096	
  142	1	
  143	1	
  144	1	
  145	1	
  146	1	
  147	1	
  148	1	
  149	1	
