    1	1	
    2	1	
    3	1	
    4	1	
    5	1	
    6	1	
    7	1	
    8	1	
    9	1	
   10	1	
   11	1	
   12	1	
   13	1	
   14	1	
   15	1	
   16	1	
   17	1	
   18	1	
   19	2047	
   20	2047	
   21	2047	
   22	2047	
   23	2047	
   24	2047	
   25	2047	
   26	2047	
   27	2047	
   28	2047	
   29	2047	
   30	2047	
   31	2047	
   32	373	
   33	2	
   34	1	
   35	1	
   36	1	
   37	1	
   38	1	
   39	1	
   40	1	
   41	1	
   42	1	
   43	1	
   44	1	
   45	1	
   46	1	
   47	1	
   48	1	
   49	1	
   50	1	
   51	937	
   52	1120	
   53	1127	
   54	1138	
   55	1141	
   56	1144	
   57	1146	
   58	1146	
   59	1146	
   60	1147	
   61	1147	
   62	1148	
   63	1148	
   64	1149	
   65	1150	
   66	1151	
   67	1152	
   68	1152	
   69	1152	
   70	1152	
   71	1152	
   72	1153	
   73	1151	
   74	1152	
   75	1152	
   76	1152	
   77	1152	
   78	1152	
   79	1154	
   80	1153	
   81	1154	
   82	1154	
   83	1153	
   84	1153	
   85	1153	
   86	1154	
   87	1155	
   88	1155	
   89	1154	
   90	1155	
   91	1154	
   92	1153	
   93	1153	
   94	1152	
   95	1153	
   96	1153	
   97	1153	
   98	1153	
   99	1152	
  100	1151	
  101	1151	
  102	1152	
  103	1153	
  104	1153	
  105	1152	
  106	1153	
  107	1153	
  108	1152	
  109	1151	
  110	1153	
  111	1153	
  112	1154	
  113	1153	
  114	1154	
  115	1154	
  116	1154	
  117	1154	
  118	1155	
  119	1155	
  120	1156	
  121	1155	
  122	1156	
  123	1156	
  124	1156	
  125	1158	
  126	1159	
  127	1159	
  128	1160	
  129	1159	
  130	1160	
  131	1158	
  132	1157	
  133	1156	
  134	1156	
  135	1156	
  136	20	
  137	1	
  138	1	
  139	1	
  140	1	
  141	1	
  142	1	
  143	1	
  144	1	
