    1	-1	
    2	0	
    3	-1	
    4	-1	
    5	0	
    6	-1	
    7	0	
    8	-1	
    9	-1	
   10	-1	
   11	0	
   12	0	
   13	-1	
   14	-1	
   15	0	
   16	-1	
   17	0	
   18	-1	
   19	-66	
   20	-52	
   21	-36	
   22	-31	
   23	-28	
   24	-27	
   25	-26	
   26	-24	
   27	-24	
   28	-23	
   29	-23	
   30	-22	
   31	-22	
   32	2	
   33	-1	
   34	-1	
   35	0	
   36	-1	
   37	0	
   38	-1	
   39	0	
   40	-1	
   41	0	
   42	-1	
   43	0	
   44	-1	
   45	0	
   46	0	
   47	0	
   48	-1	
   49	0	
   50	0	
   51	-59	
   52	-92	
   53	-93	
   54	-94	
   55	-95	
   56	-96	
   57	-97	
   58	-97	
   59	-97	
   60	-97	
   61	-97	
   62	-98	
   63	-98	
   64	-98	
   65	-98	
   66	-99	
   67	-99	
   68	-99	
   69	-99	
   70	-99	
   71	-100	
   72	-99	
   73	-99	
   74	-100	
   75	-100	
   76	-100	
   77	-100	
   78	-100	
   79	-100	
   80	-100	
   81	-101	
   82	-100	
   83	-100	
   84	-100	
   85	-100	
   86	-101	
   87	-101	
   88	-101	
   89	-101	
   90	-101	
   91	-101	
   92	-101	
   93	-101	
   94	-101	
   95	-101	
   96	-101	
   97	-101	
   98	-101	
   99	-101	
  100	-100	
  101	-100	
  102	-100	
  103	-101	
  104	-101	
  105	-101	
  106	-101	
  107	-101	
  108	-100	
  109	-101	
  110	-101	
  111	-101	
  112	-101	
  113	-101	
  114	-101	
  115	-101	
  116	-101	
  117	-101	
  118	-101	
  119	-101	
  120	-101	
  121	-101	
  122	-101	
  123	-101	
  124	-101	
  125	-101	
  126	-101	
  127	-101	
  128	-102	
  129	-101	
  130	-102	
  131	-102	
  132	-101	
  133	-101	
  134	-101	
  135	-101	
  136	-1	
  137	-1	
  138	-1	
  139	-1	
  140	0	
  141	-1	
  142	0	
  143	0	
  144	-1	
