    1	0	
    2	0	
    3	0	
    4	0	
    5	-1	
    6	0	
    7	0	
    8	0	
    9	0	
   10	0	
   11	0	
   12	0	
   13	-1	
   14	0	
   15	0	
   16	0	
   17	-1	
   18	-1	
   19	-1	
   20	0	
   21	-1	
   22	0	
   23	-56	
   24	-42	
   25	-30	
   26	-25	
   27	-24	
   28	-22	
   29	-21	
   30	-21	
   31	-20	
   32	-19	
   33	-19	
   34	-19	
   35	-18	
   36	0	
   37	-1	
   38	0	
   39	0	
   40	0	
   41	-1	
   42	-1	
   43	-1	
   44	-1	
   45	0	
   46	-1	
   47	-1	
   48	0	
   49	-1	
   50	-1	
   51	-1	
   52	-1	
   53	27	
   54	-64	
   55	-87	
   56	-88	
   57	-88	
   58	-88	
   59	-88	
   60	-89	
   61	-88	
   62	-88	
   63	-88	
   64	-89	
   65	-89	
   66	-89	
   67	-89	
   68	-89	
   69	-89	
   70	-89	
   71	-89	
   72	-89	
   73	-89	
   74	-90	
   75	-90	
   76	-89	
   77	-89	
   78	-90	
   79	-90	
   80	-90	
   81	-89	
   82	-89	
   83	-90	
   84	-89	
   85	-89	
   86	-90	
   87	-90	
   88	-90	
   89	-90	
   90	-90	
   91	-90	
   92	-90	
   93	-90	
   94	-90	
   95	-90	
   96	-90	
   97	-90	
   98	-90	
   99	-90	
  100	-90	
  101	-90	
  102	-91	
  103	-91	
  104	-91	
  105	-91	
  106	-91	
  107	-91	
  108	-91	
  109	-91	
  110	-91	
  111	-92	
  112	-91	
  113	-91	
  114	-91	
  115	-92	
  116	-92	
  117	-92	
  118	-91	
  119	-91	
  120	-91	
  121	-91	
  122	-91	
  123	-91	
  124	-92	
  125	-92	
  126	-92	
  127	-92	
  128	-92	
  129	-92	
  130	-92	
  131	-92	
  132	-92	
  133	-92	
  134	-92	
  135	-92	
  136	-92	
  137	-92	
  138	-92	
  139	0	
  140	0	
  141	0	
  142	0	
  143	0	
  144	0	
  145	0	
  146	0	
  147	0	
