    1	-1	
    2	-1	
    3	-1	
    4	0	
    5	-1	
    6	-1	
    7	-1	
    8	0	
    9	-1	
   10	-1	
   11	-1	
   12	-1	
   13	-1	
   14	0	
   15	0	
   16	-1	
   17	0	
   18	-1	
   19	0	
   20	0	
   21	0	
   22	0	
   23	-59	
   24	-39	
   25	-28	
   26	-24	
   27	-22	
   28	-21	
   29	-20	
   30	-19	
   31	-19	
   32	-18	
   33	-18	
   34	-17	
   35	-17	
   36	0	
   37	0	
   38	0	
   39	0	
   40	-1	
   41	-1	
   42	-1	
   43	0	
   44	0	
   45	-1	
   46	0	
   47	0	
   48	0	
   49	0	
   50	0	
   51	-1	
   52	-1	
   53	0	
   54	-68	
   55	-104	
   56	-108	
   57	-109	
   58	-110	
   59	-111	
   60	-111	
   61	-112	
   62	-112	
   63	-113	
   64	-113	
   65	-113	
   66	-114	
   67	-114	
   68	-114	
   69	-114	
   70	-115	
   71	-115	
   72	-115	
   73	-116	
   74	-115	
   75	-115	
   76	-115	
   77	-116	
   78	-116	
   79	-115	
   80	-116	
   81	-116	
   82	-116	
   83	-116	
   84	-116	
   85	-116	
   86	-116	
   87	-116	
   88	-116	
   89	-116	
   90	-116	
   91	-116	
   92	-116	
   93	-116	
   94	-116	
   95	-116	
   96	-116	
   97	-116	
   98	-116	
   99	-116	
  100	-116	
  101	-116	
  102	-116	
  103	-116	
  104	-116	
  105	-116	
  106	-116	
  107	-116	
  108	-116	
  109	-116	
  110	-116	
  111	-116	
  112	-116	
  113	-116	
  114	-116	
  115	-116	
  116	-116	
  117	-116	
  118	-116	
  119	-116	
  120	-116	
  121	-116	
  122	-115	
  123	-112	
  124	-111	
  125	-108	
  126	-107	
  127	-105	
  128	-103	
  129	-102	
  130	-102	
  131	-103	
  132	-102	
  133	-102	
  134	-103	
  135	-103	
  136	-102	
  137	-102	
  138	-102	
  139	-1	
  140	-1	
  141	-1	
  142	-1	
  143	0	
  144	0	
  145	0	
  146	0	
  147	-1	
