    1	-12	
    2	-11	
    3	-11	
    4	-11	
    5	-11	
    6	-11	
    7	-11	
    8	-11	
    9	-12	
   10	-11	
   11	-12	
   12	-11	
   13	-12	
   14	-12	
   15	-11	
   16	-12	
   17	-12	
   18	-12	
   19	-11	
   20	-12	
   21	-11	
   22	-11	
   23	861	
   24	897	
   25	763	
   26	642	
   27	580	
   28	530	
   29	504	
   30	483	
   31	466	
   32	456	
   33	444	
   34	436	
   35	430	
   36	-4	
   37	-11	
   38	-11	
   39	-11	
   40	-11	
   41	-11	
   42	-11	
   43	-11	
   44	-11	
   45	-11	
   46	-12	
   47	-12	
   48	-11	
   49	-12	
   50	-11	
   51	-12	
   52	-11	
   53	734	
   54	861	
   55	860	
   56	861	
   57	863	
   58	863	
   59	864	
   60	866	
   61	869	
   62	872	
   63	873	
   64	874	
   65	876	
   66	879	
   67	880	
   68	883	
   69	885	
   70	886	
   71	888	
   72	889	
   73	890	
   74	890	
   75	892	
   76	893	
   77	894	
   78	894	
   79	895	
   80	896	
   81	896	
   82	896	
   83	897	
   84	898	
   85	898	
   86	900	
   87	900	
   88	901	
   89	902	
   90	902	
   91	904	
   92	904	
   93	905	
   94	904	
   95	904	
   96	904	
   97	906	
   98	908	
   99	908	
  100	908	
  101	907	
  102	908	
  103	907	
  104	908	
  105	908	
  106	907	
  107	907	
  108	908	
  109	908	
  110	908	
  111	909	
  112	909	
  113	910	
  114	909	
  115	909	
  116	909	
  117	908	
  118	908	
  119	909	
  120	908	
  121	909	
  122	909	
  123	910	
  124	910	
  125	909	
  126	909	
  127	910	
  128	909	
  129	909	
  130	909	
  131	907	
  132	907	
  133	907	
  134	908	
  135	909	
  136	908	
  137	908	
  138	-9	
  139	-11	
  140	-11	
  141	-11	
  142	-11	
  143	-11	
  144	-11	
  145	-12	
  146	-12	
