    1	-11	
    2	-11	
    3	-11	
    4	-11	
    5	-11	
    6	-11	
    7	-11	
    8	-11	
    9	-11	
   10	-11	
   11	-12	
   12	-12	
   13	-11	
   14	-11	
   15	-11	
   16	-11	
   17	-11	
   18	-11	
   19	-12	
   20	-11	
   21	-12	
   22	-11	
   23	-11	
   24	268	
   25	1025	
   26	1079	
   27	930	
   28	798	
   29	726	
   30	666	
   31	634	
   32	611	
   33	588	
   34	574	
   35	558	
   36	549	
   37	543	
   38	-10	
   39	-11	
   40	-11	
   41	-11	
   42	-11	
   43	-12	
   44	-11	
   45	-11	
   46	-11	
   47	-12	
   48	-11	
   49	-11	
   50	-11	
   51	-12	
   52	-11	
   53	-11	
   54	-11	
   55	-11	
   56	572	
   57	805	
   58	946	
   59	949	
   60	954	
   61	955	
   62	954	
   63	954	
   64	953	
   65	952	
   66	952	
   67	952	
   68	951	
   69	950	
   70	951	
   71	950	
   72	950	
   73	950	
   74	950	
   75	949	
   76	950	
   77	953	
   78	953	
   79	952	
   80	952	
   81	952	
   82	951	
   83	952	
   84	953	
   85	953	
   86	953	
   87	953	
   88	954	
   89	954	
   90	954	
   91	954	
   92	955	
   93	954	
   94	953	
   95	953	
   96	953	
   97	953	
   98	951	
   99	951	
  100	951	
  101	949	
  102	949	
  103	950	
  104	950	
  105	950	
  106	950	
  107	951	
  108	950	
  109	951	
  110	950	
  111	951	
  112	950	
  113	950	
  114	951	
  115	952	
  116	952	
  117	952	
  118	952	
  119	952	
  120	953	
  121	953	
  122	953	
  123	953	
  124	953	
  125	952	
  126	953	
  127	953	
  128	954	
  129	954	
  130	954	
  131	953	
  132	954	
  133	953	
  134	953	
  135	953	
  136	953	
  137	954	
  138	953	
  139	953	
  140	953	
  141	953	
  142	-11	
  143	-11	
  144	-11	
  145	-12	
  146	-11	
  147	-11	
  148	-11	
  149	-11	
