    1	1	
    2	1	
    3	1	
    4	1	
    5	1	
    6	1	
    7	1	
    8	1	
    9	1	
   10	1	
   11	1	
   12	1	
   13	1	
   14	1	
   15	1	
   16	1	
   17	2047	
   18	2047	
   19	2047	
   20	2047	
   21	2047	
   22	2047	
   23	2047	
   24	2047	
   25	2047	
   26	2047	
   27	2047	
   28	2047	
   29	2047	
   30	37	
   31	2	
   32	1	
   33	1	
   34	1	
   35	1	
   36	1	
   37	1	
   38	1	
   39	1	
   40	1	
   41	1	
   42	1	
   43	1	
   44	1	
   45	1	
   46	1	
   47	1	
   48	522	
   49	946	
   50	1119	
   51	1124	
   52	1127	
   53	1129	
   54	1130	
   55	1132	
   56	1132	
   57	1132	
   58	1134	
   59	1131	
   60	1132	
   61	1133	
   62	1133	
   63	1133	
   64	1134	
   65	1136	
   66	1136	
   67	1138	
   68	1139	
   69	1139	
   70	1138	
   71	1139	
   72	1140	
   73	1141	
   74	1140	
   75	1141	
   76	1142	
   77	1142	
   78	1141	
   79	1141	
   80	1141	
   81	1139	
   82	1140	
   83	1140	
   84	1140	
   85	1139	
   86	1140	
   87	1141	
   88	1143	
   89	1143	
   90	1142	
   91	1142	
   92	1141	
   93	1141	
   94	1142	
   95	1144	
   96	1143	
   97	1143	
   98	1144	
   99	1144	
  100	1145	
  101	1146	
  102	1144	
  103	1144	
  104	1146	
  105	1146	
  106	1146	
  107	1147	
  108	1147	
  109	1147	
  110	1147	
  111	1148	
  112	1148	
  113	1146	
  114	1146	
  115	1146	
  116	1146	
  117	1146	
  118	1146	
  119	1146	
  120	1146	
  121	1145	
  122	1145	
  123	1145	
  124	1145	
  125	1145	
  126	1145	
  127	1146	
  128	1146	
  129	1147	
  130	1148	
  131	1148	
  132	1148	
  133	1147	
  134	1	
  135	1	
  136	1	
  137	1	
  138	1	
  139	1	
  140	1	
  141	1	
