    1	-11	
    2	-11	
    3	-11	
    4	-11	
    5	-12	
    6	-11	
    7	-11	
    8	-12	
    9	-12	
   10	-11	
   11	-12	
   12	-12	
   13	-11	
   14	-11	
   15	-11	
   16	-12	
   17	973	
   18	1106	
   19	984	
   20	839	
   21	752	
   22	678	
   23	636	
   24	606	
   25	576	
   26	557	
   27	540	
   28	529	
   29	520	
   30	-3	
   31	-11	
   32	-11	
   33	-11	
   34	-11	
   35	-11	
   36	-11	
   37	-11	
   38	-11	
   39	-11	
   40	-11	
   41	-11	
   42	-12	
   43	-11	
   44	-11	
   45	-12	
   46	-11	
   47	-11	
   48	378	
   49	760	
   50	959	
   51	962	
   52	965	
   53	966	
   54	967	
   55	967	
   56	966	
   57	966	
   58	966	
   59	962	
   60	962	
   61	962	
   62	962	
   63	962	
   64	963	
   65	964	
   66	964	
   67	966	
   68	966	
   69	967	
   70	965	
   71	965	
   72	966	
   73	966	
   74	965	
   75	966	
   76	967	
   77	966	
   78	964	
   79	964	
   80	963	
   81	961	
   82	962	
   83	961	
   84	961	
   85	960	
   86	961	
   87	962	
   88	963	
   89	963	
   90	962	
   91	962	
   92	961	
   93	961	
   94	961	
   95	963	
   96	962	
   97	961	
   98	962	
   99	962	
  100	963	
  101	964	
  102	962	
  103	962	
  104	963	
  105	964	
  106	963	
  107	964	
  108	964	
  109	963	
  110	964	
  111	964	
  112	964	
  113	962	
  114	961	
  115	961	
  116	962	
  117	961	
  118	961	
  119	961	
  120	961	
  121	960	
  122	960	
  123	960	
  124	960	
  125	960	
  126	960	
  127	960	
  128	960	
  129	960	
  130	961	
  131	961	
  132	961	
  133	960	
  134	-11	
  135	-11	
  136	-11	
  137	-11	
  138	-11	
  139	-11	
  140	-11	
  141	-11	
