    1	1	
    2	1	
    3	1	
    4	1	
    5	1	
    6	1	
    7	1	
    8	1	
    9	1	
   10	1	
   11	1	
   12	1	
   13	1	
   14	1	
   15	1	
   16	1	
   17	1	
   18	1	
   19	1	
   20	1	
   21	2047	
   22	2047	
   23	2047	
   24	2047	
   25	2047	
   26	2047	
   27	2047	
   28	2047	
   29	2047	
   30	2047	
   31	2047	
   32	2047	
   33	2047	
   34	396	
   35	2	
   36	1	
   37	1	
   38	1	
   39	1	
   40	1	
   41	1	
   42	1	
   43	1	
   44	1	
   45	1	
   46	1	
   47	1	
   48	1	
   49	1	
   50	1	
   51	1	
   52	930	
   53	1120	
   54	1132	
   55	1136	
   56	1139	
   57	1139	
   58	1140	
   59	1142	
   60	1141	
   61	1142	
   62	1142	
   63	1143	
   64	1144	
   65	1144	
   66	1145	
   67	1145	
   68	1144	
   69	1144	
   70	1145	
   71	1146	
   72	1147	
   73	1147	
   74	1148	
   75	1149	
   76	1148	
   77	1149	
   78	1151	
   79	1150	
   80	1150	
   81	1150	
   82	1151	
   83	1151	
   84	1151	
   85	1151	
   86	1152	
   87	1152	
   88	1153	
   89	1153	
   90	1153	
   91	1153	
   92	1153	
   93	1153	
   94	1153	
   95	1152	
   96	1154	
   97	1154	
   98	1154	
   99	1153	
  100	1153	
  101	1153	
  102	1153	
  103	1153	
  104	1154	
  105	1155	
  106	1155	
  107	1156	
  108	1156	
  109	1156	
  110	1155	
  111	1156	
  112	1156	
  113	1156	
  114	1156	
  115	1155	
  116	1155	
  117	1156	
  118	1156	
  119	1158	
  120	1155	
  121	1154	
  122	1154	
  123	1155	
  124	1155	
  125	1155	
  126	1155	
  127	1155	
  128	1156	
  129	1155	
  130	1155	
  131	1156	
  132	1155	
  133	1155	
  134	1155	
  135	1156	
  136	1156	
  137	19	
  138	1	
  139	1	
  140	1	
  141	1	
  142	1	
  143	1	
  144	1	
  145	1	
