    1	0	
    2	-1	
    3	-1	
    4	-1	
    5	-1	
    6	-1	
    7	-1	
    8	-1	
    9	-1	
   10	-1	
   11	-1	
   12	-1	
   13	-1	
   14	-1	
   15	-1	
   16	-1	
   17	-81	
   18	-54	
   19	-45	
   20	-31	
   21	-27	
   22	-24	
   23	-23	
   24	-22	
   25	-21	
   26	-20	
   27	-20	
   28	-20	
   29	-20	
   30	-19	
   31	-1	
   32	0	
   33	0	
   34	0	
   35	0	
   36	-1	
   37	0	
   38	0	
   39	0	
   40	0	
   41	-1	
   42	0	
   43	0	
   44	-1	
   45	-1	
   46	-1	
   47	0	
   48	41	
   49	-60	
   50	-89	
   51	-91	
   52	-92	
   53	-93	
   54	-93	
   55	-93	
   56	-94	
   57	-94	
   58	-94	
   59	-94	
   60	-95	
   61	-95	
   62	-95	
   63	-96	
   64	-96	
   65	-96	
   66	-96	
   67	-96	
   68	-96	
   69	-96	
   70	-96	
   71	-96	
   72	-96	
   73	-97	
   74	-97	
   75	-97	
   76	-97	
   77	-98	
   78	-98	
   79	-98	
   80	-98	
   81	-98	
   82	-98	
   83	-98	
   84	-98	
   85	-98	
   86	-98	
   87	-98	
   88	-98	
   89	-98	
   90	-98	
   91	-98	
   92	-98	
   93	-98	
   94	-98	
   95	-98	
   96	-98	
   97	-98	
   98	-98	
   99	-98	
  100	-98	
  101	-98	
  102	-98	
  103	-98	
  104	-98	
  105	-98	
  106	-98	
  107	-98	
  108	-98	
  109	-98	
  110	-98	
  111	-98	
  112	-98	
  113	-98	
  114	-99	
  115	-98	
  116	-98	
  117	-99	
  118	-98	
  119	-99	
  120	-99	
  121	-98	
  122	-98	
  123	-98	
  124	-98	
  125	-98	
  126	-98	
  127	-98	
  128	-98	
  129	-98	
  130	-98	
  131	-98	
  132	-98	
  133	-98	
  134	0	
  135	0	
  136	0	
  137	0	
  138	0	
  139	-1	
  140	-1	
  141	-1	
  142	-1	
