    1	-11	
    2	-11	
    3	-11	
    4	-11	
    5	-11	
    6	-11	
    7	-11	
    8	-11	
    9	-11	
   10	-12	
   11	-11	
   12	-12	
   13	-12	
   14	-12	
   15	-12	
   16	-12	
   17	-12	
   18	-12	
   19	-11	
   20	-12	
   21	-12	
   22	-12	
   23	1264	
   24	1263	
   25	1166	
   26	1070	
   27	1017	
   28	969	
   29	941	
   30	920	
   31	899	
   32	888	
   33	876	
   34	868	
   35	857	
   36	-11	
   37	-11	
   38	-11	
   39	-11	
   40	-11	
   41	-11	
   42	-11	
   43	-11	
   44	-11	
   45	-11	
   46	-11	
   47	-11	
   48	-11	
   49	-12	
   50	-11	
   51	-11	
   52	-11	
   53	688	
   54	856	
   55	952	
   56	954	
   57	956	
   58	956	
   59	956	
   60	956	
   61	957	
   62	957	
   63	957	
   64	957	
   65	958	
   66	957	
   67	956	
   68	956	
   69	954	
   70	954	
   71	953	
   72	953	
   73	952	
   74	952	
   75	952	
   76	952	
   77	951	
   78	950	
   79	951	
   80	951	
   81	951	
   82	952	
   83	952	
   84	952	
   85	953	
   86	951	
   87	951	
   88	951	
   89	951	
   90	951	
   91	951	
   92	951	
   93	951	
   94	951	
   95	957	
   96	956	
   97	956	
   98	956	
   99	956	
  100	955	
  101	954	
  102	954	
  103	955	
  104	955	
  105	954	
  106	955	
  107	955	
  108	955	
  109	955	
  110	955	
  111	956	
  112	956	
  113	956	
  114	956	
  115	956	
  116	956	
  117	957	
  118	958	
  119	956	
  120	957	
  121	956	
  122	956	
  123	956	
  124	956	
  125	956	
  126	956	
  127	956	
  128	955	
  129	956	
  130	954	
  131	955	
  132	956	
  133	956	
  134	956	
  135	956	
  136	956	
  137	957	
  138	5	
  139	-11	
  140	-11	
  141	-11	
  142	-11	
  143	-11	
  144	-11	
  145	-12	
  146	-11	
