    1	-11	
    2	-11	
    3	-11	
    4	-11	
    5	-11	
    6	-11	
    7	-11	
    8	-11	
    9	-11	
   10	-11	
   11	-12	
   12	-12	
   13	-12	
   14	-11	
   15	-11	
   16	-11	
   17	-12	
   18	-12	
   19	-12	
   20	856	
   21	985	
   22	872	
   23	805	
   24	746	
   25	715	
   26	687	
   27	672	
   28	657	
   29	649	
   30	643	
   31	636	
   32	632	
   33	0	
   34	-11	
   35	-11	
   36	-11	
   37	-11	
   38	-11	
   39	-11	
   40	-11	
   41	-11	
   42	-11	
   43	-11	
   44	-11	
   45	-11	
   46	-11	
   47	-12	
   48	-11	
   49	-12	
   50	380	
   51	786	
   52	944	
   53	946	
   54	946	
   55	946	
   56	948	
   57	951	
   58	951	
   59	950	
   60	950	
   61	951	
   62	951	
   63	949	
   64	952	
   65	954	
   66	954	
   67	954	
   68	953	
   69	953	
   70	953	
   71	954	
   72	954	
   73	956	
   74	957	
   75	957	
   76	957	
   77	958	
   78	958	
   79	957	
   80	956	
   81	956	
   82	956	
   83	955	
   84	955	
   85	955	
   86	956	
   87	956	
   88	954	
   89	955	
   90	954	
   91	954	
   92	955	
   93	956	
   94	955	
   95	954	
   96	952	
   97	952	
   98	951	
   99	952	
  100	953	
  101	953	
  102	953	
  103	953	
  104	954	
  105	954	
  106	953	
  107	953	
  108	952	
  109	952	
  110	953	
  111	953	
  112	951	
  113	951	
  114	951	
  115	950	
  116	952	
  117	952	
  118	952	
  119	951	
  120	949	
  121	951	
  122	950	
  123	949	
  124	950	
  125	950	
  126	950	
  127	951	
  128	952	
  129	952	
  130	951	
  131	951	
  132	951	
  133	952	
  134	952	
  135	952	
  136	-11	
  137	-11	
  138	-11	
  139	-11	
  140	-11	
  141	-11	
  142	-12	
  143	-11	
