    1	1	
    2	1	
    3	1	
    4	1	
    5	1	
    6	1	
    7	1	
    8	1	
    9	1	
   10	1	
   11	1	
   12	1	
   13	1	
   14	1	
   15	1	
   16	1	
   17	1	
   18	1	
   19	1	
   20	1	
   21	1	
   22	1	
   23	380	
   24	2047	
   25	2047	
   26	2047	
   27	2047	
   28	2047	
   29	2047	
   30	2047	
   31	2047	
   32	2047	
   33	2047	
   34	2047	
   35	2047	
   36	2047	
   37	44	
   38	2	
   39	1	
   40	1	
   41	1	
   42	1	
   43	1	
   44	1	
   45	1	
   46	1	
   47	1	
   48	1	
   49	1	
   50	1	
   51	1	
   52	1	
   53	1	
   54	1	
   55	1007	
   56	1134	
   57	1137	
   58	1140	
   59	1141	
   60	1140	
   61	1142	
   62	1144	
   63	1145	
   64	1148	
   65	1146	
   66	1145	
   67	1146	
   68	1146	
   69	1147	
   70	1148	
   71	1148	
   72	1147	
   73	1144	
   74	1144	
   75	1144	
   76	1145	
   77	1145	
   78	1146	
   79	1146	
   80	1145	
   81	1145	
   82	1097	
   83	1096	
   84	1094	
   85	1093	
   86	1094	
   87	1094	
   88	1094	
   89	1094	
   90	1094	
   91	1094	
   92	1094	
   93	1093	
   94	1093	
   95	1094	
   96	1094	
   97	1095	
   98	1094	
   99	1094	
  100	1094	
  101	1094	
  102	1094	
  103	1093	
  104	1092	
  105	1092	
  106	1093	
  107	1094	
  108	1093	
  109	1093	
  110	1093	
  111	1096	
  112	1096	
  113	1096	
  114	1094	
  115	1093	
  116	1094	
  117	1093	
  118	1093	
  119	1094	
  120	1095	
  121	1096	
  122	1094	
  123	1092	
  124	1092	
  125	1092	
  126	1092	
  127	1093	
  128	1093	
  129	1091	
  130	1092	
  131	1092	
  132	1093	
  133	1092	
  134	1092	
  135	1093	
  136	1092	
  137	1092	
  138	1093	
  139	160	
  140	1	
  141	1	
  142	1	
  143	1	
  144	1	
  145	1	
  146	1	
  147	1	
