    1	-12	
    2	-11	
    3	-11	
    4	-11	
    5	-11	
    6	-11	
    7	-11	
    8	-11	
    9	-11	
   10	-11	
   11	-11	
   12	-11	
   13	-12	
   14	-11	
   15	-11	
   16	-12	
   17	-11	
   18	-12	
   19	-11	
   20	1010	
   21	1195	
   22	1078	
   23	939	
   24	821	
   25	761	
   26	711	
   27	684	
   28	665	
   29	648	
   30	636	
   31	626	
   32	620	
   33	617	
   34	-11	
   35	-11	
   36	-11	
   37	-11	
   38	-11	
   39	-11	
   40	-11	
   41	-11	
   42	-11	
   43	-11	
   44	-11	
   45	-11	
   46	-11	
   47	-12	
   48	-11	
   49	-11	
   50	-11	
   51	722	
   52	897	
   53	948	
   54	953	
   55	955	
   56	956	
   57	956	
   58	956	
   59	956	
   60	957	
   61	958	
   62	958	
   63	960	
   64	960	
   65	960	
   66	958	
   67	958	
   68	958	
   69	960	
   70	960	
   71	960	
   72	960	
   73	960	
   74	956	
   75	956	
   76	957	
   77	957	
   78	957	
   79	958	
   80	957	
   81	957	
   82	956	
   83	956	
   84	955	
   85	956	
   86	954	
   87	954	
   88	953	
   89	954	
   90	954	
   91	953	
   92	954	
   93	954	
   94	955	
   95	954	
   96	953	
   97	955	
   98	956	
   99	955	
  100	956	
  101	956	
  102	955	
  103	955	
  104	956	
  105	957	
  106	958	
  107	957	
  108	957	
  109	957	
  110	957	
  111	957	
  112	957	
  113	955	
  114	956	
  115	955	
  116	956	
  117	955	
  118	955	
  119	956	
  120	955	
  121	956	
  122	955	
  123	955	
  124	956	
  125	956	
  126	956	
  127	956	
  128	957	
  129	956	
  130	956	
  131	956	
  132	956	
  133	956	
  134	956	
  135	956	
  136	5	
  137	-11	
  138	-11	
  139	-11	
  140	-11	
  141	-11	
  142	-11	
  143	-11	
  144	-11	
