    1	0	
    2	0	
    3	0	
    4	-1	
    5	0	
    6	0	
    7	0	
    8	0	
    9	0	
   10	0	
   11	0	
   12	0	
   13	-1	
   14	-1	
   15	-1	
   16	-1	
   17	-1	
   18	-1	
   19	0	
   20	-1	
   21	-1	
   22	-1	
   23	-1	
   24	-53	
   25	-40	
   26	-28	
   27	-24	
   28	-23	
   29	-22	
   30	-21	
   31	-20	
   32	-19	
   33	-19	
   34	-18	
   35	-18	
   36	-18	
   37	0	
   38	-1	
   39	-1	
   40	-1	
   41	-1	
   42	0	
   43	0	
   44	0	
   45	-1	
   46	0	
   47	0	
   48	-1	
   49	0	
   50	-1	
   51	0	
   52	0	
   53	0	
   54	0	
   55	33	
   56	-64	
   57	-84	
   58	-78	
   59	-80	
   60	-80	
   61	-80	
   62	-81	
   63	-81	
   64	-81	
   65	-81	
   66	-82	
   67	-82	
   68	-82	
   69	-82	
   70	-82	
   71	-82	
   72	-82	
   73	-83	
   74	-83	
   75	-83	
   76	-83	
   77	-83	
   78	-83	
   79	-83	
   80	-83	
   81	-83	
   82	-84	
   83	-83	
   84	-83	
   85	-83	
   86	-83	
   87	-83	
   88	-83	
   89	-83	
   90	-83	
   91	-83	
   92	-83	
   93	-83	
   94	-83	
   95	-83	
   96	-83	
   97	-84	
   98	-84	
   99	-84	
  100	-83	
  101	-84	
  102	-84	
  103	-84	
  104	-84	
  105	-84	
  106	-84	
  107	-84	
  108	-84	
  109	-84	
  110	-84	
  111	-84	
  112	-84	
  113	-84	
  114	-84	
  115	-84	
  116	-84	
  117	-84	
  118	-84	
  119	-84	
  120	-85	
  121	-85	
  122	-85	
  123	-85	
  124	-85	
  125	-85	
  126	-85	
  127	-85	
  128	-85	
  129	-86	
  130	-86	
  131	-85	
  132	-86	
  133	-85	
  134	-85	
  135	-85	
  136	-86	
  137	-86	
  138	-85	
  139	-86	
  140	-85	
  141	-1	
  142	-1	
  143	0	
  144	-1	
  145	-1	
  146	-1	
  147	0	
  148	-1	
  149	0	
