    1	-11	
    2	-11	
    3	-11	
    4	-11	
    5	-11	
    6	-11	
    7	-11	
    8	-11	
    9	-11	
   10	-11	
   11	-11	
   12	-11	
   13	-11	
   14	-12	
   15	-12	
   16	-11	
   17	-11	
   18	-12	
   19	-11	
   20	-11	
   21	-11	
   22	-12	
   23	-11	
   24	741	
   25	804	
   26	689	
   27	620	
   28	570	
   29	525	
   30	498	
   31	473	
   32	457	
   33	443	
   34	429	
   35	419	
   36	408	
   37	-5	
   38	-11	
   39	-11	
   40	-11	
   41	-11	
   42	-11	
   43	-11	
   44	-11	
   45	-11	
   46	-11	
   47	-11	
   48	-11	
   49	-12	
   50	-11	
   51	-11	
   52	-11	
   53	-11	
   54	685	
   55	897	
   56	945	
   57	965	
   58	980	
   59	992	
   60	998	
   61	1002	
   62	1003	
   63	1003	
   64	1003	
   65	1002	
   66	1000	
   67	1000	
   68	999	
   69	997	
   70	1000	
   71	1000	
   72	1000	
   73	998	
   74	1001	
   75	1002	
   76	1004	
   77	1005	
   78	1005	
   79	1007	
   80	1005	
   81	1006	
   82	1008	
   83	1008	
   84	1010	
   85	1012	
   86	1012	
   87	1013	
   88	1014	
   89	1015	
   90	1017	
   91	1018	
   92	1020	
   93	1020	
   94	1022	
   95	1022	
   96	1023	
   97	1024	
   98	1025	
   99	1026	
  100	1027	
  101	1028	
  102	1030	
  103	1031	
  104	1031	
  105	1030	
  106	1027	
  107	1029	
  108	1040	
  109	1040	
  110	1042	
  111	1046	
  112	1051	
  113	1053	
  114	1052	
  115	1047	
  116	1043	
  117	1039	
  118	1035	
  119	1032	
  120	1028	
  121	1025	
  122	1023	
  123	1021	
  124	1019	
  125	1017	
  126	1015	
  127	1013	
  128	1012	
  129	1010	
  130	1009	
  131	1007	
  132	-11	
  133	-11	
  134	-11	
  135	-11	
  136	-11	
  137	-11	
  138	-11	
  139	-11	
