    1	-1	
    2	-1	
    3	-1	
    4	0	
    5	-1	
    6	0	
    7	0	
    8	0	
    9	0	
   10	-1	
   11	0	
   12	-1	
   13	-1	
   14	-1	
   15	-1	
   16	-1	
   17	0	
   18	0	
   19	0	
   20	-1	
   21	-1	
   22	0	
   23	-83	
   24	-49	
   25	-44	
   26	-36	
   27	-33	
   28	-30	
   29	-28	
   30	-27	
   31	-26	
   32	-25	
   33	-23	
   34	-23	
   35	-23	
   36	-22	
   37	0	
   38	-1	
   39	-1	
   40	-1	
   41	-2	
   42	-1	
   43	-1	
   44	-1	
   45	0	
   46	-1	
   47	0	
   48	0	
   49	0	
   50	-1	
   51	0	
   52	-1	
   53	-1	
   54	0	
   55	43	
   56	-68	
   57	-94	
   58	-97	
   59	-99	
   60	-100	
   61	-101	
   62	-101	
   63	-102	
   64	-103	
   65	-103	
   66	-103	
   67	-104	
   68	-104	
   69	-104	
   70	-105	
   71	-105	
   72	-105	
   73	-106	
   74	-106	
   75	-106	
   76	-106	
   77	-106	
   78	-107	
   79	-107	
   80	-107	
   81	-107	
   82	-107	
   83	-107	
   84	-107	
   85	-108	
   86	-108	
   87	-108	
   88	-108	
   89	-108	
   90	-108	
   91	-108	
   92	-108	
   93	-108	
   94	-108	
   95	-108	
   96	-108	
   97	-108	
   98	-108	
   99	-108	
  100	-108	
  101	-108	
  102	-108	
  103	-108	
  104	-108	
  105	-108	
  106	-108	
  107	-108	
  108	-108	
  109	-106	
  110	-102	
  111	-101	
  112	-100	
  113	-98	
  114	-96	
  115	-95	
  116	-94	
  117	-93	
  118	-93	
  119	-93	
  120	-93	
  121	-93	
  122	-93	
  123	-93	
  124	-93	
  125	-93	
  126	-93	
  127	-93	
  128	-93	
  129	-94	
  130	-94	
  131	-94	
  132	-94	
  133	-94	
  134	-5	
  135	0	
  136	0	
  137	-1	
  138	-1	
  139	0	
  140	0	
  141	0	
  142	-1	
