    1	1	
    2	1	
    3	1	
    4	1	
    5	1	
    6	1	
    7	1	
    8	1	
    9	1	
   10	1	
   11	1	
   12	1	
   13	1	
   14	1	
   15	1	
   16	1	
   17	0	
   18	1	
   19	2047	
   20	2047	
   21	2047	
   22	2047	
   23	2047	
   24	2047	
   25	2047	
   26	2047	
   27	2047	
   28	2047	
   29	2047	
   30	2047	
   31	2047	
   32	2047	
   33	2	
   34	1	
   35	1	
   36	1	
   37	1	
   38	1	
   39	1	
   40	1	
   41	1	
   42	1	
   43	1	
   44	1	
   45	0	
   46	1	
   47	0	
   48	1	
   49	1	
   50	1	
   51	1	
   52	1	
   53	970	
   54	1082	
   55	1088	
   56	1089	
   57	1089	
   58	1090	
   59	1091	
   60	1091	
   61	1092	
   62	1095	
   63	1093	
   64	1094	
   65	1094	
   66	1096	
   67	1096	
   68	1096	
   69	1097	
   70	1096	
   71	1096	
   72	1095	
   73	1096	
   74	1097	
   75	1097	
   76	1098	
   77	1098	
   78	1100	
   79	1099	
   80	1100	
   81	1099	
   82	1099	
   83	1100	
   84	1101	
   85	1101	
   86	1101	
   87	1102	
   88	1102	
   89	1102	
   90	1102	
   91	1103	
   92	1102	
   93	1102	
   94	1103	
   95	1103	
   96	1104	
   97	1104	
   98	1104	
   99	1104	
  100	1105	
  101	1106	
  102	1106	
  103	1106	
  104	1105	
  105	1105	
  106	1105	
  107	1105	
  108	1107	
  109	1108	
  110	1108	
  111	1107	
  112	1108	
  113	1107	
  114	1107	
  115	1108	
  116	1108	
  117	1108	
  118	1108	
  119	1108	
  120	1108	
  121	1108	
  122	1108	
  123	1109	
  124	1109	
  125	1110	
  126	1110	
  127	1110	
  128	1111	
  129	1112	
  130	1111	
  131	1112	
  132	1111	
  133	1112	
  134	1111	
  135	1110	
  136	1111	
  137	1112	
  138	3	
  139	1	
  140	1	
  141	1	
  142	1	
  143	1	
  144	1	
  145	1	
  146	1	
