    1	-11	
    2	-11	
    3	-11	
    4	-11	
    5	-11	
    6	-11	
    7	-11	
    8	-11	
    9	-11	
   10	-11	
   11	-11	
   12	-11	
   13	-11	
   14	-11	
   15	-11	
   16	-12	
   17	-11	
   18	-11	
   19	699	
   20	916	
   21	1004	
   22	897	
   23	814	
   24	732	
   25	683	
   26	644	
   27	606	
   28	581	
   29	556	
   30	540	
   31	526	
   32	511	
   33	-11	
   34	-11	
   35	-11	
   36	-11	
   37	-11	
   38	-11	
   39	-11	
   40	-11	
   41	-11	
   42	-11	
   43	-11	
   44	-11	
   45	-11	
   46	-11	
   47	-11	
   48	-11	
   49	-11	
   50	-11	
   51	-12	
   52	-11	
   53	756	
   54	884	
   55	885	
   56	885	
   57	884	
   58	883	
   59	882	
   60	882	
   61	883	
   62	885	
   63	884	
   64	884	
   65	885	
   66	886	
   67	886	
   68	886	
   69	887	
   70	886	
   71	887	
   72	886	
   73	887	
   74	888	
   75	888	
   76	888	
   77	889	
   78	890	
   79	890	
   80	890	
   81	890	
   82	889	
   83	891	
   84	892	
   85	892	
   86	892	
   87	893	
   88	893	
   89	893	
   90	893	
   91	894	
   92	893	
   93	893	
   94	894	
   95	894	
   96	895	
   97	895	
   98	895	
   99	896	
  100	897	
  101	898	
  102	899	
  103	898	
  104	898	
  105	898	
  106	898	
  107	899	
  108	901	
  109	902	
  110	902	
  111	901	
  112	902	
  113	901	
  114	901	
  115	902	
  116	903	
  117	903	
  118	903	
  119	903	
  120	902	
  121	903	
  122	903	
  123	904	
  124	903	
  125	905	
  126	905	
  127	905	
  128	906	
  129	907	
  130	907	
  131	907	
  132	907	
  133	907	
  134	907	
  135	906	
  136	906	
  137	907	
  138	-9	
  139	-11	
  140	-11	
  141	-11	
  142	-11	
  143	-11	
  144	-11	
  145	-11	
  146	-12	
