    1	0	
    2	0	
    3	0	
    4	0	
    5	-1	
    6	0	
    7	0	
    8	0	
    9	0	
   10	0	
   11	0	
   12	0	
   13	0	
   14	0	
   15	0	
   16	-1	
   17	-1	
   18	0	
   19	0	
   20	0	
   21	0	
   22	0	
   23	-58	
   24	-45	
   25	-37	
   26	-34	
   27	-32	
   28	-30	
   29	-28	
   30	-28	
   31	-26	
   32	-26	
   33	-25	
   34	-25	
   35	-24	
   36	-1	
   37	0	
   38	0	
   39	-1	
   40	-1	
   41	-1	
   42	0	
   43	0	
   44	0	
   45	0	
   46	0	
   47	0	
   48	0	
   49	-1	
   50	-1	
   51	-1	
   52	-1	
   53	-1	
   54	38	
   55	-61	
   56	-75	
   57	-75	
   58	-75	
   59	-76	
   60	-76	
   61	-76	
   62	-77	
   63	-77	
   64	-77	
   65	-77	
   66	-77	
   67	-78	
   68	-78	
   69	-78	
   70	-78	
   71	-78	
   72	-79	
   73	-78	
   74	-79	
   75	-79	
   76	-79	
   77	-79	
   78	-79	
   79	-79	
   80	-79	
   81	-79	
   82	-79	
   83	-79	
   84	-79	
   85	-79	
   86	-79	
   87	-79	
   88	-79	
   89	-79	
   90	-79	
   91	-79	
   92	-79	
   93	-79	
   94	-79	
   95	-80	
   96	-80	
   97	-80	
   98	-80	
   99	-80	
  100	-80	
  101	-80	
  102	-80	
  103	-80	
  104	-80	
  105	-80	
  106	-80	
  107	-80	
  108	-80	
  109	-80	
  110	-80	
  111	-80	
  112	-80	
  113	-80	
  114	-80	
  115	-80	
  116	-80	
  117	-80	
  118	-80	
  119	-79	
  120	-80	
  121	-80	
  122	-80	
  123	-80	
  124	-81	
  125	-81	
  126	-81	
  127	-80	
  128	-81	
  129	-81	
  130	-81	
  131	-81	
  132	-81	
  133	-81	
  134	-81	
  135	-81	
  136	-81	
  137	-81	
  138	-81	
  139	-81	
  140	0	
  141	0	
  142	0	
  143	-1	
  144	-1	
  145	0	
  146	-1	
  147	-1	
  148	-1	
