    1	1	
    2	1	
    3	1	
    4	1	
    5	1	
    6	1	
    7	1	
    8	1	
    9	1	
   10	1	
   11	1	
   12	1	
   13	1	
   14	1	
   15	1	
   16	1	
   17	1	
   18	1	
   19	1	
   20	0	
   21	1	
   22	2047	
   23	2047	
   24	2047	
   25	2047	
   26	2047	
   27	2047	
   28	2047	
   29	2047	
   30	2047	
   31	2047	
   32	2047	
   33	2047	
   34	2047	
   35	38	
   36	1	
   37	1	
   38	1	
   39	1	
   40	1	
   41	1	
   42	1	
   43	1	
   44	1	
   45	1	
   46	1	
   47	1	
   48	1	
   49	0	
   50	1	
   51	1	
   52	954	
   53	1147	
   54	1157	
   55	1161	
   56	1162	
   57	1166	
   58	1167	
   59	1167	
   60	1168	
   61	1168	
   62	1168	
   63	1169	
   64	1168	
   65	1172	
   66	1173	
   67	1175	
   68	1176	
   69	1176	
   70	1177	
   71	1177	
   72	1178	
   73	1179	
   74	1180	
   75	1180	
   76	1180	
   77	1180	
   78	1181	
   79	1179	
   80	1180	
   81	1180	
   82	1180	
   83	1180	
   84	1180	
   85	1180	
   86	1180	
   87	1181	
   88	1181	
   89	1181	
   90	1181	
   91	1182	
   92	1182	
   93	1182	
   94	1182	
   95	1182	
   96	1182	
   97	1182	
   98	1183	
   99	1183	
  100	1183	
  101	1183	
  102	1183	
  103	1184	
  104	1185	
  105	1186	
  106	1186	
  107	1186	
  108	1186	
  109	1186	
  110	1186	
  111	1186	
  112	1186	
  113	1187	
  114	1187	
  115	1187	
  116	1187	
  117	1187	
  118	1187	
  119	1187	
  120	1187	
  121	1187	
  122	1188	
  123	1188	
  124	1188	
  125	1188	
  126	1188	
  127	1188	
  128	1188	
  129	1188	
  130	1188	
  131	1188	
  132	1188	
  133	1188	
  134	1189	
  135	1187	
  136	1187	
  137	20	
  138	1	
  139	1	
  140	1	
  141	1	
  142	1	
  143	1	
  144	1	
  145	1	
