    1	0	
    2	-1	
    3	0	
    4	0	
    5	0	
    6	0	
    7	0	
    8	0	
    9	0	
   10	-1	
   11	0	
   12	0	
   13	-1	
   14	0	
   15	-1	
   16	0	
   17	0	
   18	0	
   19	0	
   20	0	
   21	0	
   22	0	
   23	-1	
   24	-60	
   25	-56	
   26	-53	
   27	-51	
   28	-48	
   29	-46	
   30	-44	
   31	-41	
   32	-40	
   33	-39	
   34	-38	
   35	-37	
   36	0	
   37	0	
   38	0	
   39	-1	
   40	0	
   41	0	
   42	-1	
   43	0	
   44	0	
   45	0	
   46	0	
   47	-1	
   48	0	
   49	0	
   50	0	
   51	-77	
   52	-81	
   53	-81	
   54	-82	
   55	-84	
   56	-84	
   57	-86	
   58	-87	
   59	-88	
   60	-88	
   61	-89	
   62	-90	
   63	-90	
   64	-91	
   65	-91	
   66	-91	
   67	-92	
   68	-92	
   69	-92	
   70	-93	
   71	-93	
   72	-93	
   73	-93	
   74	-94	
   75	-94	
   76	-94	
   77	-94	
   78	-94	
   79	-94	
   80	-94	
   81	-94	
   82	-94	
   83	-94	
   84	-94	
   85	-94	
   86	-94	
   87	-94	
   88	-94	
   89	-95	
   90	-95	
   91	-95	
   92	-95	
   93	-95	
   94	-95	
   95	-94	
   96	-95	
   97	-94	
   98	-94	
   99	-94	
  100	-94	
  101	-94	
  102	-94	
  103	-95	
  104	-94	
  105	-94	
  106	-94	
  107	-94	
  108	-95	
  109	-94	
  110	-94	
  111	-95	
  112	-95	
  113	-95	
  114	-95	
  115	-95	
  116	-95	
  117	-95	
  118	-95	
  119	-95	
  120	-95	
  121	-95	
  122	-95	
  123	-95	
  124	-95	
  125	-95	
  126	0	
  127	-1	
  128	-1	
  129	-1	
  130	-1	
  131	0	
  132	0	
  133	0	
