    1	-1	
    2	0	
    3	0	
    4	0	
    5	-1	
    6	-1	
    7	-1	
    8	0	
    9	0	
   10	0	
   11	0	
   12	0	
   13	-60	
   14	-46	
   15	-44	
   16	-45	
   17	-44	
   18	-42	
   19	-40	
   20	-39	
   21	-37	
   22	-36	
   23	-35	
   24	-34	
   25	-33	
   26	0	
   27	-1	
   28	0	
   29	0	
   30	0	
   31	0	
   32	0	
   33	-1	
   34	-1	
   35	0	
   36	-1	
   37	0	
   38	-1	
   39	-1	
   40	-1	
   41	-1	
   42	0	
   43	57	
   44	-41	
   45	-67	
   46	-73	
   47	-77	
   48	-79	
   49	-80	
   50	-81	
   51	-82	
   52	-82	
   53	-83	
   54	-83	
   55	-83	
   56	-83	
   57	-84	
   58	-84	
   59	-84	
   60	-85	
   61	-85	
   62	-85	
   63	-85	
   64	-86	
   65	-86	
   66	-86	
   67	-87	
   68	-86	
   69	-87	
   70	-87	
   71	-87	
   72	-87	
   73	-87	
   74	-88	
   75	-88	
   76	-88	
   77	-88	
   78	-88	
   79	-88	
   80	-88	
   81	-88	
   82	-88	
   83	-89	
   84	-89	
   85	-89	
   86	-89	
   87	-89	
   88	-89	
   89	-89	
   90	-90	
   91	-89	
   92	-90	
   93	-90	
   94	-90	
   95	-90	
   96	-90	
   97	-90	
   98	-90	
   99	-90	
  100	-90	
  101	-90	
  102	-90	
  103	-90	
  104	-90	
  105	-90	
  106	-90	
  107	-90	
  108	-91	
  109	-90	
  110	-90	
  111	-90	
  112	-90	
  113	-90	
  114	-90	
  115	-90	
  116	-91	
  117	-91	
  118	-90	
  119	-91	
  120	-91	
  121	-91	
  122	-91	
  123	-91	
  124	-91	
  125	-91	
  126	-91	
  127	-91	
  128	-90	
  129	-1	
  130	0	
  131	-1	
  132	-1	
  133	0	
  134	-1	
  135	-1	
  136	-1	
  137	0	
