    1	1	
    2	1	
    3	1	
    4	1	
    5	1	
    6	1	
    7	1	
    8	1	
    9	1	
   10	1	
   11	1	
   12	1	
   13	1	
   14	1	
   15	1	
   16	0	
   17	1	
   18	1	
   19	1	
   20	1	
   21	1	
   22	1	
   23	1	
   24	2047	
   25	2047	
   26	2047	
   27	2047	
   28	2047	
   29	2047	
   30	2047	
   31	2047	
   32	2047	
   33	2047	
   34	2047	
   35	2047	
   36	341	
   37	1	
   38	1	
   39	1	
   40	1	
   41	1	
   42	1	
   43	1	
   44	1	
   45	1	
   46	1	
   47	1	
   48	1	
   49	1	
   50	1	
   51	1164	
   52	1168	
   53	1168	
   54	1170	
   55	1174	
   56	1175	
   57	1177	
   58	1179	
   59	1178	
   60	1179	
   61	1179	
   62	1179	
   63	1178	
   64	1178	
   65	1179	
   66	1180	
   67	1180	
   68	1180	
   69	1180	
   70	1180	
   71	1181	
   72	1181	
   73	1181	
   74	1182	
   75	1182	
   76	1181	
   77	1181	
   78	1182	
   79	1180	
   80	1181	
   81	1180	
   82	1181	
   83	1180	
   84	1180	
   85	1181	
   86	1180	
   87	1181	
   88	1182	
   89	1182	
   90	1182	
   91	1183	
   92	1182	
   93	1182	
   94	1182	
   95	1183	
   96	1182	
   97	1181	
   98	1181	
   99	1182	
  100	1183	
  101	1182	
  102	1183	
  103	1184	
  104	1183	
  105	1182	
  106	1182	
  107	1184	
  108	1184	
  109	1184	
  110	1184	
  111	1185	
  112	1184	
  113	1185	
  114	1185	
  115	1185	
  116	1186	
  117	1186	
  118	1185	
  119	1186	
  120	1186	
  121	1186	
  122	1185	
  123	1186	
  124	1186	
  125	1186	
  126	1	
  127	1	
  128	1	
  129	1	
  130	1	
  131	1	
  132	1	
  133	1	
