    1	-1	
    2	-1	
    3	0	
    4	-1	
    5	-1	
    6	0	
    7	-1	
    8	0	
    9	-1	
   10	-1	
   11	0	
   12	-1	
   13	-1	
   14	-1	
   15	-1	
   16	-1	
   17	-1	
   18	-1	
   19	-70	
   20	-56	
   21	-56	
   22	-55	
   23	-53	
   24	-51	
   25	-49	
   26	-48	
   27	-46	
   28	-45	
   29	-45	
   30	-44	
   31	-44	
   32	0	
   33	-1	
   34	-1	
   35	0	
   36	-1	
   37	0	
   38	-1	
   39	-1	
   40	-1	
   41	-1	
   42	-1	
   43	-1	
   44	0	
   45	0	
   46	0	
   47	0	
   48	-1	
   49	-1	
   50	-29	
   51	-64	
   52	-69	
   53	-73	
   54	-76	
   55	-79	
   56	-81	
   57	-83	
   58	-84	
   59	-85	
   60	-86	
   61	-87	
   62	-89	
   63	-90	
   64	-91	
   65	-92	
   66	-93	
   67	-94	
   68	-94	
   69	-95	
   70	-95	
   71	-96	
   72	-96	
   73	-96	
   74	-97	
   75	-96	
   76	-97	
   77	-97	
   78	-97	
   79	-97	
   80	-97	
   81	-97	
   82	-97	
   83	-97	
   84	-97	
   85	-97	
   86	-97	
   87	-97	
   88	-97	
   89	-97	
   90	-97	
   91	-97	
   92	-97	
   93	-97	
   94	-97	
   95	-97	
   96	-97	
   97	-97	
   98	-96	
   99	-96	
  100	-96	
  101	-96	
  102	-95	
  103	-95	
  104	-96	
  105	-96	
  106	-96	
  107	-96	
  108	-95	
  109	-95	
  110	-95	
  111	-95	
  112	-95	
  113	-95	
  114	-95	
  115	-95	
  116	-95	
  117	-95	
  118	-95	
  119	-94	
  120	-94	
  121	-94	
  122	-94	
  123	-94	
  124	-94	
  125	-94	
  126	-94	
  127	-94	
  128	-94	
  129	-94	
  130	-94	
  131	-94	
  132	-94	
  133	-94	
  134	-94	
  135	-1	
  136	-1	
  137	-1	
  138	-1	
  139	0	
  140	0	
  141	-1	
  142	-1	
  143	-1	
