    1	1	
    2	1	
    3	1	
    4	1	
    5	1	
    6	1	
    7	1	
    8	1	
    9	1	
   10	1	
   11	1	
   12	1	
   13	1	
   14	1	
   15	1	
   16	1	
   17	1	
   18	1	
   19	0	
   20	1	
   21	1	
   22	298	
   23	2047	
   24	2047	
   25	2047	
   26	2047	
   27	2047	
   28	2047	
   29	2047	
   30	2047	
   31	2047	
   32	2047	
   33	2047	
   34	2047	
   35	2047	
   36	7	
   37	1	
   38	1	
   39	1	
   40	1	
   41	1	
   42	1	
   43	1	
   44	1	
   45	1	
   46	0	
   47	0	
   48	1	
   49	1	
   50	0	
   51	1	
   52	533	
   53	983	
   54	1160	
   55	1165	
   56	1169	
   57	1170	
   58	1171	
   59	1172	
   60	1172	
   61	1171	
   62	1176	
   63	1178	
   64	1179	
   65	1179	
   66	1179	
   67	1179	
   68	1180	
   69	1179	
   70	1179	
   71	1180	
   72	1180	
   73	1181	
   74	1181	
   75	1181	
   76	1181	
   77	1181	
   78	1181	
   79	1182	
   80	1183	
   81	1184	
   82	1184	
   83	1184	
   84	1183	
   85	1183	
   86	1183	
   87	1184	
   88	1184	
   89	1184	
   90	1184	
   91	1184	
   92	1184	
   93	1184	
   94	1184	
   95	1182	
   96	1182	
   97	1183	
   98	1182	
   99	1182	
  100	1182	
  101	1182	
  102	1182	
  103	1180	
  104	1181	
  105	1182	
  106	1182	
  107	1182	
  108	1181	
  109	1180	
  110	1180	
  111	1179	
  112	1180	
  113	1181	
  114	1181	
  115	1180	
  116	1180	
  117	1180	
  118	1181	
  119	1181	
  120	1181	
  121	1181	
  122	1180	
  123	1181	
  124	1182	
  125	1181	
  126	1181	
  127	1182	
  128	1182	
  129	1183	
  130	1183	
  131	1182	
  132	1182	
  133	1183	
  134	1184	
  135	1183	
  136	1183	
  137	1183	
  138	1	
  139	1	
  140	1	
  141	1	
  142	1	
  143	1	
  144	1	
  145	1	
  146	1	
