    1	-11	
    2	-11	
    3	-11	
    4	-11	
    5	-11	
    6	-11	
    7	-11	
    8	-12	
    9	-11	
   10	-11	
   11	-11	
   12	-11	
   13	-11	
   14	-12	
   15	-11	
   16	-12	
   17	-11	
   18	-11	
   19	-11	
   20	732	
   21	803	
   22	712	
   23	641	
   24	577	
   25	540	
   26	505	
   27	485	
   28	468	
   29	450	
   30	438	
   31	426	
   32	417	
   33	46	
   34	-11	
   35	-11	
   36	-11	
   37	-11	
   38	-11	
   39	-11	
   40	-12	
   41	-11	
   42	-11	
   43	-11	
   44	-11	
   45	-11	
   46	-11	
   47	-11	
   48	-11	
   49	-11	
   50	-12	
   51	697	
   52	897	
   53	942	
   54	968	
   55	984	
   56	998	
   57	1004	
   58	1010	
   59	1013	
   60	1013	
   61	1010	
   62	1008	
   63	1007	
   64	1002	
   65	1002	
   66	1002	
   67	1002	
   68	1003	
   69	1004	
   70	1005	
   71	1005	
   72	1007	
   73	1010	
   74	1010	
   75	1010	
   76	1012	
   77	1010	
   78	1013	
   79	1015	
   80	1015	
   81	1016	
   82	1017	
   83	1018	
   84	1019	
   85	1020	
   86	1022	
   87	1024	
   88	1023	
   89	1024	
   90	1024	
   91	1024	
   92	1024	
   93	1026	
   94	1027	
   95	1028	
   96	1029	
   97	1032	
   98	1033	
   99	1035	
  100	1035	
  101	1036	
  102	1037	
  103	1039	
  104	1040	
  105	1044	
  106	1050	
  107	1051	
  108	1054	
  109	1055	
  110	1057	
  111	1060	
  112	1063	
  113	1062	
  114	1063	
  115	1060	
  116	1055	
  117	1050	
  118	1046	
  119	1047	
  120	1043	
  121	1040	
  122	1037	
  123	1035	
  124	1033	
  125	1030	
  126	1029	
  127	1028	
  128	1024	
  129	1024	
  130	1022	
  131	1021	
  132	1020	
  133	6	
  134	-11	
  135	-11	
  136	-11	
  137	-11	
  138	-11	
  139	-11	
  140	-11	
  141	-11	
