    1	-12	
    2	-11	
    3	-11	
    4	-11	
    5	-11	
    6	-11	
    7	-11	
    8	-11	
    9	-11	
   10	-11	
   11	-11	
   12	-11	
   13	-12	
   14	-11	
   15	-11	
   16	-12	
   17	-11	
   18	-12	
   19	-12	
   20	-12	
   21	-11	
   22	-12	
   23	189	
   24	1085	
   25	1177	
   26	978	
   27	858	
   28	758	
   29	705	
   30	667	
   31	634	
   32	614	
   33	594	
   34	582	
   35	573	
   36	565	
   37	-2	
   38	-11	
   39	-11	
   40	-11	
   41	-11	
   42	-11	
   43	-11	
   44	-11	
   45	-11	
   46	-11	
   47	-11	
   48	-11	
   49	-11	
   50	-11	
   51	-11	
   52	-12	
   53	-11	
   54	389	
   55	787	
   56	980	
   57	984	
   58	988	
   59	988	
   60	988	
   61	988	
   62	987	
   63	986	
   64	985	
   65	985	
   66	984	
   67	984	
   68	988	
   69	987	
   70	988	
   71	988	
   72	988	
   73	988	
   74	988	
   75	988	
   76	988	
   77	987	
   78	987	
   79	988	
   80	988	
   81	989	
   82	989	
   83	989	
   84	990	
   85	991	
   86	988	
   87	988	
   88	989	
   89	989	
   90	990	
   91	990	
   92	988	
   93	989	
   94	988	
   95	988	
   96	988	
   97	986	
   98	987	
   99	988	
  100	988	
  101	987	
  102	988	
  103	989	
  104	988	
  105	987	
  106	982	
  107	985	
  108	986	
  109	986	
  110	986	
  111	985	
  112	986	
  113	987	
  114	987	
  115	988	
  116	986	
  117	987	
  118	986	
  119	986	
  120	986	
  121	984	
  122	983	
  123	983	
  124	984	
  125	984	
  126	984	
  127	984	
  128	985	
  129	984	
  130	984	
  131	983	
  132	983	
  133	983	
  134	984	
  135	984	
  136	984	
  137	984	
  138	985	
  139	985	
  140	-9	
  141	-11	
  142	-11	
  143	-11	
  144	-11	
  145	-11	
  146	-11	
  147	-11	
  148	-11	
