    1	-12	
    2	-11	
    3	-11	
    4	-11	
    5	-11	
    6	-11	
    7	-11	
    8	-11	
    9	-11	
   10	-11	
   11	-11	
   12	-12	
   13	-11	
   14	-11	
   15	-11	
   16	-11	
   17	-12	
   18	-11	
   19	-12	
   20	-12	
   21	-11	
   22	-12	
   23	-11	
   24	305	
   25	882	
   26	853	
   27	707	
   28	626	
   29	573	
   30	531	
   31	507	
   32	485	
   33	472	
   34	462	
   35	451	
   36	445	
   37	439	
   38	-10	
   39	-11	
   40	-11	
   41	-11	
   42	-11	
   43	-11	
   44	-11	
   45	-11	
   46	-12	
   47	-12	
   48	-11	
   49	-11	
   50	-11	
   51	-11	
   52	-11	
   53	-11	
   54	-11	
   55	-11	
   56	642	
   57	815	
   58	895	
   59	898	
   60	900	
   61	900	
   62	900	
   63	900	
   64	902	
   65	905	
   66	907	
   67	910	
   68	911	
   69	911	
   70	914	
   71	916	
   72	916	
   73	917	
   74	918	
   75	919	
   76	920	
   77	921	
   78	922	
   79	922	
   80	924	
   81	923	
   82	924	
   83	924	
   84	924	
   85	926	
   86	925	
   87	925	
   88	926	
   89	926	
   90	928	
   91	928	
   92	929	
   93	930	
   94	930	
   95	931	
   96	932	
   97	933	
   98	933	
   99	934	
  100	935	
  101	935	
  102	936	
  103	936	
  104	936	
  105	936	
  106	937	
  107	937	
  108	935	
  109	936	
  110	936	
  111	936	
  112	935	
  113	936	
  114	936	
  115	936	
  116	937	
  117	936	
  118	936	
  119	936	
  120	937	
  121	937	
  122	937	
  123	937	
  124	936	
  125	937	
  126	938	
  127	938	
  128	937	
  129	937	
  130	937	
  131	937	
  132	937	
  133	937	
  134	938	
  135	937	
  136	937	
  137	937	
  138	938	
  139	938	
  140	938	
  141	124	
  142	-11	
  143	-11	
  144	-11	
  145	-11	
  146	-11	
  147	-11	
  148	-11	
  149	-11	
