  1.7650000e+002  3.6250000e+002  4.7000000e+001  6.6000000e+001
  1.7650000e+002  3.6150000e+002  4.7000000e+001  6.6000000e+001
  1.7750000e+002  3.6150000e+002  4.6000000e+001  6.7000000e+001
  1.7750000e+002  3.6250000e+002  4.6000000e+001  6.5000000e+001
  1.7750000e+002  3.6150000e+002  4.5000000e+001  6.6000000e+001
  1.8050000e+002  3.6150000e+002  4.6000000e+001  6.6000000e+001
  1.8050000e+002  3.6150000e+002  4.8000000e+001  6.6000000e+001
  1.8250000e+002  3.6150000e+002  4.5000000e+001  6.4000000e+001
  1.8350000e+002  3.5950000e+002  5.0000000e+001  6.6000000e+001
  1.8450000e+002  3.5850000e+002  4.8000000e+001  6.4000000e+001
  1.8550000e+002  3.5750000e+002  5.5000000e+001  6.3000000e+001
  1.8650000e+002  3.5450000e+002  5.6000000e+001  6.0000000e+001
  1.8750000e+002  3.5250000e+002  5.7000000e+001  5.8000000e+001
  1.8750000e+002  3.5050000e+002  5.8000000e+001  5.8000000e+001
  1.8750000e+002  3.4950000e+002  6.1000000e+001  5.7000000e+001
  1.8850000e+002  3.4850000e+002  6.3000000e+001  5.7000000e+001
  1.8750000e+002  3.4850000e+002  6.2000000e+001  5.5000000e+001
  1.8750000e+002  3.4650000e+002  6.4000000e+001  5.8000000e+001
  1.8750000e+002  3.4550000e+002  6.5000000e+001  5.6000000e+001
  1.8750000e+002  3.4450000e+002  6.8000000e+001  5.6000000e+001
  1.8550000e+002  3.4250000e+002  7.0000000e+001  5.8000000e+001
  1.8550000e+002  3.4250000e+002  7.0000000e+001  5.5000000e+001
  1.8450000e+002  3.4250000e+002  6.8000000e+001  5.5000000e+001
  1.8450000e+002  3.4250000e+002  6.8000000e+001  5.4000000e+001
  1.8450000e+002  3.4150000e+002  6.8000000e+001  5.4000000e+001
  1.8450000e+002  3.4150000e+002  6.8000000e+001  5.3000000e+001
  1.8450000e+002  3.4050000e+002  6.3000000e+001  5.5000000e+001
  1.8550000e+002  3.4050000e+002  5.8000000e+001  5.4000000e+001
  1.8750000e+002  3.3950000e+002  5.3000000e+001  5.5000000e+001
  1.8850000e+002  3.3950000e+002  4.9000000e+001  5.5000000e+001
  1.9250000e+002  3.3950000e+002  4.7000000e+001  5.5000000e+001
  1.9650000e+002  3.3950000e+002  4.4000000e+001  5.6000000e+001
  1.9750000e+002  3.4150000e+002  4.3000000e+001  5.5000000e+001
  2.0050000e+002  3.4050000e+002  4.0000000e+001  6.5000000e+001
  2.0350000e+002  3.4050000e+002  4.0000000e+001  6.4000000e+001
  2.0650000e+002  3.3550000e+002  3.8000000e+001  6.5000000e+001
  2.0750000e+002  3.2950000e+002  3.8000000e+001  6.6000000e+001
  2.0950000e+002  3.2350000e+002  3.8000000e+001  6.6000000e+001
  2.1450000e+002  3.1450000e+002  3.6000000e+001  6.6000000e+001
  2.1750000e+002  3.0350000e+002  3.5000000e+001  6.7000000e+001
  2.2150000e+002  2.9450000e+002  3.6000000e+001  6.5000000e+001
  2.2850000e+002  2.8550000e+002  3.6000000e+001  6.4000000e+001
  2.3350000e+002  2.7950000e+002  4.2000000e+001  5.2000000e+001
  2.4550000e+002  2.7250000e+002  4.2000000e+001  4.8000000e+001
  2.5850000e+002  2.6550000e+002  4.6000000e+001  4.5000000e+001
  2.7350000e+002  2.5850000e+002  5.0000000e+001  3.9000000e+001
  2.9050000e+002  2.4750000e+002  5.3000000e+001  3.3000000e+001
  3.0650000e+002  2.3350000e+002  5.5000000e+001  2.7000000e+001
  3.2750000e+002  2.1150000e+002  5.4000000e+001  2.8000000e+001
  3.4650000e+002  1.8650000e+002  5.5000000e+001  3.1000000e+001
  3.6750000e+002  1.6150000e+002  5.4000000e+001  3.8000000e+001
  3.8750000e+002  1.3950000e+002  5.5000000e+001  4.3000000e+001
  4.0550000e+002  1.2250000e+002  5.8000000e+001  4.6000000e+001
  4.2050000e+002  1.1150000e+002  6.3000000e+001  4.8000000e+001
  4.3250000e+002  1.0750000e+002  6.8000000e+001  4.6000000e+001
  4.4150000e+002  1.0850000e+002  7.1000000e+001  4.3000000e+001
  4.4650000e+002  1.1050000e+002  7.0000000e+001  4.1000000e+001
  4.4850000e+002  1.1350000e+002  7.2000000e+001  4.0000000e+001
  4.5050000e+002  1.1450000e+002  7.0000000e+001  4.1000000e+001
  4.5250000e+002  1.1550000e+002  7.1000000e+001  4.1000000e+001
  4.5250000e+002  1.1650000e+002  7.2000000e+001  4.0000000e+001
  4.5350000e+002  1.1750000e+002  7.1000000e+001  4.1000000e+001
  4.5350000e+002  1.1950000e+002  7.1000000e+001  4.0000000e+001
  4.5350000e+002  1.1950000e+002  7.1000000e+001  4.1000000e+001
  4.5250000e+002  1.2050000e+002  7.1000000e+001  4.2000000e+001
  4.5050000e+002  1.2150000e+002  7.0000000e+001  4.2000000e+001
  4.4750000e+002  1.2250000e+002  6.9000000e+001  4.4000000e+001
  4.4050000e+002  1.2350000e+002  6.7000000e+001  4.6000000e+001
  4.2850000e+002  1.2850000e+002  6.7000000e+001  4.4000000e+001
  4.1250000e+002  1.3350000e+002  6.5000000e+001  4.3000000e+001
  3.9250000e+002  1.4250000e+002  6.4000000e+001  3.9000000e+001
  3.6850000e+002  1.5550000e+002  6.7000000e+001  3.3000000e+001
  3.4850000e+002  1.6950000e+002  6.4000000e+001  2.9000000e+001
  3.2750000e+002  1.8650000e+002  6.4000000e+001  3.2000000e+001
  3.1050000e+002  2.0250000e+002  5.8000000e+001  3.2000000e+001
  2.9150000e+002  2.1550000e+002  5.7000000e+001  3.8000000e+001
  2.7450000e+002  2.2950000e+002  5.5000000e+001  4.3000000e+001
  2.5850000e+002  2.4450000e+002  5.4000000e+001  4.5000000e+001
  2.4650000e+002  2.5550000e+002  5.0000000e+001  4.9000000e+001
  2.3450000e+002  2.6550000e+002  5.0000000e+001  5.2000000e+001
  2.2750000e+002  2.7250000e+002  4.8000000e+001  5.5000000e+001
  2.2450000e+002  2.8050000e+002  4.7000000e+001  5.7000000e+001
  2.2350000e+002  2.8750000e+002  4.5000000e+001  5.8000000e+001
  2.2450000e+002  2.9550000e+002  4.3000000e+001  5.8000000e+001
  2.2450000e+002  3.0350000e+002  4.3000000e+001  5.8000000e+001
  2.2450000e+002  3.1050000e+002  4.2000000e+001  5.8000000e+001
  2.2450000e+002  3.1650000e+002  4.0000000e+001  5.9000000e+001
  2.2150000e+002  3.2350000e+002  4.3000000e+001  5.8000000e+001
  2.2450000e+002  3.2550000e+002  3.9000000e+001  6.0000000e+001
  2.2350000e+002  3.2750000e+002  3.9000000e+001  6.1000000e+001
  2.2150000e+002  3.2750000e+002  4.0000000e+001  6.2000000e+001
  2.2050000e+002  3.2750000e+002  4.4000000e+001  6.3000000e+001
  2.1950000e+002  3.2550000e+002  5.3000000e+001  6.4000000e+001
  2.1650000e+002  3.2450000e+002  6.4000000e+001  6.4000000e+001
  2.1350000e+002  3.2550000e+002  6.7000000e+001  6.4000000e+001
  2.0850000e+002  3.2950000e+002  6.4000000e+001  6.6000000e+001
  2.0450000e+002  3.3950000e+002  5.0000000e+001  6.9000000e+001
  2.0050000e+002  3.4850000e+002  4.6000000e+001  7.2000000e+001
  1.9650000e+002  3.5650000e+002  4.5000000e+001  7.3000000e+001
  1.9250000e+002  3.6150000e+002  5.5000000e+001  7.3000000e+001
  1.9250000e+002  3.6450000e+002  5.2000000e+001  7.1000000e+001
  1.9350000e+002  3.6450000e+002  5.4000000e+001  7.2000000e+001
  1.9650000e+002  3.6450000e+002  5.1000000e+001  7.2000000e+001
  1.9650000e+002  3.6450000e+002  5.0000000e+001  7.1000000e+001
  1.9650000e+002  3.6450000e+002  4.9000000e+001  7.0000000e+001
  1.9450000e+002  3.6450000e+002  5.1000000e+001  7.1000000e+001
  1.9350000e+002  3.6450000e+002  5.1000000e+001  7.1000000e+001
  1.9250000e+002  3.6450000e+002  5.2000000e+001  7.1000000e+001
  1.9250000e+002  3.6450000e+002  5.1000000e+001  7.0000000e+001
  1.9250000e+002  3.6450000e+002  5.0000000e+001  7.1000000e+001
  1.9250000e+002  3.6450000e+002  5.0000000e+001  7.1000000e+001
  1.9250000e+002  3.6450000e+002  4.9000000e+001  7.1000000e+001
  1.9150000e+002  3.6450000e+002  5.0000000e+001  7.1000000e+001
  1.8950000e+002  3.6350000e+002  5.1000000e+001  7.1000000e+001
  1.8850000e+002  3.6450000e+002  5.1000000e+001  6.8000000e+001
  1.8850000e+002  3.6450000e+002  5.2000000e+001  6.9000000e+001
  1.8850000e+002  3.6350000e+002  4.4000000e+001  7.0000000e+001
  1.8850000e+002  3.6350000e+002  4.4000000e+001  6.9000000e+001
  1.8850000e+002  3.6350000e+002  4.4000000e+001  7.0000000e+001
  1.8850000e+002  3.6350000e+002  4.4000000e+001  7.0000000e+001
  1.8850000e+002  3.6350000e+002  5.1000000e+001  6.9000000e+001
  1.8850000e+002  3.6350000e+002  4.4000000e+001  6.9000000e+001
  1.8950000e+002  3.6250000e+002  4.3000000e+001  6.9000000e+001
  1.9150000e+002  3.6250000e+002  4.2000000e+001  6.9000000e+001
  1.9150000e+002  3.6150000e+002  4.8000000e+001  7.0000000e+001
  1.9150000e+002  3.6150000e+002  4.2000000e+001  7.0000000e+001
  1.8950000e+002  3.6150000e+002  5.0000000e+001  6.9000000e+001
  1.8850000e+002  3.6150000e+002  4.4000000e+001  6.9000000e+001
  1.8850000e+002  3.6150000e+002  4.4000000e+001  6.8000000e+001
  1.8850000e+002  3.6150000e+002  4.3000000e+001  6.8000000e+001
  1.8750000e+002  3.6150000e+002  4.4000000e+001  7.0000000e+001
  1.8550000e+002  3.6150000e+002  4.6000000e+001  7.0000000e+001
  1.8450000e+002  3.6050000e+002  4.4000000e+001  7.0000000e+001
  1.8450000e+002  3.6050000e+002  4.8000000e+001  7.0000000e+001
  1.8450000e+002  3.6050000e+002  4.4000000e+001  6.9000000e+001
  1.8350000e+002  3.6050000e+002  4.5000000e+001  7.0000000e+001
  1.8350000e+002  3.6050000e+002  4.4000000e+001  7.0000000e+001
  1.8150000e+002  3.6050000e+002  4.6000000e+001  7.0000000e+001
  1.8150000e+002  3.6050000e+002  4.6000000e+001  7.1000000e+001
  1.8150000e+002  3.6050000e+002  4.3000000e+001  7.1000000e+001
  1.8150000e+002  3.6050000e+002  4.3000000e+001  7.0000000e+001
  1.8150000e+002  3.6050000e+002  4.3000000e+001  6.9000000e+001
  1.8150000e+002  3.6050000e+002  4.3000000e+001  7.0000000e+001
  1.8150000e+002  3.6050000e+002  4.4000000e+001  7.0000000e+001
  1.8150000e+002  3.6050000e+002  4.6000000e+001  6.9000000e+001
  1.8150000e+002  3.6050000e+002  4.6000000e+001  6.8000000e+001
  1.8150000e+002  3.5950000e+002  4.5000000e+001  6.9000000e+001
  1.8350000e+002  3.6050000e+002  4.5000000e+001  6.8000000e+001
  1.8350000e+002  3.5950000e+002  4.5000000e+001  6.9000000e+001
  1.8350000e+002  3.5950000e+002  4.8000000e+001  6.8000000e+001
  1.8350000e+002  3.5950000e+002  4.3000000e+001  7.0000000e+001
  1.8350000e+002  3.5950000e+002  4.3000000e+001  6.9000000e+001
  1.8350000e+002  3.5850000e+002  4.3000000e+001  6.9000000e+001
  1.8350000e+002  3.5850000e+002  4.4000000e+001  6.8000000e+001
  1.8350000e+002  3.5750000e+002  4.5000000e+001  7.0000000e+001
  1.8450000e+002  3.5750000e+002  4.8000000e+001  7.1000000e+001
  1.8450000e+002  3.5650000e+002  4.7000000e+001  7.1000000e+001
  1.8450000e+002  3.5750000e+002  4.6000000e+001  7.1000000e+001
  1.8750000e+002  3.5750000e+002  4.5000000e+001  7.1000000e+001
  1.8850000e+002  3.5650000e+002  4.4000000e+001  7.1000000e+001
  1.8850000e+002  3.5750000e+002  4.4000000e+001  7.0000000e+001
  1.8850000e+002  3.5650000e+002  4.5000000e+001  7.2000000e+001
  1.8850000e+002  3.5750000e+002  4.7000000e+001  7.0000000e+001
  1.8850000e+002  3.5650000e+002  4.6000000e+001  7.0000000e+001
  1.8850000e+002  3.5650000e+002  4.6000000e+001  7.0000000e+001
  1.8850000e+002  3.5750000e+002  4.7000000e+001  7.0000000e+001
  1.8850000e+002  3.5750000e+002  4.6000000e+001  7.0000000e+001
  1.8850000e+002  3.5650000e+002  4.6000000e+001  7.0000000e+001
  1.8850000e+002  3.5750000e+002  4.6000000e+001  7.0000000e+001
  1.8950000e+002  3.5750000e+002  4.6000000e+001  7.0000000e+001
  1.8950000e+002  3.5650000e+002  4.6000000e+001  7.0000000e+001
  1.9150000e+002  3.5750000e+002  4.8000000e+001  6.9000000e+001
  1.9250000e+002  3.5750000e+002  4.7000000e+001  6.9000000e+001
  1.9250000e+002  3.5750000e+002  4.7000000e+001  6.9000000e+001
  1.9350000e+002  3.5750000e+002  4.6000000e+001  6.8000000e+001
  1.9550000e+002  3.5750000e+002  4.1000000e+001  6.9000000e+001
  1.9650000e+002  3.5650000e+002  4.4000000e+001  6.8000000e+001
  1.9750000e+002  3.5250000e+002  5.3000000e+001  6.6000000e+001
  1.9750000e+002  3.4950000e+002  5.8000000e+001  5.9000000e+001
  1.9650000e+002  3.4350000e+002  6.2000000e+001  6.5000000e+001
  1.9650000e+002  3.3750000e+002  6.7000000e+001  6.7000000e+001
  1.9350000e+002  3.3250000e+002  6.4000000e+001  6.7000000e+001
  1.9350000e+002  3.2950000e+002  6.3000000e+001  6.9000000e+001
  1.9650000e+002  3.2950000e+002  6.0000000e+001  6.7000000e+001
  2.0050000e+002  3.3150000e+002  4.8000000e+001  6.8000000e+001
  2.0550000e+002  3.3250000e+002  4.3000000e+001  6.9000000e+001
  2.0850000e+002  3.3350000e+002  4.1000000e+001  7.1000000e+001
  2.0950000e+002  3.3350000e+002  4.1000000e+001  7.1000000e+001
  2.1150000e+002  3.3150000e+002  4.0000000e+001  6.9000000e+001
  2.1150000e+002  3.2550000e+002  4.1000000e+001  7.0000000e+001
  2.1450000e+002  3.1950000e+002  4.0000000e+001  7.0000000e+001
  2.2050000e+002  3.1150000e+002  3.6000000e+001  6.8000000e+001
  2.2450000e+002  3.0050000e+002  3.6000000e+001  6.8000000e+001
  2.3150000e+002  2.8950000e+002  3.4000000e+001  5.5000000e+001
  2.4050000e+002  2.7950000e+002  3.6000000e+001  5.0000000e+001
  2.5450000e+002  2.6850000e+002  3.7000000e+001  4.8000000e+001
  2.6750000e+002  2.5650000e+002  4.5000000e+001  4.8000000e+001
  2.8350000e+002  2.4650000e+002  5.2000000e+001  4.2000000e+001
  3.0050000e+002  2.3450000e+002  5.6000000e+001  3.5000000e+001
  3.1950000e+002  2.1850000e+002  5.8000000e+001  2.9000000e+001
  3.3850000e+002  1.9750000e+002  5.8000000e+001  2.8000000e+001
  3.5750000e+002  1.7650000e+002  5.9000000e+001  2.8000000e+001
  3.7750000e+002  1.5550000e+002  5.9000000e+001  3.3000000e+001
  3.9450000e+002  1.3850000e+002  6.2000000e+001  3.8000000e+001
  4.0950000e+002  1.2350000e+002  6.4000000e+001  4.4000000e+001
  4.2250000e+002  1.1350000e+002  6.5000000e+001  4.7000000e+001
  4.3150000e+002  1.0950000e+002  6.5000000e+001  4.7000000e+001
  4.3550000e+002  1.1050000e+002  6.8000000e+001  4.5000000e+001
  4.3750000e+002  1.1550000e+002  6.8000000e+001  4.1000000e+001
  4.3950000e+002  1.1750000e+002  6.9000000e+001  4.1000000e+001
  4.4050000e+002  1.1950000e+002  6.8000000e+001  4.1000000e+001
  4.4150000e+002  1.1950000e+002  6.8000000e+001  4.2000000e+001
  4.4150000e+002  1.1950000e+002  6.8000000e+001  4.3000000e+001
  4.4050000e+002  1.1950000e+002  6.9000000e+001  4.3000000e+001
  4.4050000e+002  1.1950000e+002  6.8000000e+001  4.3000000e+001
  4.4150000e+002  1.1950000e+002  6.7000000e+001  4.3000000e+001
  4.4050000e+002  1.1850000e+002  6.8000000e+001  4.3000000e+001
  4.4050000e+002  1.1750000e+002  6.7000000e+001  4.4000000e+001
  4.3950000e+002  1.1750000e+002  6.8000000e+001  4.4000000e+001
  4.3950000e+002  1.1850000e+002  6.7000000e+001  4.4000000e+001
  4.3950000e+002  1.1850000e+002  6.6000000e+001  4.4000000e+001
  4.3750000e+002  1.1950000e+002  6.8000000e+001  4.4000000e+001
  4.3750000e+002  1.1950000e+002  6.7000000e+001  4.4000000e+001
  4.3650000e+002  1.1950000e+002  6.7000000e+001  4.4000000e+001
  4.3450000e+002  1.1850000e+002  6.8000000e+001  4.5000000e+001
  4.3250000e+002  1.1750000e+002  6.7000000e+001  4.5000000e+001
  4.3050000e+002  1.1650000e+002  6.6000000e+001  4.5000000e+001
  4.2550000e+002  1.1650000e+002  6.6000000e+001  4.5000000e+001
  4.1650000e+002  1.1750000e+002  6.7000000e+001  4.5000000e+001
  4.0750000e+002  1.2050000e+002  6.4000000e+001  4.5000000e+001
  3.9250000e+002  1.2550000e+002  6.4000000e+001  4.2000000e+001
  3.7550000e+002  1.3450000e+002  6.5000000e+001  3.9000000e+001
  3.5650000e+002  1.4550000e+002  6.5000000e+001  3.6000000e+001
  3.3650000e+002  1.6150000e+002  6.4000000e+001  3.0000000e+001
  3.1650000e+002  1.7950000e+002  6.4000000e+001  3.0000000e+001
  3.0150000e+002  1.9850000e+002  5.9000000e+001  3.2000000e+001
  2.8450000e+002  2.1450000e+002  5.6000000e+001  3.8000000e+001
  2.6850000e+002  2.3050000e+002  5.5000000e+001  4.3000000e+001
  2.5250000e+002  2.4550000e+002  5.2000000e+001  4.7000000e+001
  2.4050000e+002  2.5750000e+002  4.9000000e+001  5.1000000e+001
  2.2850000e+002  2.6950000e+002  4.9000000e+001  5.2000000e+001
  2.2350000e+002  2.7850000e+002  4.5000000e+001  5.3000000e+001
  2.1650000e+002  2.8650000e+002  4.4000000e+001  5.3000000e+001
  2.1250000e+002  2.9350000e+002  4.4000000e+001  5.6000000e+001
  2.0850000e+002  2.9950000e+002  4.7000000e+001  5.6000000e+001
  2.1150000e+002  3.0550000e+002  4.4000000e+001  5.8000000e+001
  2.1250000e+002  3.1150000e+002  4.3000000e+001  5.7000000e+001
  2.1450000e+002  3.1750000e+002  4.2000000e+001  5.8000000e+001
  2.1650000e+002  3.2150000e+002  4.0000000e+001  5.9000000e+001
  2.1750000e+002  3.2550000e+002  4.0000000e+001  6.0000000e+001
  2.1750000e+002  3.2550000e+002  4.1000000e+001  6.2000000e+001
  2.1850000e+002  3.2650000e+002  4.0000000e+001  6.3000000e+001
  2.1650000e+002  3.2650000e+002  4.3000000e+001  6.4000000e+001
  2.1250000e+002  3.2650000e+002  4.9000000e+001  6.2000000e+001
  2.0850000e+002  3.2550000e+002  5.6000000e+001  6.1000000e+001
  2.0450000e+002  3.2750000e+002  6.0000000e+001  5.8000000e+001
  2.0050000e+002  3.2850000e+002  6.6000000e+001  5.7000000e+001
  1.9350000e+002  3.3050000e+002  7.0000000e+001  5.7000000e+001
  1.8950000e+002  3.3250000e+002  7.1000000e+001  6.0000000e+001
  1.8750000e+002  3.3650000e+002  6.4000000e+001  5.9000000e+001
  1.8550000e+002  3.4150000e+002  6.2000000e+001  6.0000000e+001
  1.8650000e+002  3.4650000e+002  5.7000000e+001  6.6000000e+001
  1.8550000e+002  3.5250000e+002  5.5000000e+001  7.0000000e+001
  1.8450000e+002  3.5650000e+002  5.5000000e+001  7.0000000e+001
  1.8450000e+002  3.5950000e+002  5.1000000e+001  6.7000000e+001
  1.8450000e+002  3.6150000e+002  5.1000000e+001  6.7000000e+001
  1.8850000e+002  3.6250000e+002  4.7000000e+001  6.4000000e+001
  1.9250000e+002  3.6350000e+002  4.7000000e+001  6.3000000e+001
  1.9250000e+002  3.6350000e+002  4.4000000e+001  6.1000000e+001
  1.9250000e+002  3.6350000e+002  4.1000000e+001  6.1000000e+001
  1.9250000e+002  3.6350000e+002  4.0000000e+001  6.2000000e+001
  1.9250000e+002  3.6450000e+002  4.0000000e+001  6.0000000e+001
  1.9150000e+002  3.6350000e+002  4.1000000e+001  6.2000000e+001
  1.9150000e+002  3.6350000e+002  4.1000000e+001  6.2000000e+001
  1.9250000e+002  3.6350000e+002  4.0000000e+001  6.3000000e+001
  1.9250000e+002  3.6350000e+002  4.0000000e+001  6.3000000e+001
  1.9250000e+002  3.6450000e+002  4.0000000e+001  6.3000000e+001
  1.9250000e+002  3.6450000e+002  4.1000000e+001  6.3000000e+001
  1.9250000e+002  3.6450000e+002  4.1000000e+001  6.2000000e+001
  1.9250000e+002  3.6450000e+002  4.1000000e+001  6.2000000e+001
  1.9250000e+002  3.6350000e+002  4.1000000e+001  6.3000000e+001
  1.9250000e+002  3.6350000e+002  4.1000000e+001  6.4000000e+001
  1.9250000e+002  3.6350000e+002  4.2000000e+001  6.4000000e+001
  1.9350000e+002  3.6350000e+002  4.2000000e+001  6.3000000e+001
  1.9350000e+002  3.6250000e+002  4.3000000e+001  6.3000000e+001
  1.9650000e+002  3.6250000e+002  4.1000000e+001  6.2000000e+001
  1.9650000e+002  3.6150000e+002  4.7000000e+001  6.0000000e+001
  1.9850000e+002  3.5950000e+002  4.7000000e+001  6.1000000e+001
  2.0050000e+002  3.5750000e+002  5.1000000e+001  5.9000000e+001
  2.0150000e+002  3.5650000e+002  5.4000000e+001  5.6000000e+001
  2.0150000e+002  3.5350000e+002  5.5000000e+001  5.6000000e+001
  2.0150000e+002  3.5150000e+002  5.6000000e+001  5.7000000e+001
  2.0150000e+002  3.4950000e+002  5.9000000e+001  6.0000000e+001
  2.0150000e+002  3.4850000e+002  5.9000000e+001  5.7000000e+001
  2.0050000e+002  3.4750000e+002  6.0000000e+001  5.7000000e+001
  2.0050000e+002  3.4650000e+002  6.0000000e+001  6.1000000e+001
  2.0050000e+002  3.4450000e+002  6.0000000e+001  6.0000000e+001
  2.0050000e+002  3.4350000e+002  6.0000000e+001  5.7000000e+001
  1.9950000e+002  3.4150000e+002  6.7000000e+001  5.8000000e+001
  1.9950000e+002  3.3850000e+002  6.8000000e+001  5.6000000e+001
  1.9950000e+002  3.3850000e+002  6.6000000e+001  5.5000000e+001
  2.0050000e+002  3.3550000e+002  6.4000000e+001  5.7000000e+001
  2.0050000e+002  3.3450000e+002  6.0000000e+001  5.7000000e+001
  2.0350000e+002  3.3350000e+002  5.4000000e+001  5.8000000e+001
  2.0450000e+002  3.3350000e+002  5.2000000e+001  5.7000000e+001
  2.0850000e+002  3.3350000e+002  4.5000000e+001  5.7000000e+001
  2.1250000e+002  3.3350000e+002  4.0000000e+001  5.7000000e+001
  2.1650000e+002  3.3250000e+002  3.7000000e+001  6.1000000e+001
  2.1750000e+002  3.3350000e+002  3.9000000e+001  6.6000000e+001
  2.2050000e+002  3.3350000e+002  3.6000000e+001  6.8000000e+001
  2.2150000e+002  3.3450000e+002  3.8000000e+001  6.7000000e+001
  2.2250000e+002  3.3650000e+002  3.8000000e+001  6.6000000e+001
  2.2250000e+002  3.3650000e+002  3.9000000e+001  6.5000000e+001
  2.2350000e+002  3.3650000e+002  3.9000000e+001  6.6000000e+001
  2.2450000e+002  3.3650000e+002  3.8000000e+001  6.8000000e+001
  2.2450000e+002  3.3650000e+002  3.8000000e+001  6.7000000e+001
  2.2350000e+002  3.3650000e+002  3.9000000e+001  6.8000000e+001
  2.2350000e+002  3.3650000e+002  3.9000000e+001  6.7000000e+001
  2.2350000e+002  3.3650000e+002  3.9000000e+001  6.7000000e+001
  2.2250000e+002  3.3650000e+002  3.9000000e+001  6.9000000e+001
  2.2050000e+002  3.3350000e+002  4.0000000e+001  6.1000000e+001
  2.1650000e+002  3.2450000e+002  4.4000000e+001  6.6000000e+001
  2.1350000e+002  3.1650000e+002  5.1000000e+001  6.3000000e+001
  2.0050000e+002  3.1050000e+002  7.1000000e+001  6.8000000e+001
  1.9250000e+002  3.1150000e+002  5.6000000e+001  7.4000000e+001
  1.8550000e+002  3.2250000e+002  5.1000000e+001  8.3000000e+001
  1.7550000e+002  3.3850000e+002  5.4000000e+001  7.9000000e+001
  1.6850000e+002  3.5250000e+002  6.3000000e+001  7.6000000e+001
  1.6150000e+002  3.5750000e+002  7.2000000e+001  7.5000000e+001
  1.6850000e+002  3.5850000e+002  6.7000000e+001  7.4000000e+001
  1.7650000e+002  3.5850000e+002  6.0000000e+001  7.1000000e+001
  1.8350000e+002  3.5550000e+002  6.0000000e+001  6.7000000e+001
  1.8750000e+002  3.4550000e+002  6.0000000e+001  6.2000000e+001
  1.8950000e+002  3.3850000e+002  6.0000000e+001  6.3000000e+001
  1.9150000e+002  3.3050000e+002  6.6000000e+001  6.7000000e+001
  1.9250000e+002  3.2450000e+002  6.7000000e+001  7.1000000e+001
  1.9550000e+002  3.2350000e+002  6.7000000e+001  6.6000000e+001
  1.9850000e+002  3.2450000e+002  6.0000000e+001  6.6000000e+001
  2.0150000e+002  3.2650000e+002  5.5000000e+001  6.6000000e+001
  2.0850000e+002  3.3050000e+002  4.2000000e+001  6.5000000e+001
  2.1150000e+002  3.3550000e+002  4.0000000e+001  6.4000000e+001
  2.1250000e+002  3.3350000e+002  4.0000000e+001  6.6000000e+001
  2.1350000e+002  3.3250000e+002  4.0000000e+001  6.6000000e+001
  2.1650000e+002  3.3050000e+002  4.0000000e+001  6.0000000e+001
  2.1750000e+002  3.2450000e+002  4.3000000e+001  5.7000000e+001
  2.2250000e+002  3.1650000e+002  4.2000000e+001  5.7000000e+001
  2.3050000e+002  3.0450000e+002  3.7000000e+001  5.6000000e+001
  2.3250000e+002  2.8950000e+002  4.0000000e+001  5.7000000e+001
  2.3650000e+002  2.7850000e+002  4.1000000e+001  5.4000000e+001
  2.4150000e+002  2.6650000e+002  4.4000000e+001  5.7000000e+001
  2.4750000e+002  2.6150000e+002  4.8000000e+001  5.5000000e+001
  2.5650000e+002  2.5950000e+002  5.2000000e+001  5.3000000e+001
  2.7150000e+002  2.6250000e+002  5.3000000e+001  4.9000000e+001
  2.8750000e+002  2.6450000e+002  5.6000000e+001  4.6000000e+001
  3.0750000e+002  2.6650000e+002  5.6000000e+001  3.8000000e+001
  3.3050000e+002  2.5950000e+002  5.4000000e+001  3.3000000e+001
  3.5650000e+002  2.4450000e+002  5.2000000e+001  2.8000000e+001
  3.8050000e+002  2.1950000e+002  5.1000000e+001  2.5000000e+001
  4.0150000e+002  1.8950000e+002  5.0000000e+001  2.8000000e+001
  4.1950000e+002  1.6050000e+002  5.0000000e+001  3.4000000e+001
  3.3050000e+002  1.2050000e+002  1.5800000e+002  5.6000000e+001
  3.2950000e+002  1.1150000e+002  1.7500000e+002  4.9000000e+001
  3.2950000e+002  9.7500000e+001  1.9200000e+002  5.3000000e+001
  3.3150000e+002  9.6500000e+001  2.0600000e+002  4.9000000e+001
  3.2450000e+002  8.5500000e+001  2.2000000e+002  5.9000000e+001
  4.7850000e+002  1.0650000e+002  7.0000000e+001  4.0000000e+001
  3.2150000e+002  8.3500000e+001  2.3000000e+002  6.8000000e+001
  3.2350000e+002  8.5500000e+001  2.3100000e+002  7.2000000e+001
  3.2650000e+002  8.6500000e+001  2.3000000e+002  7.6000000e+001
  3.2650000e+002  8.7500000e+001  2.3300000e+002  7.9000000e+001
  3.2850000e+002  8.7500000e+001  2.3100000e+002  8.3000000e+001
  3.2950000e+002  8.8500000e+001  2.3100000e+002  8.5000000e+001
  3.2950000e+002  9.0500000e+001  2.3100000e+002  8.7000000e+001
  3.3050000e+002  9.1500000e+001  2.3300000e+002  9.1000000e+001
  3.3450000e+002  9.5500000e+001  2.3000000e+002  9.3000000e+001
  3.4050000e+002  9.7500000e+001  2.2500000e+002  9.8000000e+001
  3.4650000e+002  1.0150000e+002  2.2100000e+002  1.0300000e+002
  3.5050000e+002  1.0950000e+002  2.1800000e+002  1.0400000e+002
  3.2850000e+002  1.2750000e+002  2.4000000e+002  9.7000000e+001
  3.3250000e+002  1.1750000e+002  2.3600000e+002  1.2000000e+002
  3.3450000e+002  1.2050000e+002  2.3400000e+002  1.3200000e+002
  3.3650000e+002  1.3850000e+002  2.2800000e+002  1.3000000e+002
  3.3950000e+002  1.4050000e+002  2.2000000e+002  1.4800000e+002
  3.4150000e+002  1.2650000e+002  2.0700000e+002  1.8400000e+002
  3.4150000e+002  1.2650000e+002  1.9500000e+002  2.0400000e+002
  3.4250000e+002  1.2750000e+002  1.7800000e+002  2.2100000e+002
  3.4350000e+002  1.2750000e+002  1.6500000e+002  2.3500000e+002
  3.4250000e+002  1.2750000e+002  1.5500000e+002  2.4700000e+002
  3.4450000e+002  1.2850000e+002  1.4700000e+002  2.5200000e+002
  3.4350000e+002  1.2850000e+002  1.4800000e+002  2.5500000e+002
  3.4350000e+002  1.2950000e+002  1.4900000e+002  2.5000000e+002
  3.7450000e+002  1.2850000e+002  1.2400000e+002  2.4700000e+002
  3.6950000e+002  1.3850000e+002  1.3100000e+002  2.3000000e+002
  3.6550000e+002  1.2950000e+002  1.3800000e+002  2.2800000e+002
  3.5850000e+002  1.3450000e+002  1.4200000e+002  2.1000000e+002
  3.6050000e+002  1.2650000e+002  1.3300000e+002  2.0200000e+002
  3.4850000e+002  1.2150000e+002  1.3300000e+002  1.9200000e+002
  3.4250000e+002  1.0850000e+002  1.2600000e+002  1.8900000e+002
  3.3250000e+002  1.0750000e+002  1.2100000e+002  1.7700000e+002
  3.3150000e+002  1.0450000e+002  1.0500000e+002  1.6900000e+002
  3.2950000e+002  1.0150000e+002  8.7000000e+001  1.6300000e+002
  3.2850000e+002  9.4500000e+001  6.4000000e+001  1.6900000e+002
  3.1250000e+002  9.5500000e+001  6.0000000e+001  1.6900000e+002
  2.8950000e+002  2.2450000e+002  6.3000000e+001  4.4000000e+001
  2.7150000e+002  2.2950000e+002  6.0000000e+001  4.8000000e+001
  2.5550000e+002  2.3650000e+002  5.7000000e+001  5.0000000e+001
  2.4150000e+002  2.4550000e+002  5.5000000e+001  5.0000000e+001
  2.2850000e+002  2.5250000e+002  5.5000000e+001  5.5000000e+001
  2.2050000e+002  2.6150000e+002  5.2000000e+001  5.4000000e+001
  2.1350000e+002  2.6750000e+002  5.2000000e+001  5.8000000e+001
  2.1150000e+002  2.7250000e+002  5.1000000e+001  5.9000000e+001
  2.1150000e+002  2.7650000e+002  4.9000000e+001  6.1000000e+001
  2.1250000e+002  2.8050000e+002  4.9000000e+001  6.4000000e+001
  2.1550000e+002  2.8550000e+002  4.9000000e+001  6.2000000e+001
  2.1950000e+002  2.9050000e+002  4.8000000e+001  6.2000000e+001
  2.2350000e+002  2.9350000e+002  4.9000000e+001  6.1000000e+001
  2.2550000e+002  2.9650000e+002  5.0000000e+001  6.0000000e+001
  2.2950000e+002  1.1250000e+002  1.0100000e+002  2.4400000e+002
  2.3350000e+002  1.1050000e+002  1.0000000e+002  2.4700000e+002
  2.3650000e+002  1.0050000e+002  9.8000000e+001  2.5300000e+002
  2.3850000e+002  9.7500000e+001  9.7000000e+001  2.5300000e+002
  2.4050000e+002  1.0150000e+002  9.5000000e+001  2.4500000e+002
  2.4450000e+002  9.9500000e+001  9.3000000e+001  2.4200000e+002
  2.4750000e+002  7.9500000e+001  9.2000000e+001  2.6200000e+002
  2.5150000e+002  7.9500000e+001  8.8000000e+001  2.5900000e+002
  2.5350000e+002  7.8500000e+001  8.7000000e+001  2.5900000e+002
  2.5650000e+002  7.8500000e+001  8.4000000e+001  2.5500000e+002
  2.6050000e+002  7.9500000e+001  8.3000000e+001  2.5400000e+002
  2.6550000e+002  7.7500000e+001  7.8000000e+001  2.5600000e+002
  2.7150000e+002  7.8500000e+001  7.2000000e+001  2.5600000e+002
  2.7550000e+002  7.8500000e+001  6.9000000e+001  2.6000000e+002
  2.7950000e+002  9.9500000e+001  6.6000000e+001  2.4800000e+002
  2.8350000e+002  7.7500000e+001  6.3000000e+001  2.7300000e+002
  2.8550000e+002  8.1500000e+001  6.1000000e+001  2.7800000e+002
  2.8850000e+002  8.9500000e+001  5.8000000e+001  2.7100000e+002
  2.8850000e+002  8.1500000e+001  5.8000000e+001  2.7900000e+002
  2.8950000e+002  8.7500000e+001  5.6000000e+001  2.7500000e+002
  2.9250000e+002  7.7500000e+001  5.3000000e+001  2.8900000e+002
  2.9250000e+002  8.1500000e+001  5.2000000e+001  2.8800000e+002
  2.9350000e+002  7.7500000e+001  5.1000000e+001  2.9400000e+002
  2.9550000e+002  7.6500000e+001  4.8000000e+001  2.9500000e+002
  2.9550000e+002  7.6500000e+001  4.9000000e+001  2.9400000e+002
  2.9550000e+002  7.7500000e+001  4.8000000e+001  2.9100000e+002
  2.9350000e+002  7.6500000e+001  5.0000000e+001  2.9200000e+002
  2.8950000e+002  7.0500000e+001  5.3000000e+001  2.9800000e+002
  2.8550000e+002  7.2500000e+001  5.6000000e+001  2.9600000e+002
  2.8150000e+002  7.1500000e+001  5.9000000e+001  2.9700000e+002
  2.7850000e+002  7.5500000e+001  6.2000000e+001  2.8900000e+002
  2.7350000e+002  7.1500000e+001  6.6000000e+001  2.9000000e+002
  2.7050000e+002  7.2500000e+001  6.8000000e+001  2.8800000e+002
  2.6550000e+002  7.1500000e+001  7.1000000e+001  2.8900000e+002
  2.6150000e+002  7.1500000e+001  7.5000000e+001  2.9200000e+002
  2.5750000e+002  7.0500000e+001  7.7000000e+001  2.9900000e+002
  2.5650000e+002  7.0500000e+001  7.6000000e+001  3.0900000e+002
  2.5250000e+002  6.9500000e+001  7.9000000e+001  3.1900000e+002
  2.4850000e+002  7.2500000e+001  8.0000000e+001  3.2800000e+002
  2.4250000e+002  7.2500000e+001  8.5000000e+001  3.3700000e+002
  2.3950000e+002  7.0500000e+001  8.8000000e+001  3.4500000e+002
  2.3750000e+002  7.0500000e+001  8.6000000e+001  3.4600000e+002
  2.3950000e+002  7.1500000e+001  8.1000000e+001  3.4500000e+002
  2.3750000e+002  7.3500000e+001  8.3000000e+001  3.4300000e+002
  2.3250000e+002  7.9500000e+001  8.7000000e+001  3.3600000e+002
  2.2750000e+002  7.1500000e+001  8.3000000e+001  3.4400000e+002
  2.2450000e+002  3.5250000e+002  3.8000000e+001  6.4000000e+001
  2.2050000e+002  7.1500000e+001  9.2000000e+001  3.4600000e+002
  2.1950000e+002  7.0500000e+001  9.2000000e+001  3.4600000e+002
  2.1750000e+002  7.4500000e+001  9.4000000e+001  3.4200000e+002
  2.1650000e+002  3.5350000e+002  4.3000000e+001  6.3000000e+001
  2.1550000e+002  3.5350000e+002  4.1000000e+001  6.3000000e+001
  2.1350000e+002  3.5550000e+002  4.2000000e+001  6.1000000e+001
  2.1150000e+002  3.5650000e+002  4.1000000e+001  6.0000000e+001
  2.0850000e+002  3.5750000e+002  4.3000000e+001  6.0000000e+001
  2.0750000e+002  3.5850000e+002  4.2000000e+001  6.0000000e+001
  2.0550000e+002  3.5950000e+002  4.3000000e+001  6.0000000e+001
  2.0450000e+002  3.5950000e+002  4.3000000e+001  6.1000000e+001
  2.0450000e+002  3.5950000e+002  4.3000000e+001  6.2000000e+001
  2.0450000e+002  3.5950000e+002  4.3000000e+001  6.3000000e+001
  2.0450000e+002  3.6050000e+002  4.1000000e+001  6.3000000e+001
  2.0050000e+002  3.5950000e+002  4.4000000e+001  6.4000000e+001
  1.9850000e+002  3.5950000e+002  4.6000000e+001  6.4000000e+001
  1.9650000e+002  3.5750000e+002  4.8000000e+001  6.0000000e+001
  1.9350000e+002  3.5250000e+002  5.4000000e+001  5.9000000e+001
  1.9250000e+002  3.4550000e+002  5.9000000e+001  6.0000000e+001
  1.8850000e+002  3.3650000e+002  6.5000000e+001  6.7000000e+001
  1.8550000e+002  3.2950000e+002  7.0000000e+001  6.7000000e+001
  1.8450000e+002  3.2150000e+002  6.5000000e+001  7.1000000e+001
  1.8450000e+002  3.2050000e+002  6.3000000e+001  6.9000000e+001
  1.8750000e+002  3.1850000e+002  5.8000000e+001  7.0000000e+001
  1.9050000e+002  3.1850000e+002  5.3000000e+001  7.0000000e+001
  1.9250000e+002  3.1950000e+002  4.9000000e+001  7.0000000e+001
  1.9650000e+002  3.2050000e+002  4.4000000e+001  6.9000000e+001
  1.9750000e+002  3.2150000e+002  4.2000000e+001  6.6000000e+001
  1.9950000e+002  3.2250000e+002  4.0000000e+001  6.4000000e+001
  1.9950000e+002  3.2150000e+002  4.0000000e+001  6.4000000e+001
  2.0050000e+002  3.2050000e+002  3.9000000e+001  6.1000000e+001
  2.0150000e+002  3.1950000e+002  3.9000000e+001  5.9000000e+001
  2.0250000e+002  3.1550000e+002  3.8000000e+001  5.7000000e+001
  2.0450000e+002  3.1050000e+002  3.9000000e+001  5.9000000e+001
  2.0850000e+002  3.0250000e+002  3.7000000e+001  6.8000000e+001
  2.1150000e+002  2.9150000e+002  3.9000000e+001  7.0000000e+001
  2.1350000e+002  2.8150000e+002  3.9000000e+001  7.0000000e+001
  2.1650000e+002  2.7250000e+002  4.0000000e+001  6.4000000e+001
  2.2150000e+002  2.6750000e+002  4.3000000e+001  5.3000000e+001
  2.2550000e+002  2.6350000e+002  4.7000000e+001  5.2000000e+001
  2.3750000e+002  2.6350000e+002  5.0000000e+001  5.1000000e+001
  2.5550000e+002  2.6350000e+002  5.2000000e+001  4.6000000e+001
  2.7350000e+002  2.6150000e+002  5.3000000e+001  4.0000000e+001
  2.9950000e+002  2.5250000e+002  5.0000000e+001  3.5000000e+001
  3.2050000e+002  2.3850000e+002  5.2000000e+001  3.1000000e+001
  3.4450000e+002  2.1550000e+002  5.2000000e+001  2.8000000e+001
  3.6250000e+002  1.8950000e+002  5.4000000e+001  2.8000000e+001
  3.8350000e+002  1.6150000e+002  5.3000000e+001  3.6000000e+001
  3.9650000e+002  1.3850000e+002  5.6000000e+001  4.4000000e+001
  4.0850000e+002  1.2050000e+002  5.9000000e+001  4.9000000e+001
  4.1650000e+002  1.0850000e+002  6.3000000e+001  5.2000000e+001
  4.2450000e+002  1.0550000e+002  6.4000000e+001  4.9000000e+001
  4.2550000e+002  1.0450000e+002  6.9000000e+001  4.7000000e+001
  4.2750000e+002  1.0350000e+002  6.8000000e+001  4.7000000e+001
  4.2850000e+002  1.0350000e+002  6.8000000e+001  4.6000000e+001
  4.2850000e+002  1.0350000e+002  6.8000000e+001  4.6000000e+001
  4.2950000e+002  1.0350000e+002  6.7000000e+001  4.6000000e+001
  4.2950000e+002  1.0350000e+002  6.7000000e+001  4.6000000e+001
  4.2950000e+002  1.0450000e+002  6.7000000e+001  4.6000000e+001
  4.2950000e+002  1.0750000e+002  6.8000000e+001  4.5000000e+001
  4.2950000e+002  1.0850000e+002  6.7000000e+001  4.6000000e+001
  4.2950000e+002  1.1050000e+002  6.7000000e+001  4.6000000e+001
  4.2850000e+002  1.1250000e+002  6.8000000e+001  4.7000000e+001
  4.2750000e+002  1.1550000e+002  6.8000000e+001  4.7000000e+001
  4.2450000e+002  1.1650000e+002  6.6000000e+001  4.9000000e+001
  4.1950000e+002  1.1950000e+002  6.5000000e+001  5.0000000e+001
  4.1050000e+002  1.2250000e+002  6.2000000e+001  5.0000000e+001
  3.9650000e+002  1.2750000e+002  6.3000000e+001  4.9000000e+001
  3.8050000e+002  1.3450000e+002  6.1000000e+001  4.6000000e+001
  3.6050000e+002  1.4150000e+002  6.4000000e+001  4.5000000e+001
  3.4350000e+002  1.5450000e+002  6.5000000e+001  4.0000000e+001
  3.2150000e+002  1.6950000e+002  7.1000000e+001  3.2000000e+001
  3.1050000e+002  1.8550000e+002  6.3000000e+001  2.9000000e+001
  2.9350000e+002  2.0150000e+002  6.3000000e+001  3.3000000e+001
  2.7850000e+002  2.1350000e+002  6.2000000e+001  3.9000000e+001
  2.6450000e+002  2.2450000e+002  6.0000000e+001  4.4000000e+001
  2.5150000e+002  2.3550000e+002  6.0000000e+001  4.7000000e+001
  2.4150000e+002  2.4650000e+002  5.8000000e+001  4.8000000e+001
  2.3250000e+002  2.5450000e+002  5.6000000e+001  5.1000000e+001
  2.2750000e+002  2.6250000e+002  5.6000000e+001  5.1000000e+001
  2.2250000e+002  2.6950000e+002  5.4000000e+001  5.1000000e+001
  2.1950000e+002  2.7450000e+002  5.3000000e+001  5.3000000e+001
  2.1750000e+002  2.8050000e+002  5.2000000e+001  5.3000000e+001
  2.1750000e+002  2.8550000e+002  5.1000000e+001  5.6000000e+001
  2.1650000e+002  2.9150000e+002  5.0000000e+001  5.5000000e+001
  2.1950000e+002  2.9650000e+002  4.8000000e+001  5.6000000e+001
  2.2050000e+002  3.0150000e+002  4.7000000e+001  5.9000000e+001
  2.2450000e+002  3.0750000e+002  4.3000000e+001  5.8000000e+001
  2.2450000e+002  3.1050000e+002  4.4000000e+001  6.2000000e+001
  2.2450000e+002  3.1150000e+002  4.4000000e+001  6.3000000e+001
  2.2450000e+002  3.1150000e+002  4.4000000e+001  6.4000000e+001
  2.2350000e+002  3.0950000e+002  4.7000000e+001  6.4000000e+001
  2.1850000e+002  3.0750000e+002  5.6000000e+001  6.5000000e+001
  2.1450000e+002  3.0450000e+002  5.9000000e+001  6.7000000e+001
  2.0750000e+002  3.0450000e+002  6.7000000e+001  6.5000000e+001
  2.0450000e+002  3.0550000e+002  6.8000000e+001  6.4000000e+001
  2.0050000e+002  3.1050000e+002  6.1000000e+001  6.2000000e+001
  1.9750000e+002  3.1550000e+002  5.4000000e+001  6.4000000e+001
  1.9350000e+002  3.2150000e+002  5.5000000e+001  6.7000000e+001
  1.9250000e+002  3.2850000e+002  5.1000000e+001  7.5000000e+001
  1.9150000e+002  3.3450000e+002  4.9000000e+001  7.6000000e+001
  1.8850000e+002  3.3950000e+002  5.2000000e+001  7.6000000e+001
  1.8850000e+002  3.4350000e+002  5.1000000e+001  7.5000000e+001
  1.8850000e+002  3.4750000e+002  4.4000000e+001  7.4000000e+001
  1.8950000e+002  3.5050000e+002  4.3000000e+001  7.2000000e+001
  1.9250000e+002  3.5250000e+002  4.7000000e+001  7.3000000e+001
  1.9550000e+002  3.5550000e+002  4.2000000e+001  7.1000000e+001
  1.9750000e+002  3.5750000e+002  4.6000000e+001  6.8000000e+001
  2.0050000e+002  3.5850000e+002  4.3000000e+001  6.6000000e+001
  2.0050000e+002  3.5950000e+002  4.0000000e+001  6.0000000e+001
  2.0050000e+002  3.5950000e+002  4.0000000e+001  6.5000000e+001
  2.0050000e+002  3.6050000e+002  4.0000000e+001  6.4000000e+001
  1.9950000e+002  3.6050000e+002  4.1000000e+001  6.5000000e+001
  1.9950000e+002  3.6050000e+002  4.1000000e+001  6.6000000e+001
  1.9950000e+002  3.6050000e+002  4.1000000e+001  6.4000000e+001
  1.9950000e+002  3.6050000e+002  4.2000000e+001  6.5000000e+001
  2.0050000e+002  3.6050000e+002  4.4000000e+001  6.5000000e+001
  2.0250000e+002  3.6050000e+002  4.2000000e+001  6.5000000e+001
  2.0450000e+002  3.6050000e+002  4.3000000e+001  6.5000000e+001
  2.0850000e+002  3.6050000e+002  4.0000000e+001  6.5000000e+001
  2.0950000e+002  3.5950000e+002  4.3000000e+001  6.6000000e+001
  2.1350000e+002  3.5950000e+002  4.2000000e+001  6.6000000e+001
  2.1650000e+002  3.6050000e+002  4.1000000e+001  6.5000000e+001
  2.1950000e+002  3.6050000e+002  4.1000000e+001  6.5000000e+001
  2.2050000e+002  3.6150000e+002  4.0000000e+001  6.4000000e+001
  2.2350000e+002  3.6150000e+002  4.0000000e+001  6.4000000e+001
  2.2450000e+002  3.6150000e+002  4.0000000e+001  6.3000000e+001
  2.2450000e+002  3.6050000e+002  4.1000000e+001  6.5000000e+001
  2.2550000e+002  3.6050000e+002  4.2000000e+001  6.5000000e+001
  2.2750000e+002  3.6050000e+002  4.1000000e+001  6.5000000e+001
  2.2850000e+002  3.5950000e+002  4.0000000e+001  6.4000000e+001
  2.2850000e+002  3.5950000e+002  4.0000000e+001  6.5000000e+001
  2.2850000e+002  3.5850000e+002  4.0000000e+001  6.6000000e+001
  2.2950000e+002  3.5850000e+002  3.9000000e+001  6.7000000e+001
  2.2650000e+002  3.5950000e+002  4.1000000e+001  6.6000000e+001
  2.2450000e+002  3.5950000e+002  4.1000000e+001  6.7000000e+001
  2.2450000e+002  3.6050000e+002  4.0000000e+001  6.5000000e+001
  2.2450000e+002  3.6050000e+002  4.0000000e+001  6.6000000e+001
  2.2450000e+002  3.6050000e+002  4.0000000e+001  6.5000000e+001
  2.2350000e+002  3.6050000e+002  4.1000000e+001  6.5000000e+001
  2.2450000e+002  3.6050000e+002  4.0000000e+001  6.5000000e+001
  2.2450000e+002  3.6050000e+002  4.1000000e+001  6.6000000e+001
  2.2550000e+002  3.6150000e+002  4.2000000e+001  6.4000000e+001
  2.2550000e+002  3.6050000e+002  4.3000000e+001  6.4000000e+001
  2.2950000e+002  3.6150000e+002  4.2000000e+001  6.4000000e+001
  2.3250000e+002  3.6150000e+002  4.0000000e+001  6.4000000e+001
  2.3350000e+002  3.6150000e+002  4.0000000e+001  6.3000000e+001
  2.3650000e+002  3.6150000e+002  3.9000000e+001  6.6000000e+001
  2.3650000e+002  3.6150000e+002  4.0000000e+001  6.4000000e+001
  2.3650000e+002  3.6050000e+002  4.0000000e+001  6.6000000e+001
  2.3650000e+002  3.6150000e+002  4.0000000e+001  6.6000000e+001
  2.3750000e+002  3.6150000e+002  4.0000000e+001  6.6000000e+001
  2.3750000e+002  3.6150000e+002  3.9000000e+001  6.6000000e+001
  2.3750000e+002  3.6150000e+002  3.9000000e+001  6.6000000e+001
  2.3750000e+002  3.6150000e+002  3.9000000e+001  6.6000000e+001
  2.3750000e+002  3.6150000e+002  4.0000000e+001  6.6000000e+001
  2.3650000e+002  3.6050000e+002  4.0000000e+001  6.7000000e+001
  2.3650000e+002  3.6150000e+002  4.0000000e+001  6.6000000e+001
  2.3650000e+002  3.6250000e+002  4.0000000e+001  6.5000000e+001
  2.3650000e+002  3.6250000e+002  4.0000000e+001  6.6000000e+001
  2.3650000e+002  3.6250000e+002  4.0000000e+001  6.6000000e+001
  2.3650000e+002  3.6250000e+002  4.0000000e+001  6.5000000e+001
  2.3650000e+002  3.6250000e+002  4.0000000e+001  6.5000000e+001
  2.3750000e+002  3.6150000e+002  3.9000000e+001  6.3000000e+001
  2.3950000e+002  3.5950000e+002  4.1000000e+001  5.6000000e+001
  2.3950000e+002  3.5650000e+002  4.5000000e+001  5.5000000e+001
  2.3650000e+002  3.5050000e+002  5.5000000e+001  5.7000000e+001
  2.3550000e+002  3.4450000e+002  5.7000000e+001  5.7000000e+001
  2.3250000e+002  3.4050000e+002  5.5000000e+001  6.1000000e+001
  2.2950000e+002  3.3550000e+002  5.1000000e+001  6.2000000e+001
  2.2950000e+002  3.3250000e+002  4.7000000e+001  6.3000000e+001
  2.3050000e+002  3.3150000e+002  4.2000000e+001  6.3000000e+001
  2.3250000e+002  3.3150000e+002  4.0000000e+001  6.3000000e+001
  2.3550000e+002  3.3050000e+002  3.8000000e+001  6.3000000e+001
  2.3550000e+002  3.3050000e+002  4.0000000e+001  6.2000000e+001
  2.3550000e+002  3.2950000e+002  4.1000000e+001  6.3000000e+001
  2.3550000e+002  3.2850000e+002  4.1000000e+001  6.3000000e+001
  2.3550000e+002  3.2750000e+002  4.2000000e+001  6.7000000e+001
  2.3750000e+002  3.2550000e+002  4.0000000e+001  6.8000000e+001
  2.3950000e+002  3.2050000e+002  4.0000000e+001  6.8000000e+001
  2.4450000e+002  3.1350000e+002  3.6000000e+001  6.4000000e+001
  2.4450000e+002  3.0350000e+002  3.6000000e+001  6.5000000e+001
  2.4950000e+002  2.9250000e+002  3.5000000e+001  6.3000000e+001
  2.5650000e+002  2.8050000e+002  3.5000000e+001  5.0000000e+001
  2.6350000e+002  2.6950000e+002  3.8000000e+001  4.8000000e+001
  2.7350000e+002  2.5950000e+002  4.3000000e+001  4.6000000e+001
  2.8450000e+002  2.4950000e+002  4.8000000e+001  4.2000000e+001
  2.9650000e+002  2.3950000e+002  5.5000000e+001  3.5000000e+001
  3.1350000e+002  2.2550000e+002  5.5000000e+001  2.8000000e+001
  3.3150000e+002  2.0150000e+002  5.4000000e+001  3.0000000e+001
  3.5150000e+002  1.7850000e+002  5.3000000e+001  3.1000000e+001
  3.7350000e+002  1.5350000e+002  5.2000000e+001  3.7000000e+001
  3.9750000e+002  1.3050000e+002  5.1000000e+001  4.1000000e+001
  4.1750000e+002  1.1350000e+002  5.5000000e+001  4.5000000e+001
  4.3350000e+002  1.0150000e+002  6.0000000e+001  4.9000000e+001
  4.4550000e+002  9.7500000e+001  6.3000000e+001  4.8000000e+001
  4.4950000e+002  9.8500000e+001  6.7000000e+001  4.6000000e+001
  4.5150000e+002  9.9500000e+001  6.8000000e+001  4.5000000e+001
  4.5450000e+002  9.9500000e+001  6.6000000e+001  4.5000000e+001
  4.5550000e+002  1.0050000e+002  6.6000000e+001  4.5000000e+001
  4.5750000e+002  1.0050000e+002  6.5000000e+001  4.6000000e+001
  4.5850000e+002  1.0250000e+002  6.5000000e+001  4.6000000e+001
  4.5950000e+002  1.0350000e+002  6.5000000e+001  4.7000000e+001
  4.5950000e+002  1.0550000e+002  6.5000000e+001  4.7000000e+001
  4.5950000e+002  1.0750000e+002  6.5000000e+001  4.8000000e+001
  4.5850000e+002  1.0950000e+002  6.2000000e+001  4.9000000e+001
  4.5450000e+002  1.1250000e+002  6.1000000e+001  4.9000000e+001
  4.4750000e+002  1.1650000e+002  5.8000000e+001  5.0000000e+001
  4.3550000e+002  1.2350000e+002  5.7000000e+001  4.9000000e+001
  4.1750000e+002  1.3350000e+002  5.8000000e+001  4.6000000e+001
  3.9950000e+002  1.4550000e+002  5.7000000e+001  4.2000000e+001
  3.8050000e+002  1.6250000e+002  5.7000000e+001  3.5000000e+001
  3.5950000e+002  1.8150000e+002  5.7000000e+001  2.8000000e+001
  3.4150000e+002  1.9950000e+002  5.4000000e+001  2.8000000e+001
  3.2150000e+002  2.1450000e+002  5.4000000e+001  3.5000000e+001
  3.0350000e+002  2.2850000e+002  5.2000000e+001  4.1000000e+001
  2.8550000e+002  2.3850000e+002  5.1000000e+001  5.0000000e+001
  2.6850000e+002  2.4850000e+002  5.2000000e+001  5.2000000e+001
  2.5550000e+002  2.5750000e+002  4.9000000e+001  5.3000000e+001
  2.4650000e+002  2.6550000e+002  4.9000000e+001  5.2000000e+001
  2.3950000e+002  2.7250000e+002  4.9000000e+001  5.4000000e+001
  2.3550000e+002  2.7950000e+002  4.8000000e+001  5.4000000e+001
  2.3450000e+002  2.8750000e+002  4.5000000e+001  5.3000000e+001
  2.3350000e+002  2.9450000e+002  4.3000000e+001  5.2000000e+001
  2.3250000e+002  3.0050000e+002  4.4000000e+001  5.5000000e+001
  2.3250000e+002  3.0750000e+002  4.3000000e+001  5.5000000e+001
  2.3250000e+002  3.1250000e+002  4.1000000e+001  5.5000000e+001
  2.3150000e+002  3.1850000e+002  4.1000000e+001  5.6000000e+001
  2.3250000e+002  3.2250000e+002  4.0000000e+001  5.6000000e+001
  2.3250000e+002  3.2450000e+002  4.0000000e+001  5.7000000e+001
  2.3150000e+002  3.2550000e+002  4.1000000e+001  6.0000000e+001
  2.3350000e+002  3.2350000e+002  4.0000000e+001  6.2000000e+001
  2.3350000e+002  3.2150000e+002  4.2000000e+001  6.0000000e+001
  2.3350000e+002  3.1850000e+002  4.3000000e+001  6.2000000e+001
  2.3350000e+002  3.1750000e+002  4.4000000e+001  6.2000000e+001
  2.3150000e+002  3.1650000e+002  4.8000000e+001  6.1000000e+001
  2.3050000e+002  3.1650000e+002  4.9000000e+001  6.0000000e+001
  2.2850000e+002  3.1650000e+002  5.2000000e+001  5.9000000e+001
  2.2750000e+002  3.1750000e+002  5.4000000e+001  5.7000000e+001
  2.2350000e+002  3.1950000e+002  5.6000000e+001  5.6000000e+001
  2.2050000e+002  3.2350000e+002  5.6000000e+001  5.6000000e+001
  2.1650000e+002  3.2850000e+002  5.5000000e+001  5.9000000e+001
  2.1350000e+002  3.3550000e+002  5.0000000e+001  6.1000000e+001
  2.1250000e+002  3.4250000e+002  5.2000000e+001  6.4000000e+001
  2.1150000e+002  3.4750000e+002  4.7000000e+001  7.2000000e+001
  2.0850000e+002  3.5250000e+002  5.1000000e+001  7.2000000e+001
  2.0850000e+002  3.5550000e+002  5.2000000e+001  7.5000000e+001
  2.0750000e+002  3.5750000e+002  5.3000000e+001  7.6000000e+001
  2.0850000e+002  3.5950000e+002  5.5000000e+001  7.3000000e+001
  2.0950000e+002  3.6050000e+002  5.4000000e+001  7.3000000e+001
  2.1150000e+002  3.6050000e+002  5.3000000e+001  7.3000000e+001
  2.1250000e+002  3.6150000e+002  5.2000000e+001  7.2000000e+001
  2.1350000e+002  3.6150000e+002  5.3000000e+001  7.3000000e+001
  2.1350000e+002  3.6150000e+002  5.1000000e+001  7.3000000e+001
  2.1350000e+002  3.6150000e+002  5.2000000e+001  7.2000000e+001
  2.1550000e+002  3.6150000e+002  5.0000000e+001  7.3000000e+001
  2.1650000e+002  3.6150000e+002  4.9000000e+001  7.3000000e+001
  2.1650000e+002  3.6150000e+002  5.0000000e+001  7.5000000e+001
  2.1750000e+002  3.6150000e+002  5.4000000e+001  7.5000000e+001
  2.1950000e+002  3.6050000e+002  5.2000000e+001  7.6000000e+001
  2.1950000e+002  3.6050000e+002  5.3000000e+001  7.5000000e+001
  2.2050000e+002  3.6050000e+002  5.2000000e+001  7.6000000e+001
  2.2050000e+002  3.6050000e+002  5.1000000e+001  7.5000000e+001
  2.2050000e+002  3.6050000e+002  5.2000000e+001  7.6000000e+001
  2.2050000e+002  3.6050000e+002  5.2000000e+001  7.6000000e+001
  2.2050000e+002  3.6050000e+002  5.4000000e+001  7.6000000e+001
  2.1950000e+002  3.6050000e+002  5.3000000e+001  7.6000000e+001
  2.1750000e+002  3.6050000e+002  5.4000000e+001  7.6000000e+001
  2.1650000e+002  3.6050000e+002  5.5000000e+001  7.6000000e+001
  2.1650000e+002  3.6050000e+002  5.4000000e+001  7.6000000e+001
  2.1650000e+002  3.6050000e+002  4.8000000e+001  7.6000000e+001
  2.1650000e+002  3.6050000e+002  4.8000000e+001  7.6000000e+001
  2.1550000e+002  3.6050000e+002  4.9000000e+001  7.6000000e+001
  2.1550000e+002  3.6050000e+002  4.9000000e+001  7.6000000e+001
  2.1650000e+002  3.6050000e+002  4.9000000e+001  7.6000000e+001
  2.1650000e+002  3.6050000e+002  5.5000000e+001  7.6000000e+001
  2.1750000e+002  3.6050000e+002  5.4000000e+001  7.6000000e+001
  2.1950000e+002  3.6050000e+002  5.3000000e+001  7.4000000e+001
  2.2050000e+002  3.6050000e+002  5.2000000e+001  7.4000000e+001
  2.2050000e+002  3.6050000e+002  5.5000000e+001  7.3000000e+001
  2.2150000e+002  3.5850000e+002  5.4000000e+001  7.3000000e+001
  2.2350000e+002  3.5750000e+002  5.3000000e+001  7.2000000e+001
  2.2450000e+002  3.5750000e+002  5.5000000e+001  6.9000000e+001
  2.2850000e+002  3.5550000e+002  5.2000000e+001  6.8000000e+001
  2.3150000e+002  3.5250000e+002  5.0000000e+001  6.6000000e+001
  2.3350000e+002  3.5050000e+002  5.4000000e+001  6.0000000e+001
  2.3650000e+002  3.4850000e+002  5.4000000e+001  5.7000000e+001
  2.3650000e+002  3.4450000e+002  5.7000000e+001  5.9000000e+001
  2.3650000e+002  3.4150000e+002  5.9000000e+001  5.9000000e+001
  2.3650000e+002  3.3850000e+002  5.9000000e+001  5.9000000e+001
  2.3950000e+002  3.3650000e+002  5.6000000e+001  5.8000000e+001
  2.4050000e+002  3.3650000e+002  5.5000000e+001  5.8000000e+001
  2.4050000e+002  3.3550000e+002  5.5000000e+001  5.7000000e+001
  2.4050000e+002  3.3450000e+002  5.5000000e+001  5.8000000e+001
  2.4150000e+002  3.3550000e+002  5.2000000e+001  5.7000000e+001
  2.4150000e+002  3.3650000e+002  5.2000000e+001  5.5000000e+001
  2.4150000e+002  3.3650000e+002  5.2000000e+001  5.6000000e+001
  2.4150000e+002  3.3750000e+002  5.1000000e+001  5.6000000e+001
  2.4150000e+002  3.3750000e+002  5.2000000e+001  5.5000000e+001
  2.4350000e+002  3.3750000e+002  5.0000000e+001  5.6000000e+001
  2.4350000e+002  3.3750000e+002  5.1000000e+001  5.7000000e+001
  2.4450000e+002  3.3950000e+002  5.0000000e+001  5.6000000e+001
  2.4450000e+002  3.4050000e+002  4.9000000e+001  5.6000000e+001
  2.4450000e+002  3.4150000e+002  4.8000000e+001  5.7000000e+001
  2.4350000e+002  3.4550000e+002  4.5000000e+001  5.6000000e+001
  2.4350000e+002  3.5050000e+002  4.5000000e+001  5.7000000e+001
  2.4150000e+002  3.5550000e+002  4.3000000e+001  6.0000000e+001
  2.3950000e+002  3.5950000e+002  4.3000000e+001  6.4000000e+001
  2.3750000e+002  3.6150000e+002  4.3000000e+001  6.9000000e+001
  2.3750000e+002  3.6250000e+002  4.3000000e+001  7.2000000e+001
  2.3750000e+002  3.6250000e+002  4.4000000e+001  7.1000000e+001
  2.3750000e+002  3.6350000e+002  4.4000000e+001  6.9000000e+001
  2.3950000e+002  3.6350000e+002  4.4000000e+001  6.6000000e+001
  2.4050000e+002  3.6250000e+002  4.3000000e+001  6.4000000e+001
  2.4050000e+002  3.6250000e+002  4.7000000e+001  5.9000000e+001
  2.4150000e+002  3.6050000e+002  4.6000000e+001  6.0000000e+001
  2.4150000e+002  3.5450000e+002  5.1000000e+001  5.8000000e+001
  2.4050000e+002  3.4750000e+002  5.2000000e+001  5.8000000e+001
  2.3750000e+002  3.4050000e+002  5.5000000e+001  5.9000000e+001
  2.3550000e+002  3.3250000e+002  5.2000000e+001  6.3000000e+001
  2.3350000e+002  3.2650000e+002  4.7000000e+001  6.4000000e+001
  2.3250000e+002  3.2450000e+002  4.3000000e+001  6.4000000e+001
  2.3150000e+002  3.2250000e+002  3.8000000e+001  6.5000000e+001
  2.3250000e+002  3.2550000e+002  3.7000000e+001  6.4000000e+001
  2.3350000e+002  3.2850000e+002  3.8000000e+001  6.6000000e+001
  2.3450000e+002  3.3050000e+002  3.8000000e+001  6.7000000e+001
  2.3550000e+002  3.3250000e+002  4.1000000e+001  6.6000000e+001
  2.3750000e+002  3.3250000e+002  3.9000000e+001  6.6000000e+001
  2.3750000e+002  3.2950000e+002  3.9000000e+001  6.7000000e+001
  2.4050000e+002  3.2150000e+002  3.7000000e+001  6.9000000e+001
  2.4150000e+002  3.1150000e+002  3.9000000e+001  6.9000000e+001
  2.4750000e+002  2.9850000e+002  3.7000000e+001  6.6000000e+001
  2.5650000e+002  2.8550000e+002  3.9000000e+001  5.9000000e+001
  2.7250000e+002  2.7350000e+002  3.9000000e+001  4.7000000e+001
  2.8950000e+002  2.6450000e+002  3.9000000e+001  4.5000000e+001
  3.0450000e+002  2.5750000e+002  4.7000000e+001  4.1000000e+001
  3.2250000e+002  2.4850000e+002  5.0000000e+001  3.6000000e+001
  3.4350000e+002  2.3650000e+002  5.2000000e+001  2.8000000e+001
  3.6350000e+002  2.1450000e+002  5.3000000e+001  2.7000000e+001
  3.8350000e+002  1.8850000e+002  5.2000000e+001  2.8000000e+001
  4.0050000e+002  1.6150000e+002  5.2000000e+001  3.7000000e+001
  4.1750000e+002  1.3650000e+002  5.4000000e+001  4.4000000e+001
  4.3350000e+002  1.1750000e+002  5.8000000e+001  4.8000000e+001
  4.4850000e+002  1.0450000e+002  6.2000000e+001  4.9000000e+001
  4.6150000e+002  1.0050000e+002  6.7000000e+001  4.6000000e+001
  4.6950000e+002  1.0350000e+002  6.8000000e+001  4.3000000e+001
  4.7250000e+002  1.0950000e+002  7.1000000e+001  3.9000000e+001
  4.7350000e+002  1.1150000e+002  7.1000000e+001  3.8000000e+001
  4.7450000e+002  1.1250000e+002  7.0000000e+001  4.2000000e+001
  4.7550000e+002  1.1550000e+002  6.9000000e+001  4.0000000e+001
  4.7650000e+002  1.1550000e+002  6.8000000e+001  4.1000000e+001
  4.7650000e+002  1.1650000e+002  6.8000000e+001  4.1000000e+001
  4.7750000e+002  1.1750000e+002  6.7000000e+001  4.2000000e+001
  4.7750000e+002  1.1850000e+002  6.7000000e+001  4.2000000e+001
  4.7650000e+002  1.1850000e+002  6.8000000e+001  4.2000000e+001
  4.7650000e+002  1.1950000e+002  6.7000000e+001  4.2000000e+001
  4.7650000e+002  1.1950000e+002  6.7000000e+001  4.2000000e+001
  4.7650000e+002  1.1950000e+002  6.6000000e+001  4.2000000e+001
  4.7550000e+002  1.1850000e+002  6.6000000e+001  4.3000000e+001
  4.7450000e+002  1.1750000e+002  6.5000000e+001  4.3000000e+001
  4.7150000e+002  1.1550000e+002  6.5000000e+001  4.5000000e+001
  4.6650000e+002  1.1250000e+002  6.3000000e+001  4.7000000e+001
  4.6050000e+002  1.1250000e+002  6.0000000e+001  4.8000000e+001
  4.4750000e+002  1.1350000e+002  6.0000000e+001  4.7000000e+001
  4.3250000e+002  1.1850000e+002  5.7000000e+001  4.5000000e+001
  4.1250000e+002  1.2650000e+002  6.0000000e+001  4.2000000e+001
  3.9250000e+002  1.4050000e+002  6.0000000e+001  3.6000000e+001
  3.7450000e+002  1.5550000e+002  5.7000000e+001  3.3000000e+001
  3.5350000e+002  1.7250000e+002  5.9000000e+001  2.9000000e+001
  3.3750000e+002  1.8950000e+002  5.6000000e+001  3.1000000e+001
  3.2650000e+002  2.0750000e+002  5.3000000e+001  3.4000000e+001
  3.1050000e+002  2.2350000e+002  5.3000000e+001  3.8000000e+001
  2.9150000e+002  2.3550000e+002  5.7000000e+001  4.8000000e+001
  2.7650000e+002  2.4850000e+002  5.3000000e+001  5.1000000e+001
  2.6150000e+002  2.5750000e+002  5.4000000e+001  5.3000000e+001
  2.5250000e+002  2.6750000e+002  5.1000000e+001  5.3000000e+001
  2.4450000e+002  2.7750000e+002  5.1000000e+001  5.3000000e+001
  2.4050000e+002  2.8650000e+002  4.8000000e+001  5.7000000e+001
  2.4050000e+002  2.9550000e+002  4.6000000e+001  5.6000000e+001
  2.3950000e+002  3.0350000e+002  4.5000000e+001  5.6000000e+001
  2.3650000e+002  3.1050000e+002  4.6000000e+001  5.8000000e+001
  2.3750000e+002  3.1550000e+002  4.6000000e+001  5.9000000e+001
  2.3750000e+002  3.1850000e+002  4.6000000e+001  5.9000000e+001
  2.3950000e+002  3.1950000e+002  4.4000000e+001  6.1000000e+001
  2.4050000e+002  3.1950000e+002  4.3000000e+001  6.4000000e+001
  2.4050000e+002  3.2050000e+002  4.3000000e+001  6.3000000e+001
  2.3950000e+002  3.1950000e+002  4.2000000e+001  6.4000000e+001
  2.3650000e+002  3.1850000e+002  4.4000000e+001  6.5000000e+001
  2.3750000e+002  3.1650000e+002  4.3000000e+001  6.7000000e+001
  2.3550000e+002  3.1650000e+002  4.6000000e+001  6.2000000e+001
  2.3850000e+002  3.1550000e+002  4.6000000e+001  6.3000000e+001
  2.3950000e+002  3.1550000e+002  4.9000000e+001  5.9000000e+001
  2.4050000e+002  3.1550000e+002  4.8000000e+001  5.9000000e+001
  2.4150000e+002  3.1750000e+002  4.8000000e+001  5.9000000e+001
  2.4050000e+002  3.2150000e+002  4.9000000e+001  5.9000000e+001
  2.4050000e+002  3.2550000e+002  4.9000000e+001  6.2000000e+001
  2.4050000e+002  3.3150000e+002  4.8000000e+001  6.1000000e+001
  2.3950000e+002  3.3650000e+002  4.8000000e+001  6.2000000e+001
  2.3650000e+002  3.4150000e+002  4.8000000e+001  6.3000000e+001
  2.3650000e+002  3.4650000e+002  4.5000000e+001  6.2000000e+001
  2.3450000e+002  3.5150000e+002  4.6000000e+001  6.2000000e+001
  2.3350000e+002  3.5350000e+002  4.4000000e+001  6.4000000e+001
  2.3250000e+002  3.5550000e+002  4.4000000e+001  6.6000000e+001
  2.3150000e+002  3.5650000e+002  4.5000000e+001  6.5000000e+001
  2.3250000e+002  3.5650000e+002  4.4000000e+001  6.4000000e+001
  2.3250000e+002  3.5750000e+002  4.5000000e+001  6.1000000e+001
  2.3450000e+002  3.5650000e+002  4.5000000e+001  6.3000000e+001
  2.3350000e+002  3.5650000e+002  4.7000000e+001  6.2000000e+001
  2.3650000e+002  3.5550000e+002  4.4000000e+001  6.1000000e+001
  2.4050000e+002  3.5350000e+002  4.1000000e+001  6.4000000e+001
  2.4050000e+002  3.5250000e+002  4.4000000e+001  6.4000000e+001
  2.4450000e+002  3.5250000e+002  4.3000000e+001  6.3000000e+001
  2.4550000e+002  3.5250000e+002  4.3000000e+001  6.3000000e+001
  2.4850000e+002  3.5150000e+002  4.3000000e+001  6.6000000e+001
  2.5050000e+002  3.5250000e+002  4.2000000e+001  6.6000000e+001
  2.5250000e+002  3.5150000e+002  4.1000000e+001  6.3000000e+001
  2.5250000e+002  3.5150000e+002  4.4000000e+001  6.6000000e+001
  2.5450000e+002  3.5150000e+002  4.2000000e+001  6.5000000e+001
  2.5350000e+002  3.5050000e+002  4.4000000e+001  6.8000000e+001
  2.5350000e+002  3.5050000e+002  4.6000000e+001  6.9000000e+001
  2.5250000e+002  3.5050000e+002  4.9000000e+001  7.0000000e+001
  2.4850000e+002  3.4950000e+002  5.6000000e+001  7.1000000e+001
  2.4850000e+002  3.4950000e+002  5.7000000e+001  7.3000000e+001
  2.4650000e+002  3.4950000e+002  5.8000000e+001  7.4000000e+001
  2.4850000e+002  3.4950000e+002  5.6000000e+001  7.4000000e+001
  2.4850000e+002  3.4950000e+002  5.6000000e+001  7.2000000e+001
  2.4850000e+002  3.4950000e+002  5.6000000e+001  7.1000000e+001
  2.5250000e+002  3.4850000e+002  5.4000000e+001  7.2000000e+001
  2.5350000e+002  3.4850000e+002  5.4000000e+001  7.2000000e+001
  2.5650000e+002  3.4750000e+002  5.2000000e+001  7.2000000e+001
  2.6150000e+002  3.4550000e+002  5.0000000e+001  6.9000000e+001
  2.6350000e+002  3.4450000e+002  4.9000000e+001  6.8000000e+001
  2.6550000e+002  3.4250000e+002  4.8000000e+001  6.7000000e+001
  2.7150000e+002  3.4050000e+002  4.5000000e+001  6.5000000e+001
  2.7250000e+002  3.3950000e+002  4.7000000e+001  6.7000000e+001
  2.7350000e+002  3.3850000e+002  4.6000000e+001  6.7000000e+001
  2.7650000e+002  3.3650000e+002  4.4000000e+001  6.8000000e+001
  2.7650000e+002  3.3650000e+002  4.4000000e+001  6.5000000e+001
  2.7650000e+002  3.3550000e+002  4.4000000e+001  6.5000000e+001
  2.7650000e+002  3.3450000e+002  4.4000000e+001  6.6000000e+001
  2.7650000e+002  3.3350000e+002  4.4000000e+001  6.6000000e+001
  2.7650000e+002  3.3350000e+002  4.4000000e+001  6.6000000e+001
  2.7650000e+002  3.3350000e+002  4.4000000e+001  6.5000000e+001
  2.7450000e+002  3.3450000e+002  4.5000000e+001  6.3000000e+001
  2.7250000e+002  3.3450000e+002  4.3000000e+001  6.3000000e+001
  2.7050000e+002  3.3650000e+002  4.1000000e+001  6.3000000e+001
  2.6850000e+002  3.3550000e+002  3.8000000e+001  6.5000000e+001
  2.6450000e+002  3.3750000e+002  3.7000000e+001  6.4000000e+001
  2.5950000e+002  3.3950000e+002  3.8000000e+001  6.1000000e+001
  2.5650000e+002  3.4150000e+002  3.7000000e+001  6.2000000e+001
  2.5250000e+002  3.4150000e+002  4.0000000e+001  6.4000000e+001
  2.4450000e+002  3.4350000e+002  4.4000000e+001  6.3000000e+001
  2.4150000e+002  3.4550000e+002  4.6000000e+001  6.5000000e+001
  2.4050000e+002  3.4750000e+002  4.4000000e+001  6.3000000e+001
  2.3650000e+002  3.4950000e+002  4.4000000e+001  6.3000000e+001
  2.3350000e+002  3.4950000e+002  4.7000000e+001  6.4000000e+001
  2.2950000e+002  3.5150000e+002  4.7000000e+001  6.4000000e+001
  2.2550000e+002  3.5250000e+002  5.1000000e+001  6.6000000e+001
  2.2450000e+002  3.5250000e+002  4.8000000e+001  6.8000000e+001
  2.2450000e+002  3.5350000e+002  5.1000000e+001  6.8000000e+001
  2.2450000e+002  3.5450000e+002  4.9000000e+001  6.5000000e+001
  2.2450000e+002  3.5350000e+002  4.8000000e+001  6.7000000e+001
  2.2850000e+002  3.5250000e+002  4.8000000e+001  6.5000000e+001
  2.3250000e+002  3.4850000e+002  4.8000000e+001  6.4000000e+001
  2.3350000e+002  3.4350000e+002  6.2000000e+001  6.2000000e+001
  2.3550000e+002  3.3750000e+002  6.4000000e+001  6.5000000e+001
  2.3650000e+002  3.2850000e+002  6.6000000e+001  6.7000000e+001
  2.3750000e+002  3.2150000e+002  6.0000000e+001  6.9000000e+001
  2.3950000e+002  3.1850000e+002  4.9000000e+001  6.8000000e+001
  2.4050000e+002  3.1750000e+002  4.7000000e+001  6.9000000e+001
  2.4350000e+002  3.1950000e+002  4.2000000e+001  6.8000000e+001
  2.4750000e+002  3.2250000e+002  3.9000000e+001  6.8000000e+001
  2.4850000e+002  3.2450000e+002  4.0000000e+001  7.0000000e+001
  2.5050000e+002  3.2750000e+002  4.1000000e+001  6.8000000e+001
  2.5250000e+002  3.2850000e+002  4.1000000e+001  6.9000000e+001
  2.5350000e+002  3.2750000e+002  4.2000000e+001  7.0000000e+001
  2.5650000e+002  3.2550000e+002  3.9000000e+001  7.3000000e+001
  2.5850000e+002  3.1850000e+002  3.9000000e+001  7.4000000e+001
  2.6250000e+002  3.0750000e+002  3.8000000e+001  7.3000000e+001
  2.6850000e+002  2.9350000e+002  3.6000000e+001  7.0000000e+001
  2.7750000e+002  2.8150000e+002  3.6000000e+001  6.1000000e+001
  2.9350000e+002  2.6950000e+002  3.6000000e+001  4.5000000e+001
  3.1050000e+002  2.5650000e+002  4.1000000e+001  4.3000000e+001
  3.2850000e+002  2.4550000e+002  4.8000000e+001  3.4000000e+001
  3.5150000e+002  2.2950000e+002  5.0000000e+001  2.9000000e+001
  3.7050000e+002  2.0750000e+002  5.4000000e+001  2.5000000e+001
  3.9250000e+002  1.8350000e+002  5.5000000e+001  2.9000000e+001
  4.1350000e+002  1.6050000e+002  5.4000000e+001  3.5000000e+001
  4.3550000e+002  1.3950000e+002  5.4000000e+001  4.1000000e+001
  4.5650000e+002  1.2250000e+002  5.5000000e+001  4.6000000e+001
  4.7250000e+002  1.1350000e+002  6.0000000e+001  4.7000000e+001
  4.8450000e+002  1.1250000e+002  6.4000000e+001  4.4000000e+001
  3.3050000e+002  1.1550000e+002  2.2900000e+002  4.0000000e+001
  3.3150000e+002  1.1750000e+002  2.2900000e+002  3.8000000e+001
  3.3350000e+002  1.1850000e+002  2.2800000e+002  3.8000000e+001
  3.3350000e+002  1.1850000e+002  2.2800000e+002  3.9000000e+001
  3.3250000e+002  1.1850000e+002  2.2900000e+002  3.9000000e+001
  3.3250000e+002  1.1850000e+002  2.2800000e+002  4.1000000e+001
  3.3150000e+002  1.1950000e+002  2.2900000e+002  4.1000000e+001
  3.3150000e+002  1.1950000e+002  2.2800000e+002  4.1000000e+001
  3.2850000e+002  1.0150000e+002  2.2900000e+002  6.0000000e+001
  3.2850000e+002  9.9500000e+001  2.2600000e+002  6.2000000e+001
  3.3050000e+002  1.1750000e+002  2.1900000e+002  4.5000000e+001
  4.8050000e+002  1.1650000e+002  6.3000000e+001  4.6000000e+001
  4.6950000e+002  1.1650000e+002  6.0000000e+001  4.9000000e+001
  4.5650000e+002  1.1950000e+002  5.9000000e+001  5.0000000e+001
  4.4050000e+002  1.2650000e+002  5.6000000e+001  4.6000000e+001
  4.2050000e+002  1.3450000e+002  6.0000000e+001  4.5000000e+001
  4.0150000e+002  1.4750000e+002  6.0000000e+001  4.1000000e+001
  3.8150000e+002  1.6250000e+002  6.3000000e+001  3.5000000e+001
  3.6450000e+002  1.7950000e+002  6.1000000e+001  3.1000000e+001
  3.4850000e+002  1.9750000e+002  6.0000000e+001  3.0000000e+001
  3.3150000e+002  2.1450000e+002  6.1000000e+001  3.3000000e+001
  3.1650000e+002  2.2650000e+002  5.7000000e+001  4.0000000e+001
  2.9950000e+002  2.3750000e+002  5.7000000e+001  4.6000000e+001
  2.8450000e+002  2.4650000e+002  5.5000000e+001  5.0000000e+001
  2.6950000e+002  2.5250000e+002  5.5000000e+001  5.2000000e+001
  2.5950000e+002  2.5650000e+002  5.3000000e+001  5.2000000e+001
  2.5450000e+002  2.6250000e+002  5.3000000e+001  5.1000000e+001
  2.5250000e+002  2.6750000e+002  5.1000000e+001  5.4000000e+001
  2.5250000e+002  2.7550000e+002  5.0000000e+001  5.4000000e+001
  2.5250000e+002  2.8250000e+002  5.0000000e+001  5.4000000e+001
  2.5550000e+002  2.8950000e+002  4.7000000e+001  5.4000000e+001
  2.5650000e+002  2.9550000e+002  4.6000000e+001  5.7000000e+001
  2.5750000e+002  2.9950000e+002  4.5000000e+001  5.8000000e+001
  2.5950000e+002  3.0250000e+002  4.4000000e+001  5.9000000e+001
  2.5950000e+002  3.0450000e+002  4.5000000e+001  5.9000000e+001
  2.6050000e+002  3.0550000e+002  4.4000000e+001  6.0000000e+001
  2.6050000e+002  3.0650000e+002  4.5000000e+001  6.3000000e+001
  2.6050000e+002  3.0650000e+002  4.5000000e+001  6.4000000e+001
  2.6350000e+002  3.0550000e+002  4.1000000e+001  6.8000000e+001
  2.6350000e+002  3.0450000e+002  4.1000000e+001  7.1000000e+001
  2.6350000e+002  3.0250000e+002  4.1000000e+001  7.2000000e+001
  2.6450000e+002  3.0250000e+002  4.1000000e+001  7.1000000e+001
  2.6450000e+002  3.0050000e+002  4.3000000e+001  7.2000000e+001
  2.6450000e+002  2.9850000e+002  4.3000000e+001  7.2000000e+001
  2.6350000e+002  2.9850000e+002  4.6000000e+001  7.0000000e+001
