  1.9637467e+002  3.9445875e+002
  1.9649124e+002  3.9403080e+002
  1.9679989e+002  3.9424107e+002
  1.9717570e+002  3.9416833e+002
  1.9787943e+002  3.9321259e+002
  1.9867282e+002  3.9358047e+002
  1.9963593e+002  3.9297708e+002
  2.0106250e+002  3.9267161e+002
  2.0246327e+002  3.9182198e+002
  2.0371018e+002  3.8965005e+002
  2.0590461e+002  3.8760650e+002
  2.0816293e+002  3.8545406e+002
  2.0946752e+002  3.8280955e+002
  2.1035479e+002  3.8102035e+002
  2.1090521e+002  3.7953041e+002
  2.1191522e+002  3.7829837e+002
  2.1226944e+002  3.7700745e+002
  2.1248127e+002  3.7567546e+002
  2.1224271e+002  3.7424960e+002
  2.1284932e+002  3.7335616e+002
  2.1249196e+002  3.7133178e+002
  2.1233864e+002  3.7059723e+002
  2.1189990e+002  3.6992967e+002
  2.1167211e+002  3.6915340e+002
  2.1195266e+002  3.6892162e+002
  2.1190011e+002  3.6866246e+002
  2.1095230e+002  3.6776316e+002
  2.1084650e+002  3.6744939e+002
  2.1102749e+002  3.6730470e+002
  2.1235113e+002  3.6740395e+002
  2.1428040e+002  3.6783479e+002
  2.1641677e+002  3.6865389e+002
  2.1885547e+002  3.6993885e+002
  2.2066330e+002  3.7056412e+002
  2.2302175e+002  3.7062648e+002
  2.2547862e+002  3.6750189e+002
  2.2756599e+002  3.6284899e+002
  2.2959003e+002  3.5533887e+002
  2.3288718e+002  3.4563350e+002
  2.3615162e+002  3.3598051e+002
  2.4019164e+002  3.2632349e+002
  2.4610774e+002  3.1605539e+002
  2.5402624e+002  3.0758017e+002
  2.6490377e+002  3.0001078e+002
  2.7948018e+002  2.9079345e+002
  2.9621572e+002  2.7903344e+002
  3.1642351e+002  2.6420802e+002
  3.3603382e+002  2.4524831e+002
  3.5563806e+002  2.2473974e+002
  3.7539320e+002  2.0221796e+002
  3.9565252e+002  1.8059568e+002
  4.1646256e+002  1.6076798e+002
  4.3644498e+002  1.4491696e+002
  4.5386675e+002  1.3470459e+002
  4.6894150e+002  1.2986671e+002
  4.7882249e+002  1.2969467e+002
  4.8359187e+002  1.3213074e+002
  4.8603595e+002  1.3442720e+002
  4.8819940e+002  1.3557169e+002
  4.8963636e+002  1.3672486e+002
  4.9046293e+002  1.3763834e+002
  4.9080203e+002  1.3843182e+002
  4.9074079e+002  1.3931903e+002
  4.9044565e+002  1.4006907e+002
  4.8970511e+002  1.4124078e+002
  4.8741583e+002  1.4280390e+002
  4.8347118e+002  1.4436423e+002
  4.7595054e+002  1.4646381e+002
  4.6383114e+002  1.5014878e+002
  4.4748766e+002  1.5520974e+002
  4.2747354e+002  1.6229072e+002
  4.0452878e+002  1.7230000e+002
  3.8215931e+002  1.8479731e+002
  3.6059593e+002  1.9938449e+002
  3.4105245e+002  2.1614617e+002
  3.2169882e+002  2.3400091e+002
  3.0400901e+002  2.5247568e+002
  2.8692369e+002  2.6935056e+002
  2.7112695e+002  2.8276540e+002
  2.5971042e+002  2.9303264e+002
  2.5219359e+002  3.0256809e+002
  2.4762466e+002  3.1000539e+002
  2.4574633e+002  3.1800267e+002
  2.4494236e+002  3.2507976e+002
  2.4484095e+002  3.3414513e+002
  2.4449044e+002  3.4174951e+002
  2.4378802e+002  3.4836866e+002
  2.4336962e+002  3.5455476e+002
  2.4242046e+002  3.5831551e+002
  2.4132661e+002  3.6066330e+002
  2.4076951e+002  3.6170637e+002
  2.4045603e+002  3.6113844e+002
  2.4040774e+002  3.5850075e+002
  2.3985694e+002  3.5699120e+002
  2.3719938e+002  3.5895721e+002
  2.3080698e+002  3.6500663e+002
  2.2547655e+002  3.7497699e+002
  2.2072142e+002  3.8490245e+002
  2.1653448e+002  3.9248730e+002
  2.1451299e+002  3.9680727e+002
  2.1410438e+002  3.9849976e+002
  2.1508887e+002  3.9838867e+002
  2.1579222e+002  3.9743347e+002
  2.1571584e+002  3.9705714e+002
  2.1531074e+002  3.9688165e+002
  2.1463959e+002  3.9714344e+002
  2.1418649e+002  3.9757359e+002
  2.1395051e+002  3.9795590e+002
  2.1343406e+002  3.9784154e+002
  2.1334673e+002  3.9806925e+002
  2.1301126e+002  3.9801517e+002
  2.1281384e+002  3.9802242e+002
  2.1253556e+002  3.9801645e+002
  2.1187767e+002  3.9806650e+002
  2.1082362e+002  3.9733794e+002
  2.1009966e+002  3.9726446e+002
  2.0941099e+002  3.9689750e+002
  2.0922979e+002  3.9707349e+002
  2.0909295e+002  3.9687133e+002
  2.0925999e+002  3.9658362e+002
  2.0943188e+002  3.9613675e+002
  2.0995060e+002  3.9589466e+002
  2.1084022e+002  3.9521695e+002
  2.1125305e+002  3.9535620e+002
  2.1138648e+002  3.9519021e+002
  2.1126812e+002  3.9521896e+002
  2.1085200e+002  3.9486721e+002
  2.1002850e+002  3.9498950e+002
  2.0951839e+002  3.9462166e+002
  2.0884488e+002  3.9431024e+002
  2.0815797e+002  3.9435420e+002
  2.0748517e+002  3.9417547e+002
  2.0625765e+002  3.9391066e+002
  2.0582205e+002  3.9427088e+002
  2.0504505e+002  3.9400050e+002
  2.0462785e+002  3.9425818e+002
  2.0395252e+002  3.9412894e+002
  2.0359312e+002  3.9382287e+002
  2.0335247e+002  3.9400999e+002
  2.0299151e+002  3.9403994e+002
  2.0285241e+002  3.9387851e+002
  2.0283449e+002  3.9404856e+002
  2.0276430e+002  3.9382297e+002
  2.0290415e+002  3.9382856e+002
  2.0292624e+002  3.9365981e+002
  2.0294226e+002  3.9348930e+002
  2.0325442e+002  3.9332559e+002
  2.0386334e+002  3.9319264e+002
  2.0411010e+002  3.9304697e+002
  2.0410822e+002  3.9329359e+002
  2.0383570e+002  3.9329513e+002
  2.0373618e+002  3.9319799e+002
  2.0352642e+002  3.9253095e+002
  2.0360080e+002  3.9226697e+002
  2.0396455e+002  3.9249237e+002
  2.0454175e+002  3.9242125e+002
  2.0506615e+002  3.9195365e+002
  2.0592829e+002  3.9217073e+002
  2.0690205e+002  3.9135832e+002
  2.0754334e+002  3.9120578e+002
  2.0816024e+002  3.9101552e+002
  2.0853789e+002  3.9089054e+002
  2.0883092e+002  3.9121446e+002
  2.0890440e+002  3.9100200e+002
  2.0917391e+002  3.9121443e+002
  2.0926235e+002  3.9126235e+002
  2.0926801e+002  3.9096423e+002
  2.0944070e+002  3.9057638e+002
  2.0974913e+002  3.9120238e+002
  2.0990429e+002  3.9136092e+002
  2.1046409e+002  3.9142001e+002
  2.1113219e+002  3.9134460e+002
  2.1165866e+002  3.9087481e+002
  2.1237254e+002  3.9109642e+002
  2.1308956e+002  3.9087206e+002
  2.1417229e+002  3.9108010e+002
  2.1553584e+002  3.8939553e+002
  2.1711765e+002  3.8549144e+002
  2.1801701e+002  3.7973639e+002
  2.2004752e+002  3.7567552e+002
  2.2157730e+002  3.6920709e+002
  2.2030809e+002  3.6480997e+002
  2.1914881e+002  3.6185627e+002
  2.2012727e+002  3.6180505e+002
  2.2177193e+002  3.6342318e+002
  2.2469854e+002  3.6568166e+002
  2.2755972e+002  3.6760185e+002
  2.2987589e+002  3.6706206e+002
  2.3187575e+002  3.6424250e+002
  2.3405864e+002  3.6034270e+002
  2.3655681e+002  3.5399402e+002
  2.3969722e+002  3.4504653e+002
  2.4334322e+002  3.3388206e+002
  2.4890995e+002  3.2016904e+002
  2.5728047e+002  3.0804297e+002
  2.7038570e+002  2.9584705e+002
  2.8839770e+002  2.8237634e+002
  3.0906536e+002  2.6808964e+002
  3.3043985e+002  2.5053947e+002
  3.5091481e+002  2.3071759e+002
  3.7059929e+002  2.1054521e+002
  3.9038262e+002  1.9073016e+002
  4.1021115e+002  1.7270016e+002
  4.2863377e+002  1.5747116e+002
  4.4464834e+002  1.4570396e+002
  4.5786829e+002  1.3692256e+002
  4.6666985e+002  1.3263647e+002
  4.7156127e+002  1.3266049e+002
  4.7394537e+002  1.3560344e+002
  4.7582801e+002  1.3835872e+002
  4.7681502e+002  1.3997579e+002
  4.7733946e+002  1.4093689e+002
  4.7732136e+002  1.4136945e+002
  4.7725742e+002  1.4121744e+002
  4.7679927e+002  1.4079253e+002
  4.7619083e+002  1.4032905e+002
  4.7576449e+002  1.4002774e+002
  4.7574038e+002  1.3965425e+002
  4.7547587e+002  1.3963836e+002
  4.7489573e+002  1.4000610e+002
  4.7447236e+002  1.4050799e+002
  4.7395985e+002  1.4078467e+002
  4.7300792e+002  1.4107065e+002
  4.7189271e+002  1.4100000e+002
  4.7055103e+002  1.4053767e+002
  4.6860507e+002  1.3983756e+002
  4.6613085e+002  1.3892317e+002
  4.6063152e+002  1.3897455e+002
  4.5240242e+002  1.4004303e+002
  4.4135933e+002  1.4256956e+002
  4.2730407e+002  1.4680852e+002
  4.1030146e+002  1.5389708e+002
  3.9081220e+002  1.6395842e+002
  3.7098003e+002  1.7717456e+002
  3.5141959e+002  1.9357803e+002
  3.3262146e+002  2.1189957e+002
  3.1432821e+002  2.3175497e+002
  2.9667869e+002  2.5163591e+002
  2.7992131e+002  2.6999332e+002
  2.6582200e+002  2.8534153e+002
  2.5410962e+002  2.9698515e+002
  2.4503546e+002  3.0694752e+002
  2.3885378e+002  3.1465264e+002
  2.3516837e+002  3.2203067e+002
  2.3348788e+002  3.2900131e+002
  2.3344051e+002  3.3548797e+002
  2.3394776e+002  3.4193838e+002
  2.3522069e+002  3.4829381e+002
  2.3637684e+002  3.5318298e+002
  2.3750894e+002  3.5664559e+002
  2.3766104e+002  3.5884379e+002
  2.3723055e+002  3.6028450e+002
  2.3558276e+002  3.5989582e+002
  2.3377755e+002  3.5901567e+002
  2.3174854e+002  3.5765388e+002
  2.2921230e+002  3.5781796e+002
  2.2642449e+002  3.5823136e+002
  2.2259745e+002  3.6005387e+002
  2.1761707e+002  3.6285422e+002
  2.1286513e+002  3.6707897e+002
  2.0838727e+002  3.7262352e+002
  2.0650282e+002  3.7927781e+002
  2.0518477e+002  3.8591028e+002
  2.0423720e+002  3.9038938e+002
  2.0501578e+002  3.9271927e+002
  2.0638663e+002  3.9391436e+002
  2.0857035e+002  3.9390494e+002
  2.1101070e+002  3.9326126e+002
  2.1196564e+002  3.9350172e+002
  2.1216095e+002  3.9306159e+002
  2.1196578e+002  3.9313863e+002
  2.1155846e+002  3.9364075e+002
  2.1132157e+002  3.9384146e+002
  2.1138085e+002  3.9422840e+002
  2.1175983e+002  3.9421397e+002
  2.1211578e+002  3.9450847e+002
  2.1244276e+002  3.9495464e+002
  2.1272022e+002  3.9533693e+002
  2.1281442e+002  3.9528241e+002
  2.1295202e+002  3.9509326e+002
  2.1316855e+002  3.9504026e+002
  2.1322444e+002  3.9542475e+002
  2.1364648e+002  3.9492898e+002
  2.1429661e+002  3.9449682e+002
  2.1537662e+002  3.9349242e+002
  2.1597530e+002  3.9292696e+002
  2.1684185e+002  3.9128336e+002
  2.1825513e+002  3.8954465e+002
  2.1991634e+002  3.8771612e+002
  2.2104779e+002  3.8489336e+002
  2.2224539e+002  3.8250461e+002
  2.2273935e+002  3.8087053e+002
  2.2306947e+002  3.7912997e+002
  2.2316237e+002  3.7796025e+002
  2.2318036e+002  3.7697558e+002
  2.2305540e+002  3.7580801e+002
  2.2350827e+002  3.7439253e+002
  2.2364915e+002  3.7214756e+002
  2.2464700e+002  3.6980717e+002
  2.2546923e+002  3.6729128e+002
  2.2622222e+002  3.6543354e+002
  2.2619544e+002  3.6377035e+002
  2.2584818e+002  3.6316631e+002
  2.2604493e+002  3.6338325e+002
  2.2707351e+002  3.6296577e+002
  2.2916163e+002  3.6270160e+002
  2.3127620e+002  3.6266831e+002
  2.3394686e+002  3.6317222e+002
  2.3703578e+002  3.6434024e+002
  2.3908077e+002  3.6528013e+002
  2.4094779e+002  3.6745494e+002
  2.4270944e+002  3.6869249e+002
  2.4368221e+002  3.6870460e+002
  2.4416032e+002  3.6888771e+002
  2.4455149e+002  3.6968238e+002
  2.4481704e+002  3.6958772e+002
  2.4489063e+002  3.6976000e+002
  2.4484766e+002  3.6930531e+002
  2.4470260e+002  3.6925365e+002
  2.4435209e+002  3.6936536e+002
  2.4266705e+002  3.6742931e+002
  2.4098348e+002  3.5924316e+002
  2.3690128e+002  3.4812132e+002
  2.3029658e+002  3.4425279e+002
  2.1856359e+002  3.5095697e+002
  2.0783864e+002  3.6554043e+002
  1.9918634e+002  3.8044574e+002
  1.9448614e+002  3.9025443e+002
  1.9386061e+002  3.9324970e+002
  1.9487815e+002  3.9484179e+002
  1.9941681e+002  3.9323090e+002
  2.0523767e+002  3.8625012e+002
  2.1078630e+002  3.7546104e+002
  2.1448681e+002  3.6860894e+002
  2.1705327e+002  3.6232211e+002
  2.1873106e+002  3.5866619e+002
  2.2064170e+002  3.5634304e+002
  2.2336687e+002  3.5699573e+002
  2.2560010e+002  3.5888330e+002
  2.2790241e+002  3.6281436e+002
  2.3092540e+002  3.6649082e+002
  2.3243319e+002  3.6607310e+002
  2.3427060e+002  3.6459351e+002
  2.3714904e+002  3.6179716e+002
  2.4041268e+002  3.5646248e+002
  2.4432434e+002  3.4769364e+002
  2.4854343e+002  3.3537040e+002
  2.5227248e+002  3.2280268e+002
  2.5651258e+002  3.0990530e+002
  2.6185885e+002  2.9937870e+002
  2.6914097e+002  2.9158188e+002
  2.7971643e+002  2.8867506e+002
  2.9401230e+002  2.8888350e+002
  3.1126301e+002  2.8907329e+002
  3.3286367e+002  2.8565727e+002
  3.5742382e+002  2.7485814e+002
  3.8334751e+002  2.5619295e+002
  4.0686009e+002  2.3145770e+002
  4.2758020e+002  2.0404158e+002
  4.4569175e+002  1.7708250e+002
  4.6263581e+002  1.5419969e+002
  4.7713469e+002  1.3597963e+002
  4.9331686e+002  1.2532758e+002
  5.0466968e+002  1.2074421e+002
  5.1207228e+002  1.2250199e+002
  5.1659653e+002  1.2758960e+002
  5.1826979e+002  1.3305572e+002
  5.1833880e+002  1.3832943e+002
  5.2004624e+002  1.4415954e+002
  5.1484857e+002  1.4804543e+002
  5.1305831e+002  1.5219564e+002
  5.1208972e+002  1.5477125e+002
  5.1127634e+002  1.5809211e+002
  5.1462413e+002  1.6269414e+002
  5.1478940e+002  1.6718602e+002
  5.1861781e+002  1.7378505e+002
  5.1904652e+002  1.8141283e+002
  5.2127323e+002  1.9121145e+002
  5.2160803e+002  2.0173920e+002
  5.2032212e+002  2.1289858e+002
  5.1809733e+002  2.2590000e+002
  5.1514111e+002  2.4161944e+002
  5.0782737e+002  2.5693533e+002
  4.9520665e+002  2.6986704e+002
  4.8651103e+002  2.8747574e+002
  4.7530914e+002  3.0275014e+002
  4.6429553e+002  3.1488658e+002
  4.5515446e+002  3.2223019e+002
  4.5184808e+002  3.3053223e+002
  4.5073300e+002  3.3110521e+002
  4.5250025e+002  3.2877459e+002
  4.5703825e+002  3.2674007e+002
  4.5919960e+002  3.2011370e+002
  4.5980423e+002  3.1039557e+002
  4.5845019e+002  3.0146204e+002
  4.5443226e+002  2.9103100e+002
  4.4609747e+002  2.7934362e+002
  4.3253947e+002  2.6435338e+002
  4.1683016e+002  2.5207351e+002
  3.9988138e+002  2.4304175e+002
  3.8260354e+002  2.3970368e+002
  3.6244728e+002  2.3638525e+002
  3.4393124e+002  2.3860717e+002
  3.2236413e+002  2.4657358e+002
  3.0166799e+002  2.5358234e+002
  2.8419044e+002  2.6199125e+002
  2.6881366e+002  2.7193103e+002
  2.5567119e+002  2.8157680e+002
  2.4626280e+002  2.9072439e+002
  2.3960763e+002  2.9864692e+002
  2.3589725e+002  3.0399045e+002
  2.3508701e+002  3.0828221e+002
  2.3682772e+002  3.1315461e+002
  2.3957985e+002  3.1742072e+002
  2.4331246e+002  3.2162847e+002
  2.4713457e+002  3.2479426e+002
  2.5077603e+002  3.2731053e+002
  2.5505024e+002  3.2873624e+002
  2.5976568e+002  3.2621420e+002
  2.6430275e+002  3.2145646e+002
  2.6802186e+002  3.1641369e+002
  2.7109133e+002  3.1253689e+002
  2.7450750e+002  3.0791003e+002
  2.7796564e+002  3.0443299e+002
  2.8084922e+002  3.0206990e+002
  2.8398040e+002  3.0072862e+002
  2.8695033e+002  2.9899761e+002
  2.9023123e+002  3.0040194e+002
  2.9473007e+002  2.9384118e+002
  2.9759357e+002  2.9951254e+002
  3.0160399e+002  3.0022537e+002
  3.0541384e+002  3.0155031e+002
  3.0807597e+002  3.0376899e+002
  3.0957178e+002  3.0972202e+002
  3.1128571e+002  3.1095684e+002
  3.1337686e+002  3.1039237e+002
  3.1501740e+002  3.1332394e+002
  3.1567260e+002  3.1574754e+002
  3.1594136e+002  3.1682595e+002
  3.1620643e+002  3.1913721e+002
  3.1692572e+002  3.1749215e+002
  3.1691993e+002  3.1757134e+002
  3.1610183e+002  3.1726376e+002
  3.1429773e+002  3.1526151e+002
  3.1105365e+002  3.1272260e+002
  3.0749382e+002  3.1331865e+002
  3.0428125e+002  3.1079637e+002
  3.0123123e+002  3.1021360e+002
  2.9724221e+002  3.1253417e+002
  2.9470432e+002  3.1204317e+002
  2.9084848e+002  3.1638829e+002
  2.8756448e+002  3.1861771e+002
  2.8318563e+002  3.2846513e+002
  2.7871653e+002  3.4136663e+002
  2.7422977e+002  3.5424170e+002
  2.6973902e+002  3.6260930e+002
  2.6504747e+002  3.6962532e+002
  2.6145536e+002  3.7153782e+002
  2.5943239e+002  3.7571619e+002
  2.5853354e+002  3.7733293e+002
  2.5560577e+002  3.7756026e+002
  2.5000131e+002  3.8059921e+002
  2.4544897e+002  3.8045672e+002
  2.4197006e+002  3.8114268e+002
  2.4041303e+002  3.8144683e+002
  2.3924866e+002  3.8217787e+002
  2.3814409e+002  3.8340231e+002
  2.3741766e+002  3.8386984e+002
  2.3620678e+002  3.8529153e+002
  2.3465639e+002  3.8624608e+002
  2.3231862e+002  3.8696661e+002
  2.3037674e+002  3.8841569e+002
  2.2886771e+002  3.8870179e+002
  2.2751473e+002  3.9017510e+002
  2.2669789e+002  3.9070843e+002
  2.2611591e+002  3.9098360e+002
  2.2559232e+002  3.9126361e+002
  2.2483092e+002  3.9183790e+002
  2.2287149e+002  3.9206556e+002
  2.2017926e+002  3.9133657e+002
  2.1727278e+002  3.8750080e+002
  2.1539294e+002  3.8166816e+002
  2.1467518e+002  3.7520500e+002
  2.1436647e+002  3.6810141e+002
  2.1357907e+002  3.6127256e+002
  2.1163867e+002  3.5555699e+002
  2.1143203e+002  3.5270053e+002
  2.1188489e+002  3.5112221e+002
  2.1390990e+002  3.5206198e+002
  2.1582086e+002  3.5232403e+002
  2.1711217e+002  3.5343298e+002
  2.1784294e+002  3.5481647e+002
  2.1826274e+002  3.5476366e+002
  2.1854038e+002  3.5487310e+002
  2.1901703e+002  3.5347256e+002
  2.2049415e+002  3.5067100e+002
  2.2254324e+002  3.4678919e+002
  2.2494548e+002  3.4143019e+002
  2.2717727e+002  3.3373766e+002
  2.3098757e+002  3.2437214e+002
  2.3402345e+002  3.1458935e+002
  2.3678666e+002  3.0426354e+002
  2.4148767e+002  2.9755281e+002
  2.4896758e+002  2.9287469e+002
  2.6082113e+002  2.9073329e+002
  2.7761349e+002  2.8770204e+002
  2.9896793e+002  2.8182799e+002
  3.2351923e+002  2.6981469e+002
  3.4825400e+002  2.5152211e+002
  3.7168314e+002  2.2856977e+002
  3.9191867e+002  2.0319501e+002
  4.1004348e+002  1.7997492e+002
  4.2577186e+002  1.6002985e+002
  4.3926901e+002  1.4487796e+002
  4.5065943e+002  1.3460759e+002
  4.5892672e+002  1.2951933e+002
  4.6270979e+002  1.2797132e+002
  4.6380261e+002  1.2767215e+002
  4.6452598e+002  1.2685970e+002
  4.6499942e+002  1.2658227e+002
  4.6554545e+002  1.2678904e+002
  4.6603430e+002  1.2697965e+002
  4.6637217e+002  1.2820406e+002
  4.6630235e+002  1.2998765e+002
  4.6636940e+002  1.3193194e+002
  4.6593241e+002  1.3407568e+002
  4.6519618e+002  1.3634549e+002
  4.6367605e+002  1.3875818e+002
  4.6062241e+002  1.4121954e+002
  4.5471694e+002  1.4429698e+002
  4.4499645e+002  1.4796690e+002
  4.3128927e+002  1.5225652e+002
  4.1489673e+002  1.5725126e+002
  3.9662829e+002  1.6428536e+002
  3.7835955e+002  1.7354395e+002
  3.5952333e+002  1.8577417e+002
  3.4319625e+002  1.9932734e+002
  3.2718415e+002  2.1488906e+002
  3.1223910e+002  2.3067056e+002
  2.9715390e+002  2.4632548e+002
  2.8282871e+002  2.5955340e+002
  2.7197363e+002  2.7126515e+002
  2.6195267e+002  2.8086077e+002
  2.5489283e+002  2.8904756e+002
  2.5001290e+002  2.9550238e+002
  2.4659245e+002  3.0176541e+002
  2.4434356e+002  3.0765977e+002
  2.4307697e+002  3.1332913e+002
  2.4302125e+002  3.1923705e+002
  2.4383333e+002  3.2539509e+002
  2.4483836e+002  3.3221509e+002
  2.4585056e+002  3.3847883e+002
  2.4687222e+002  3.4358910e+002
  2.4669949e+002  3.4513204e+002
  2.4594989e+002  3.4518750e+002
  2.4438238e+002  3.4379124e+002
  2.4167592e+002  3.4072766e+002
  2.3826765e+002  3.3867374e+002
  2.3416667e+002  3.3760405e+002
  2.2996288e+002  3.3933968e+002
  2.2395323e+002  3.4244313e+002
  2.1939766e+002  3.4895955e+002
  2.1552634e+002  3.5671097e+002
  2.1224170e+002  3.6468220e+002
  2.1012552e+002  3.7057333e+002
  2.0886147e+002  3.7460804e+002
  2.0858787e+002  3.7801541e+002
  2.0911776e+002  3.8092519e+002
  2.0997509e+002  3.8311642e+002
  2.1195598e+002  3.8552149e+002
  2.1357390e+002  3.8678472e+002
  2.1562071e+002  3.8807751e+002
  2.1764096e+002  3.8867428e+002
  2.1859813e+002  3.8891625e+002
  2.1911023e+002  3.8959379e+002
  2.1910817e+002  3.9030982e+002
  2.1907520e+002  3.9091561e+002
  2.1940394e+002  3.9183251e+002
  2.2000646e+002  3.9224099e+002
  2.2073745e+002  3.9333316e+002
  2.2222837e+002  3.9364940e+002
  2.2402642e+002  3.9402388e+002
  2.2567157e+002  3.9398936e+002
  2.2855385e+002  3.9391986e+002
  2.3108178e+002  3.9367845e+002
  2.3395952e+002  3.9397872e+002
  2.3688093e+002  3.9468599e+002
  2.3945947e+002  3.9481737e+002
  2.4099892e+002  3.9510824e+002
  2.4282973e+002  3.9495243e+002
  2.4394033e+002  3.9465956e+002
  2.4533777e+002  3.9451678e+002
  2.4639947e+002  3.9398624e+002
  2.4777595e+002  3.9369068e+002
  2.4821907e+002  3.9329941e+002
  2.4824934e+002  3.9338539e+002
  2.4826257e+002  3.9311699e+002
  2.4780814e+002  3.9312474e+002
  2.4662658e+002  3.9343724e+002
  2.4534571e+002  3.9369561e+002
  2.4460445e+002  3.9389449e+002
  2.4417467e+002  3.9407810e+002
  2.4401101e+002  3.9421342e+002
  2.4419122e+002  3.9416405e+002
  2.4462434e+002  3.9424502e+002
  2.4548142e+002  3.9493312e+002
  2.4692121e+002  3.9489584e+002
  2.4897712e+002  3.9471652e+002
  2.5078492e+002  3.9501564e+002
  2.5285450e+002  3.9493072e+002
  2.5450995e+002  3.9405796e+002
  2.5562139e+002  3.9440578e+002
  2.5647235e+002  3.9449885e+002
  2.5680396e+002  3.9412624e+002
  2.5722177e+002  3.9415899e+002
  2.5746795e+002  3.9421911e+002
  2.5771715e+002  3.9439071e+002
  2.5781381e+002  3.9408295e+002
  2.5771124e+002  3.9428934e+002
  2.5765575e+002  3.9449425e+002
  2.5748816e+002  3.9453264e+002
  2.5729310e+002  3.9474138e+002
  2.5712427e+002  3.9517654e+002
  2.5708834e+002  3.9549830e+002
  2.5715719e+002  3.9544838e+002
  2.5698441e+002  3.9550346e+002
  2.5725541e+002  3.9492870e+002
  2.5759941e+002  3.9390796e+002
  2.5872637e+002  3.9099242e+002
  2.5905230e+002  3.8651667e+002
  2.5888747e+002  3.8051253e+002
  2.5800216e+002  3.7424367e+002
  2.5538015e+002  3.6855098e+002
  2.5215059e+002  3.6397970e+002
  2.5015048e+002  3.6167206e+002
  2.4952673e+002  3.6226006e+002
  2.5132382e+002  3.6222022e+002
  2.5360256e+002  3.6166859e+002
  2.5583519e+002  3.6095798e+002
  2.5768865e+002  3.6009103e+002
  2.5823955e+002  3.5944990e+002
  2.5925468e+002  3.5785357e+002
  2.6057479e+002  3.5604345e+002
  2.6195133e+002  3.5149263e+002
  2.6320534e+002  3.4384507e+002
  2.6481498e+002  3.3481648e+002
  2.6748941e+002  3.2325961e+002
  2.7209859e+002  3.0955095e+002
  2.8046883e+002  2.9714547e+002
  2.9217537e+002  2.8564845e+002
  3.0692668e+002  2.7162916e+002
  3.2436473e+002  2.5590120e+002
  3.4261494e+002  2.3721839e+002
  3.6084395e+002  2.1592890e+002
  3.7979729e+002  1.9384434e+002
  4.0215398e+002  1.7142042e+002
  4.2586118e+002  1.5158676e+002
  4.4790544e+002  1.3653367e+002
  4.6656802e+002  1.2637653e+002
  4.7963665e+002  1.2188493e+002
  4.8659879e+002  1.2197394e+002
  4.8886866e+002  1.2241134e+002
  4.9029308e+002  1.2240655e+002
  4.9170897e+002  1.2305674e+002
  4.9299938e+002  1.2421345e+002
  4.9405875e+002  1.2563375e+002
  4.9493516e+002  1.2718953e+002
  4.9540099e+002  1.2932550e+002
  4.9498896e+002  1.3135377e+002
  4.9275782e+002  1.3390190e+002
  4.8766134e+002  1.3721635e+002
  4.7897423e+002  1.4184035e+002
  4.6688642e+002  1.4765013e+002
  4.5013395e+002  1.5606591e+002
  4.3171950e+002  1.6635500e+002
  4.1124186e+002  1.7989088e+002
  3.9012807e+002  1.9553070e+002
  3.6851830e+002  2.1142334e+002
  3.4977897e+002  2.2880526e+002
  3.3149138e+002  2.4686207e+002
  3.1268760e+002  2.6339746e+002
  2.9536652e+002  2.7518903e+002
  2.8101880e+002  2.8457591e+002
  2.7145776e+002  2.9322091e+002
  2.6437323e+002  3.0041627e+002
  2.5977055e+002  3.0802740e+002
  2.5700212e+002  3.1532037e+002
  2.5504217e+002  3.2256826e+002
  2.5451618e+002  3.2956794e+002
  2.5341197e+002  3.3730055e+002
  2.5231441e+002  3.4198690e+002
  2.5218555e+002  3.4798017e+002
  2.5169687e+002  3.5334710e+002
  2.5175166e+002  3.5541102e+002
  2.5180886e+002  3.5612405e+002
  2.5275526e+002  3.5573782e+002
  2.5347819e+002  3.5400793e+002
  2.5395925e+002  3.5181498e+002
  2.5384628e+002  3.5010503e+002
  2.5358834e+002  3.4777803e+002
  2.5267240e+002  3.4730872e+002
  2.5106565e+002  3.4697046e+002
  2.4951996e+002  3.4799191e+002
  2.4624353e+002  3.4956843e+002
  2.4271178e+002  3.5375849e+002
  2.3961535e+002  3.6012327e+002
  2.3588273e+002  3.6761776e+002
  2.3297114e+002  3.7544300e+002
  2.3059456e+002  3.8304520e+002
  2.2892294e+002  3.8865233e+002
  2.2803761e+002  3.9192655e+002
  2.2834427e+002  3.9400000e+002
  2.2891801e+002  3.9510529e+002
  2.3013438e+002  3.9537079e+002
  2.3185252e+002  3.9599954e+002
  2.3329854e+002  3.9619320e+002
  2.3402345e+002  3.9621811e+002
  2.3443782e+002  3.9635352e+002
  2.3494015e+002  3.9718692e+002
  2.3576606e+002  3.9753982e+002
  2.3672727e+002  3.9761596e+002
  2.3790874e+002  3.9837457e+002
  2.3901304e+002  3.9832725e+002
  2.3996043e+002  3.9824087e+002
  2.4084563e+002  3.9877099e+002
  2.4116256e+002  3.9832640e+002
  2.4125708e+002  3.9839281e+002
  2.4133626e+002  3.9869975e+002
  2.4150794e+002  3.9855978e+002
  2.4117900e+002  3.9840859e+002
  2.4030733e+002  3.9850879e+002
  2.3952224e+002  3.9848118e+002
  2.3846352e+002  3.9841116e+002
  2.3792111e+002  3.9831855e+002
  2.3710873e+002  3.9818322e+002
  2.3699617e+002  3.9820366e+002
  2.3675425e+002  3.9792815e+002
  2.3686901e+002  3.9791524e+002
  2.3710719e+002  3.9792854e+002
  2.3790833e+002  3.9819458e+002
  2.3881722e+002  3.9754114e+002
  2.3957464e+002  3.9726655e+002
  2.4055898e+002  3.9686774e+002
  2.4207907e+002  3.9679287e+002
  2.4360410e+002  3.9513226e+002
  2.4483895e+002  3.9332964e+002
  2.4686921e+002  3.9177708e+002
  2.4942586e+002  3.8899384e+002
  2.5177157e+002  3.8584020e+002
  2.5475101e+002  3.8208722e+002
  2.5769804e+002  3.7798242e+002
  2.5988907e+002  3.7383599e+002
  2.6158672e+002  3.7142077e+002
  2.6241272e+002  3.6878249e+002
  2.6288870e+002  3.6637154e+002
  2.6300841e+002  3.6559361e+002
  2.6310889e+002  3.6440650e+002
  2.6328694e+002  3.6428351e+002
  2.6327007e+002  3.6441743e+002
  2.6337688e+002  3.6488092e+002
  2.6357817e+002  3.6534690e+002
  2.6382965e+002  3.6578960e+002
  2.6401017e+002  3.6600598e+002
  2.6406853e+002  3.6693087e+002
  2.6426615e+002  3.6755957e+002
  2.6417208e+002  3.6793201e+002
  2.6414473e+002  3.6913222e+002
  2.6381183e+002  3.7127718e+002
  2.6335521e+002  3.7476219e+002
  2.6262161e+002  3.8018588e+002
  2.6130783e+002  3.8603621e+002
  2.5996756e+002  3.9123881e+002
  2.5904385e+002  3.9530164e+002
  2.5897141e+002  3.9686677e+002
  2.5912275e+002  3.9753343e+002
  2.5954382e+002  3.9732048e+002
  2.6008206e+002  3.9663354e+002
  2.6033900e+002  3.9526993e+002
  2.6079678e+002  3.9387399e+002
  2.6126862e+002  3.9107939e+002
  2.6229468e+002  3.8574149e+002
  2.6253337e+002  3.7827238e+002
  2.6138788e+002  3.6986212e+002
  2.5931604e+002  3.6367820e+002
  2.5539730e+002  3.5863297e+002
  2.5219140e+002  3.5645272e+002
  2.4977785e+002  3.5597079e+002
  2.4936369e+002  3.5852384e+002
  2.5124073e+002  3.6157511e+002
  2.5351243e+002  3.6473681e+002
  2.5670588e+002  3.6548134e+002
  2.5908760e+002  3.6383086e+002
  2.5984455e+002  3.6046357e+002
  2.6117923e+002  3.5466999e+002
  2.6411160e+002  3.4432890e+002
  2.6950548e+002  3.3025978e+002
  2.7802202e+002  3.1451482e+002
  2.9052523e+002  3.0161712e+002
  3.0734332e+002  2.9132607e+002
  3.2656764e+002  2.7974589e+002
  3.4812651e+002  2.6598193e+002
  3.7008766e+002  2.4881818e+002
  3.9175051e+002  2.2733881e+002
  4.1078435e+002  2.0318130e+002
  4.2823342e+002  1.7993626e+002
  4.4681032e+002  1.5809636e+002
  4.6483071e+002  1.4092803e+002
  4.8200808e+002  1.2873321e+002
  4.9675091e+002  1.2404303e+002
  5.0569362e+002  1.2609848e+002
  5.0932097e+002  1.3013799e+002
  5.1084412e+002  1.3213617e+002
  5.1210834e+002  1.3390349e+002
  5.1281887e+002  1.3581950e+002
  5.1335558e+002  1.3671179e+002
  5.1329441e+002  1.3764909e+002
  5.1315716e+002  1.3870722e+002
  5.1273388e+002  1.4003919e+002
  5.1239224e+002  1.4034774e+002
  5.1251182e+002  1.4045112e+002
  5.1197342e+002  1.4084684e+002
  5.1149075e+002  1.4081876e+002
  5.1074632e+002  1.4053107e+002
  5.0944825e+002  1.3967556e+002
  5.0670671e+002  1.3837316e+002
  5.0136245e+002  1.3683767e+002
  4.9259691e+002  1.3613393e+002
  4.8021591e+002  1.3719251e+002
  4.6390847e+002  1.4142644e+002
  4.4532194e+002  1.4817379e+002
  4.2532853e+002  1.5844765e+002
  4.0510671e+002  1.7175505e+002
  3.8660827e+002  1.8693838e+002
  3.6911445e+002  2.0342495e+002
  3.5402260e+002  2.2183522e+002
  3.3852170e+002  2.4121607e+002
  3.2074417e+002  2.6003188e+002
  3.0433188e+002  2.7465723e+002
  2.8957842e+002  2.8558646e+002
  2.7824167e+002  2.9619399e+002
  2.7033443e+002  3.0641176e+002
  2.6565815e+002  3.1598494e+002
  2.6249640e+002  3.2546693e+002
  2.6079879e+002  3.3403957e+002
  2.5967300e+002  3.4145794e+002
  2.5934910e+002  3.4714324e+002
  2.5954845e+002  3.5055834e+002
  2.5989096e+002  3.5271969e+002
  2.5981254e+002  3.5417103e+002
  2.5946108e+002  3.5500295e+002
  2.5915831e+002  3.5485080e+002
  2.5870348e+002  3.5384925e+002
  2.5891625e+002  3.5172727e+002
  2.5929146e+002  3.4993747e+002
  2.6033552e+002  3.4878852e+002
  2.6106112e+002  3.4790198e+002
  2.6183808e+002  3.4841743e+002
  2.6242481e+002  3.5026745e+002
  2.6227967e+002  3.5348184e+002
  2.6177365e+002  3.5884997e+002
  2.6119531e+002  3.6404531e+002
  2.5994316e+002  3.6990579e+002
  2.5811439e+002  3.7552797e+002
  2.5625873e+002  3.8022481e+002
  2.5468527e+002  3.8462532e+002
  2.5319635e+002  3.8745365e+002
  2.5242103e+002  3.8918842e+002
  2.5228919e+002  3.8944077e+002
  2.5247490e+002  3.8923065e+002
  2.5328042e+002  3.8903651e+002
  2.5422869e+002  3.8823716e+002
  2.5586751e+002  3.8813460e+002
  2.5742446e+002  3.8769838e+002
  2.5936889e+002  3.8706296e+002
  2.6147387e+002  3.8651537e+002
  2.6423436e+002  3.8624359e+002
  2.6660639e+002  3.8613859e+002
  2.6884941e+002  3.8599183e+002
  2.7027385e+002  3.8546106e+002
  2.7172898e+002  3.8524648e+002
  2.7281045e+002  3.8567777e+002
  2.7361658e+002  3.8592462e+002
  2.7418457e+002  3.8549571e+002
  2.7430905e+002  3.8502714e+002
  2.7453310e+002  3.8530162e+002
  2.7441712e+002  3.8487531e+002
  2.7442560e+002  3.8480000e+002
  2.7412886e+002  3.8484990e+002
  2.7431688e+002  3.8482100e+002
  2.7433605e+002  3.8449976e+002
  2.7484667e+002  3.8475988e+002
  2.7591298e+002  3.8402663e+002
  2.7702195e+002  3.8361610e+002
  2.7918702e+002  3.8274423e+002
  2.8158209e+002  3.8129803e+002
  2.8433846e+002  3.7934038e+002
  2.8694587e+002  3.7790354e+002
  2.9007417e+002  3.7564934e+002
  2.9206300e+002  3.7460600e+002
  2.9414794e+002  3.7324403e+002
  2.9544553e+002  3.7199690e+002
  2.9590166e+002  3.7097242e+002
  2.9615282e+002  3.7070718e+002
  2.9618656e+002  3.7017933e+002
  2.9566596e+002  3.6851992e+002
  2.9546811e+002  3.6848486e+002
  2.9480600e+002  3.6874973e+002
  2.9348540e+002  3.6866722e+002
  2.9130636e+002  3.6905804e+002
  2.8875545e+002  3.7025775e+002
  2.8538023e+002  3.7097442e+002
  2.8184273e+002  3.7258338e+002
  2.7785647e+002  3.7329412e+002
  2.7417247e+002  3.7482230e+002
  2.7064768e+002  3.7641980e+002
  2.6699567e+002  3.7769984e+002
  2.6331966e+002  3.7988652e+002
  2.6010604e+002  3.8175038e+002
  2.5669750e+002  3.8326300e+002
  2.5386043e+002  3.8457229e+002
  2.5078779e+002  3.8582373e+002
  2.4851179e+002  3.8740521e+002
  2.4714788e+002  3.8845730e+002
  2.4655291e+002  3.8902981e+002
  2.4653888e+002  3.8939332e+002
  2.4761016e+002  3.8973229e+002
  2.4995291e+002  3.8798883e+002
  2.5334545e+002  3.8353004e+002
  2.5800675e+002  3.7675687e+002
  2.6044319e+002  3.6837806e+002
  2.6358360e+002  3.6014331e+002
  2.6346182e+002  3.5498012e+002
  2.6223118e+002  3.5313514e+002
  2.6137817e+002  3.5235332e+002
  2.6268642e+002  3.5361795e+002
  2.6491265e+002  3.5636506e+002
  2.6865879e+002  3.5934000e+002
  2.7194499e+002  3.6140544e+002
  2.7483690e+002  3.6282712e+002
  2.7687765e+002  3.6241760e+002
  2.7847676e+002  3.5924303e+002
  2.8044408e+002  3.5290658e+002
  2.8391749e+002  3.4274653e+002
  2.8827797e+002  3.2835233e+002
  2.9545434e+002  3.1075902e+002
  3.0910799e+002  2.9514973e+002
  3.2997631e+002  2.7991040e+002
  3.5408902e+002  2.6198844e+002
  3.7894254e+002  2.4128619e+002
  4.0072596e+002  2.2006205e+002
  4.2212428e+002  1.9817017e+002
  4.4325044e+002  1.7764210e+002
  4.6524363e+002  1.5960828e+002
  4.8595869e+002  1.4578704e+002
  5.0502082e+002  1.3703089e+002
  5.1941517e+002  1.3443316e+002
  5.2726721e+002  1.3593051e+002
  5.2943706e+002  1.3754952e+002
  5.2958285e+002  1.3790188e+002
  5.2953871e+002  1.3828432e+002
  5.2995399e+002  1.3897991e+002
  5.2995567e+002  1.3978096e+002
  5.2940349e+002  1.4038541e+002
  5.2757591e+002  1.4077386e+002
  5.2389160e+002  1.4110135e+002
  5.2133186e+002  1.4102971e+002
  5.2037508e+002  1.4067362e+002
  5.1368398e+002  1.4053768e+002
  5.0316847e+002  1.4181940e+002
  4.8909299e+002  1.4463916e+002
  4.7190463e+002  1.5006199e+002
  4.5316090e+002  1.5753564e+002
  4.3406809e+002  1.6739220e+002
  4.1491155e+002  1.8001974e+002
  3.9638473e+002  1.9524427e+002
  3.7991585e+002  2.1121650e+002
  3.6381570e+002  2.2809091e+002
  3.4672904e+002  2.4470533e+002
  3.3008326e+002  2.6008656e+002
  3.1253442e+002  2.7106813e+002
  2.9772393e+002  2.7889967e+002
  2.8735239e+002  2.8400399e+002
  2.8148989e+002  2.8955054e+002
  2.7833468e+002  2.9541768e+002
  2.7758442e+002  3.0333312e+002
  2.7764579e+002  3.1067407e+002
  2.7798422e+002  3.1778532e+002
  2.7906342e+002  3.2541923e+002
  2.7964210e+002  3.3053320e+002
  2.8054349e+002  3.3427077e+002
  2.8116133e+002  3.3707490e+002
  2.8185473e+002  3.3853891e+002
  2.8223995e+002  3.3960176e+002
  2.8252269e+002  3.4044223e+002
  2.8260231e+002  3.4084971e+002
  2.8274692e+002  3.4121165e+002
  2.8298023e+002  3.4000549e+002
  2.8351979e+002  3.3950374e+002
  2.8381818e+002  3.3883299e+002
  2.8410281e+002  3.3665575e+002
  2.8440955e+002  3.3517581e+002
